0 0.7393790849673203 0.7174447174447174 0.07679738562091509 0.23095823095823087
0 0.7949346405228759 0.7162162162162162 0.0539215686274509 0.22850122850122845
0 0.7091503267973855 0.4434889434889435 0.08823529411764708 0.1793611793611794
0 0.6323529411764706 0.4828009828009828 0.07843137254901955 0.15970515970515975
0 0.7205882352941176 0.25675675675675674 0.06209150326797386 0.1253071253071253
0 0.5759803921568627 0.07862407862407862 0.07026143790849682 0.11793611793611794
0 0.7140522875816994 0.11302211302211303 0.065359477124183 0.1326781326781327
0 0.7892156862745099 0.17567567567567566 0.07843137254901966 0.14496314496314497
0 0.6462418300653595 0.9017199017199018 0.11928104575163401 0.14742014742014742
0 0.8120915032679739 0.4041769041769042 0.07189542483660127 0.16461916461916465
0 0.6013071895424836 0.7027027027027027 0.11111111111111116 0.20147420147420148
0 0.2246732026143791 0.7211302211302211 0.10947712418300654 0.16953316953316955
0 0.494281045751634 0.581081081081081 0.08333333333333331 0.2088452088452088
0 0.5196078431372549 0.39312039312039315 0.08496732026143788 0.17199017199017202
0 0.3888888888888889 0.38943488943488946 0.10457516339869277 0.199017199017199
0 0.07924836601307189 0.6240786240786241 0.08986928104575163 0.20147420147420148
0 0.9754901960784313 0.8267813267813268 0.0490196078431373 0.18918918918918926
0 0.9607843137254901 0.6339066339066339 0.07843137254901966 0.17690417690417692
0 0.31781045751633985 0.2530712530712531 0.07026143790849676 0.12776412776412777
0 0.22058823529411764 0.5601965601965602 0.10130718954248363 0.14250614250614246
0 0.1895424836601307 0.43243243243243246 0.08169934640522875 0.13267813267813272
0 0.0988562091503268 0.17076167076167076 0.08660130718954248 0.1498771498771499
0 0.3897058823529412 0.6400491400491402 0.09640522875816993 0.14004914004914004
0 0.16094771241830064 0.09213759213759214 0.06045751633986926 0.13022113022113022
0 0.04820261437908497 0.41277641277641275 0.08006535947712419 0.15233415233415232
