0 0.7998366013071896 0.2769607843137255 0.11601307189542476 0.18137254901960786
0 0.5236928104575164 0.4019607843137255 0.10947712418300659 0.18627450980392157
0 0.10049019607843138 0.8737745098039216 0.1062091503267974 0.25245098039215685
0 0.41013071895424835 0.883578431372549 0.13725490196078433 0.15931372549019607
0 0.13398692810457516 0.28431372549019607 0.065359477124183 0.2107843137254902
0 0.5694444444444444 0.28921568627450983 0.1029411764705882 0.16176470588235295
0 0.661764705882353 0.8970588235294118 0.1568627450980392 0.19117647058823528
0 0.8651960784313726 0.12254901960784315 0.1029411764705882 0.14215686274509803
0 0.5996732026143792 0.12990196078431374 0.0980392156862745 0.19117647058823528
0 0.43790849673202614 0.15073529411764708 0.09477124183006536 0.22303921568627452
0 0.35049019607843135 0.3137254901960784 0.10294117647058826 0.25
0 0.35947712418300654 0.1360294117647059 0.06209150326797386 0.13480392156862744
0 0.2450980392156863 0.8799019607843137 0.15686274509803924 0.21568627450980393
