0 0.9550653594771241 0.4693627450980392 0.08986928104575165 0.22794117647058826
0 0.48284313725490197 0.3909313725490196 0.09313725490196079 0.1740196078431373
0 0.6838235294117647 0.03676470588235294 0.10947712418300659 0.06862745098039215
0 0.7459150326797386 0.0625 0.040849673202614456 0.11029411764705882
0 0.9411764705882353 0.8051470588235294 0.11764705882352944 0.29656862745098045
0 0.9044117647058824 0.383578431372549 0.09967320261437917 0.1936274509803922
0 0.10130718954248366 0.42647058823529416 0.12418300653594772 0.20098039215686275
0 0.16094771241830066 0.1213235294117647 0.09640522875816994 0.17892156862745098
0 0.5702614379084967 0.3529411764705882 0.0816993464052288 0.16666666666666669
0 0.49346405228758167 0.2218137254901961 0.0980392156862745 0.16911764705882354
0 0.3790849673202614 0.303921568627451 0.08169934640522875 0.14215686274509803
0 0.1437908496732026 0.3125 0.11764705882352941 0.19362745098039214
0 0.2361111111111111 0.6666666666666666 0.13888888888888892 0.2549019607843137
0 0.2875816993464052 0.09558823529411764 0.0784313725490196 0.09313725490196079
0 0.4934640522875817 0.7009803921568627 0.1143790849673203 0.23529411764705876
0 0.3357843137254902 0.6286764705882353 0.08660130718954245 0.178921568627451
0 0.8161764705882353 0.8517156862745098 0.15522875816993464 0.24264705882352944
0 0.7875816993464053 0.16176470588235295 0.08496732026143794 0.1764705882352941
0 0.9542483660130718 0.0625 0.06535947712418311 0.12009803921568626
0 0.553921568627451 0.12009803921568628 0.0816993464052288 0.12745098039215688
0 0.04901960784313726 0.12745098039215685 0.0784313725490196 0.16176470588235295
0 0.25653594771241833 0.2071078431372549 0.09803921568627452 0.14460784313725492
