0 0.06851851851851852 0.5479166666666666 0.01666666666666667 0.03194444444444444
0 0.2675925925925926 0.5361111111111111 0.011111111111111127 0.016666666666666607
0 0.46435185185185185 0.5180555555555555 0.012037037037037068 0.019444444444444486
0 0.5106481481481482 0.5416666666666667 0.012037037037037068 0.019444444444444486
0 0.5643518518518518 0.5229166666666667 0.010185185185185186 0.018055555555555602
0 0.6013888888888889 0.5333333333333333 0.012037037037037068 0.01388888888888884
0 0.5902777777777778 0.5243055555555556 0.012037037037037068 0.018055555555555602
0 0.6157407407407407 0.5381944444444444 0.007407407407407418 0.012499999999999956
0 0.6592592592592592 0.5701388888888889 0.012962962962962954 0.015277777777777724
0 0.7106481481481481 0.5479166666666666 0.01388888888888884 0.018055555555555602
0 0.7333333333333334 0.5569444444444445 0.011111111111111183 0.01388888888888884
0 0.8712962962962962 0.5291666666666666 0.02592592592592602 0.030555555555555558
0 0.18425925925925926 0.50625 0.014814814814814836 0.01805555555555549
0 0.20231481481481484 0.4902777777777778 0.01574074074074075 0.01944444444444443
0 0.4467592592592593 0.5347222222222222 0.00833333333333336 0.019444444444444375
0 0.6546296296296297 0.5388888888888889 0.007407407407407418 0.011111111111111072
0 0.6666666666666667 0.5333333333333333 0.007407407407407418 0.011111111111111072
0 0.6694444444444445 0.5402777777777777 0.005555555555555647 0.011111111111111072
0 0.7523148148148149 0.5451388888888888 0.010185185185185186 0.012500000000000067
