0 0.11356209150326797 0.125 0.1454248366013072 0.22549019607843135
0 0.2638888888888889 0.21323529411764705 0.17156862745098037 0.25980392156862747
0 0.39950980392156865 0.18995098039215685 0.0408496732026144 0.10539215686274508
0 0.5571895424836601 0.2622549019607843 0.05228758169934644 0.10784313725490194
0 0.6462418300653594 0.26715686274509803 0.02777777777777779 0.07843137254901963
0 0.6911764705882353 0.17401960784313725 0.065359477124183 0.12745098039215685
0 0.8316993464052287 0.24877450980392157 0.10784313725490191 0.1642156862745098
0 0.9133986928104576 0.3247549019607843 0.10457516339869277 0.1642156862745098
0 0.49836601307189543 0.24509803921568626 0.03921568627450983 0.08333333333333331
0 0.6094771241830066 0.25 0.03594771241830064 0.10784313725490194
