0 0.6952614379084967 0.49081632653061225 0.06045751633986929 0.07551020408163267
0 0.37336601307189543 0.4806122448979592 0.06372549019607843 0.07551020408163267
0 0.6209150326797386 0.4826530612244898 0.05882352941176472 0.07959183673469394
0 0.375 0.3469387755102041 0.05065359477124187 0.0653061224489796
0 0.5735294117647058 0.3397959183673469 0.04901960784313719 0.06734693877551018
0 0.2924836601307189 0.4408163265306122 0.07516339869281047 0.08979591836734696
0 0.45424836601307195 0.44387755102040816 0.13071895424836605 0.16530612244897958
0 0.7647058823529411 0.4744897959183674 0.07189542483660138 0.09591836734693882
0 0.5245098039215685 0.3622448979591837 0.042483660130718914 0.055102040816326525
0 0.22303921568627452 0.563265306122449 0.07679738562091504 0.0897959183673469
0 0.630718954248366 0.3510204081632653 0.05228758169934644 0.06122448979591838
0 0.5563725490196079 0.5285714285714286 0.07352941176470584 0.0897959183673469
