0 0.08842592592592594 0.5694444444444444 0.03425925925925925 0.04166666666666663
0 0.1685185185185185 0.5930555555555556 0.029629629629629617 0.04444444444444451
0 0.5287037037037037 0.5638888888888889 0.011111111111111072 0.022222222222222143
0 0.575 0.5694444444444444 0.007407407407407418 0.01388888888888884
0 0.5939814814814814 0.5652777777777778 0.008333333333333304 0.008333333333333304
0 0.625 0.5652777777777778 0.0092592592592593 0.008333333333333304
0 0.6375 0.5638888888888889 0.008333333333333415 0.01388888888888884
0 0.6425925925925926 0.5701388888888889 0.0092592592592593 0.009722222222222188
0 0.6611111111111112 0.56875 0.007407407407407418 0.00694444444444442
0 0.6726851851851852 0.5708333333333333 0.00462962962962965 0.008333333333333304
