0 0.3662037037037037 0.5458333333333334 0.008333333333333304 0.019444444444444486
0 0.4180555555555555 0.5326388888888889 0.012037037037037013 0.02083333333333326
0 0.44166666666666665 0.55 0.009259259259259245 0.01666666666666672
0 0.3925925925925926 0.5041666666666667 0.0314814814814815 0.022222222222222143
0 0.4550925925925926 0.5416666666666667 0.006481481481481477 0.011111111111111183
0 0.4800925925925926 0.5506944444444444 0.004629629629629595 0.009722222222222299
0 0.4981481481481481 0.5506944444444445 0.005555555555555536 0.004166666666666652
0 0.5101851851851852 0.5493055555555556 0.0037037037037037646 0.004166666666666652
0 0.5199074074074074 0.5520833333333334 0.002777777777777768 0.00694444444444442
0 0.3282407407407407 0.5541666666666667 0.004629629629629595 0.01666666666666672
0 0.021296296296296296 0.5270833333333333 0.011111111111111113 0.015277777777777724
