0 0.7712418300653595 0.503448275862069 0.06209150326797386 0.08735632183908049
0 0.559640522875817 0.4747126436781609 0.044117647058823595 0.06206896551724145
0 0.4354575163398693 0.4666666666666667 0.06372549019607843 0.08735632183908049
0 0.6062091503267975 0.39080459770114945 0.05228758169934633 0.0735632183908046
0 0.41503267973856206 0.3735632183908046 0.04248366013071897 0.06206896551724139
0 0.6683006535947713 0.4379310344827586 0.05228758169934633 0.07586206896551723
0 0.5694444444444444 0.5298850574712644 0.05065359477124187 0.07126436781609197
0 0.5261437908496732 0.3931034482758621 0.05228758169934644 0.0735632183908046
0 0.8186274509803921 0.4517241379310345 0.05228758169934644 0.07126436781609197
0 0.2998366013071896 0.3793103448275862 0.07679738562091504 0.10574712643678158
0 0.35130718954248363 0.34827586206896555 0.04575163398692811 0.06206896551724134
0 0.46977124183006536 0.3724137931034483 0.05392156862745101 0.0735632183908046
