0 0.42824074074074076 0.63125 0.010185185185185186 0.00694444444444442
0 0.46759259259259256 0.6263888888888889 0.011111111111111127 0.016666666666666607
0 0.48518518518518516 0.6069444444444445 0.011111111111111127 0.019444444444444486
0 0.5222222222222221 0.6138888888888889 0.007407407407407418 0.011111111111111183
0 0.5657407407407408 0.6 0.0092592592592593 0.01388888888888884
0 0.5847222222222221 0.6090277777777777 0.0064814814814814214 0.006944444444444531
0 0.5981481481481481 0.60625 0.0037037037037036535 0.004166666666666652
0 0.6064814814814814 0.6034722222222222 0.0037037037037036535 0.00694444444444442
0 0.6143518518518518 0.6 0.00462962962962965 0.005555555555555536
0 0.624537037037037 0.6027777777777777 0.002777777777777768 0.005555555555555536
