0 0.43703703703703706 0.64375 0.007407407407407418 0.012500000000000067
0 0.46435185185185185 0.6430555555555555 0.00462962962962965 0.005555555555555647
0 0.5337962962962963 0.6416666666666666 0.00462962962962965 0.008333333333333415
0 0.5162037037037037 0.6444444444444444 0.00462962962962965 0.008333333333333415
0 0.5018518518518519 0.6354166666666666 0.005555555555555591 0.004166666666666652
0 0.4842592592592593 0.63125 0.005555555555555591 0.012499999999999956
0 0.5287037037037037 0.6430555555555555 0.0018518518518518823 0.005555555555555647
0 0.5115740740740741 0.6465277777777778 0.002777777777777768 0.00694444444444442
0 0.47175925925925927 0.6347222222222222 0.002777777777777768 0.005555555555555536
0 0.47870370370370374 0.6409722222222223 0.003703703703703709 0.006944444444444531
