0 0.5143518518518518 0.5027777777777778 0.026851851851851904 0.030555555555555614
0 0.4337962962962963 0.5444444444444445 0.010185185185185186 0.01388888888888895
0 0.39722222222222225 0.538888888888889 0.011111111111111127 0.01666666666666672
0 0.36898148148148147 0.5361111111111111 0.00462962962962965 0.008333333333333304
0 0.3800925925925926 0.5368055555555555 0.002777777777777768 0.001388888888888884
0 0.35277777777777775 0.5361111111111111 0.0018518518518518268 0.005555555555555536
0 0.350462962962963 0.5388888888888889 0.002777777777777768 0.002777777777777768
0 0.3902777777777778 0.5354166666666667 0.0009259259259258856 0.004166666666666652
0 0.9731481481481481 0.5555555555555556 0.012962962962962954 0.025000000000000022
0 0.6208333333333333 0.5340277777777778 0.008333333333333304 0.023611111111111027
0 0.5421296296296296 0.5097222222222222 0.015740740740740833 0.030555555555555558
