0 0.11527777777777778 0.5055555555555555 0.02870370370370369 0.04722222222222222
0 0.034722222222222224 0.5395833333333333 0.0212962962962963 0.03749999999999998
0 0.15046296296296297 0.5423611111111111 0.01203703703703704 0.018055555555555602
0 0.9199074074074074 0.55 0.028703703703703676 0.033333333333333326
0 0.5597222222222222 0.5277777777777778 0.012037037037037068 0.019444444444444375
0 0.6226851851851851 0.5333333333333333 0.012037037037036957 0.019444444444444375
0 0.6 0.5416666666666667 0.0092592592592593 0.019444444444444486
0 0.5861111111111111 0.5333333333333333 0.011111111111111072 0.01388888888888884
0 0.44814814814814813 0.5347222222222222 0.007407407407407418 0.019444444444444375
0 0.4717592592592592 0.5402777777777779 0.006481481481481477 0.01666666666666672
0 0.6611111111111112 0.5354166666666667 0.007407407407407418 0.012499999999999956
0 0.6810185185185185 0.5340277777777778 0.008333333333333415 0.015277777777777724
0 0.2162037037037037 0.5395833333333333 0.013888888888888895 0.023611111111111138
