0 0.8166666666666667 0.40902777777777777 0.09259259259259256 0.14305555555555555
0 0.9148148148148147 0.5451388888888888 0.059259259259259234 0.08472222222222225
0 0.2953703703703704 0.5506944444444444 0.029629629629629617 0.03749999999999998
0 0.35 0.5770833333333334 0.018518518518518545 0.03194444444444444
0 0.6680555555555556 0.5638888888888889 0.01388888888888895 0.01388888888888884
0 0.6444444444444444 0.5597222222222222 0.007407407407407418 0.019444444444444375
0 0.5851851851851853 0.5486111111111112 0.011111111111111183 0.019444444444444486
0 0.562037037037037 0.5486111111111112 0.011111111111111072 0.019444444444444486
0 0.47777777777777775 0.5548611111111111 0.007407407407407363 0.012499999999999956
0 0.0060185185185185185 0.5770833333333334 0.012037037037037037 0.012500000000000067
0 0.04212962962962963 0.5722222222222222 0.013888888888888888 0.019444444444444486
0 0.4087962962962963 0.5645833333333333 0.006481481481481477 0.012499999999999956
0 0.4638888888888889 0.5631944444444444 0.007407407407407418 0.012499999999999956
0 0.4384259259259259 0.5652777777777778 0.006481481481481477 0.008333333333333304
