0 0.3032407407407407 0.5659722222222222 0.006481481481481477 0.012499999999999956
0 0.31851851851851853 0.5576388888888889 0.009259259259259245 0.012499999999999956
0 0.5189814814814815 0.5666666666666667 0.0064814814814815325 0.008333333333333304
0 0.5287037037037037 0.5597222222222222 0.0037037037037036535 0.005555555555555536
0 0.475 0.5645833333333333 0.003703703703703709 0.00694444444444442
0 0.29953703703703705 0.5347222222222222 0.00462962962962965 0.008333333333333304
0 0.45972222222222225 0.5708333333333333 0.004629629629629595 0.008333333333333304
0 0.5046296296296297 0.5652777777777778 0.0037037037037037646 0.005555555555555536
0 0.5138888888888888 0.5618055555555556 0.0037037037037036535 0.00694444444444442
0 0.5453703703703704 0.5638888888888889 0.0037037037037037646 0.008333333333333304
