0 0.7314814814814814 0.6361111111111111 0.024074074074074026 0.0444444444444444
0 0.7814814814814814 0.6243055555555556 0.02777777777777779 0.03750000000000009
0 0.5865740740740741 0.5930555555555556 0.045370370370370394 0.07222222222222219
0 0.2740740740740741 0.7124999999999999 0.040740740740740744 0.09999999999999998
0 0.21712962962962962 0.7256944444444444 0.04722222222222222 0.0625
0 0.45046296296296295 0.6194444444444445 0.013888888888888895 0.030555555555555558
0 0.1361111111111111 0.6305555555555555 0.024074074074074067 0.030555555555555558
0 0.1138888888888889 0.6118055555555555 0.011111111111111113 0.02083333333333337
0 0.1652777777777778 0.6055555555555556 0.008333333333333331 0.011111111111111183
0 0.20601851851851852 0.6041666666666666 0.006481481481481477 0.008333333333333304
0 0.25416666666666665 0.6090277777777777 0.00833333333333336 0.009722222222222299
0 0.27083333333333337 0.6020833333333333 0.006481481481481477 0.012499999999999956
0 0.26388888888888884 0.60625 0.003703703703703709 0.009722222222222299
0 0.2875 0.6069444444444445 0.006481481481481477 0.005555555555555647
