0 0.48518518518518516 0.5659722222222222 0.005555555555555591 0.00694444444444442
0 0.4472222222222222 0.5666666666666667 0.005555555555555591 0.011111111111111072
0 0.4203703703703704 0.5638888888888889 0.007407407407407363 0.011111111111111072
0 0.4027777777777778 0.5611111111111111 0.005555555555555536 0.008333333333333304
0 0.5773148148148148 0.575 0.010185185185185186 0.01388888888888895
0 0.9902777777777778 0.5486111111111112 0.017592592592592604 0.022222222222222254
0 0.3462962962962963 0.58125 0.007407407407407363 0.012500000000000067
0 0.29166666666666663 0.5652777777777778 0.009259259259259245 0.01388888888888884
0 0.30046296296296293 0.5638888888888889 0.0027777777777778234 0.008333333333333304
0 0.3203703703703704 0.5666666666666667 0.003703703703703709 0.008333333333333304
0 0.18842592592592594 0.575 0.008333333333333331 0.008333333333333415
0 0.27685185185185185 0.56875 0.007407407407407418 0.009722222222222188
0 0.21574074074074073 0.5638888888888889 0.003703703703703709 0.005555555555555536
