0 0.27175925925925926 0.65 0.012037037037037068 0.016666666666666607
0 0.2833333333333333 0.6479166666666667 0.011111111111111072 0.02083333333333337
0 0.2944444444444444 0.6333333333333333 0.011111111111111127 0.019444444444444486
0 0.30694444444444446 0.6312500000000001 0.01944444444444443 0.023611111111111138
0 0.3574074074074074 0.6263888888888889 0.01851851851851849 0.030555555555555558
0 0.37962962962962965 0.6347222222222222 0.011111111111111127 0.01666666666666672
0 0.3912037037037037 0.6333333333333333 0.00833333333333336 0.011111111111111072
0 0.4064814814814815 0.6201388888888889 0.007407407407407418 0.012499999999999956
0 0.4175925925925926 0.6291666666666667 0.018518518518518545 0.022222222222222143
0 0.4990740740740741 0.6145833333333334 0.035185185185185264 0.06805555555555554
0 0.5467592592592593 0.6236111111111111 0.037962962962962976 0.05277777777777781
0 0.6166666666666667 0.5930555555555556 0.033333333333333326 0.036111111111111205
0 0.6898148148148149 0.5902777777777778 0.02962962962962956 0.047222222222222276
0 0.725 0.5673611111111112 0.031481481481481444 0.040277777777777746
0 0.7902777777777779 0.5798611111111112 0.025000000000000022 0.03749999999999998
0 0.8412037037037037 0.5631944444444444 0.028703703703703676 0.043055555555555625
0 0.900462962962963 0.5680555555555555 0.0527777777777777 0.08055555555555549
0 0.9810185185185185 0.5354166666666667 0.019444444444444375 0.023611111111111138
