0 0.3305555555555556 0.6090277777777777 0.016666666666666663 0.026388888888888906
0 0.3657407407407407 0.6069444444444445 0.009259259259259245 0.011111111111111183
0 0.3837962962962963 0.5895833333333333 0.012037037037037068 0.01805555555555549
0 0.4115740740740741 0.6055555555555556 0.00833333333333336 0.011111111111111183
0 0.4217592592592593 0.6048611111111111 0.006481481481481477 0.009722222222222299
0 0.4412037037037037 0.6090277777777777 0.010185185185185186 0.018055555555555602
0 0.4634259259259259 0.5951388888888889 0.006481481481481477 0.012499999999999956
0 0.4907407407407407 0.5854166666666667 0.011111111111111127 0.009722222222222188
0 0.35416666666666663 0.6097222222222223 0.006481481481481477 0.011111111111111183
0 0.3134259259259259 0.6055555555555556 0.006481481481481477 0.008333333333333415
0 0.5037037037037038 0.5861111111111111 0.011111111111111127 0.01388888888888884
