0 0.8092592592592592 0.6173611111111111 0.031481481481481444 0.04861111111111116
0 0.6263888888888889 0.5902777777777777 0.02129629629629637 0.036111111111111094
0 0.5199074074074075 0.6069444444444445 0.015740740740740722 0.030555555555555558
0 0.42453703703703705 0.6083333333333334 0.01944444444444443 0.033333333333333326
0 0.2222222222222222 0.5958333333333333 0.009259259259259273 0.01388888888888884
0 0.2050925925925926 0.6069444444444445 0.008333333333333331 0.01388888888888895
0 0.17083333333333334 0.6180555555555556 0.006481481481481477 0.008333333333333304
0 0.23981481481481481 0.6090277777777777 0.007407407407407418 0.009722222222222299
0 0.275 0.6090277777777777 0.005555555555555591 0.009722222222222299
0 0.2513888888888889 0.6034722222222222 0.0046296296296296224 0.009722222222222188
0 0.3018518518518518 0.6069444444444445 0.003703703703703709 0.008333333333333415
0 0.35694444444444445 0.6069444444444445 0.00462962962962965 0.008333333333333415
0 0.28009259259259256 0.6097222222222223 0.004629629629629595 0.008333333333333415
0 0.28935185185185186 0.6083333333333334 0.00462962962962965 0.008333333333333415
