0 0.8657407407407407 0.6986111111111111 0.04814814814814816 0.06666666666666665
0 0.9125 0.7145833333333333 0.026851851851851904 0.056944444444444464
0 0.7717592592592593 0.68125 0.008333333333333304 0.015277777777777724
0 0.8078703703703703 0.679861111111111 0.01388888888888884 0.018055555555555602
0 0.7430555555555556 0.675 0.0064814814814815325 0.011111111111111183
0 0.6513888888888888 0.6770833333333334 0.00462962962962965 0.009722222222222188
0 0.700462962962963 0.6770833333333334 0.004629629629629539 0.004166666666666652
0 0.5291666666666667 0.7145833333333333 0.015740740740740833 0.02083333333333326
0 0.5402777777777777 0.6701388888888888 0.008333333333333304 0.009722222222222299
0 0.15 0.6937500000000001 0.011111111111111127 0.040277777777777746
0 0.1685185185185185 0.6569444444444444 0.012962962962962954 0.019444444444444375
0 0.18518518518518517 0.6590277777777778 0.003703703703703709 0.00694444444444442
0 0.06666666666666667 0.6666666666666666 0.007407407407407418 0.008333333333333304
0 0.925 0.6888888888888889 0.014814814814814836 0.02499999999999991
