0 0.26296296296296295 0.5958333333333333 0.012962962962962954 0.016666666666666607
0 0.4532407407407407 0.6277777777777778 0.012037037037037013 0.019444444444444375
0 0.5648148148148149 0.6090277777777777 0.01851851851851849 0.029166666666666674
0 0.5430555555555556 0.6055555555555556 0.0064814814814814214 0.011111111111111183
0 0.5430555555555556 0.6826388888888888 0.025000000000000022 0.03472222222222221
0 0.5259259259259259 0.6715277777777777 0.012962962962962954 0.026388888888888906
0 0.6416666666666666 0.6229166666666666 0.014814814814814725 0.029166666666666674
0 0.6675925925925926 0.601388888888889 0.011111111111111072 0.022222222222222254
0 0.7351851851851852 0.6256944444444444 0.020370370370370372 0.023611111111111027
0 0.5287037037037037 0.5756944444444445 0.007407407407407418 0.012500000000000067
0 0.5925925925925926 0.5923611111111111 0.0037037037037036535 0.012499999999999956
0 0.7 0.5763888888888888 0.0037037037037036535 0.008333333333333415
0 0.7351851851851852 0.575 0.005555555555555536 0.011111111111111183
0 0.4037037037037037 0.5958333333333333 0.009259259259259245 0.019444444444444375
0 0.41574074074074074 0.5986111111111111 0.005555555555555536 0.01388888888888884
