0 0.14953703703703702 0.6076388888888888 0.01574074074074075 0.029166666666666674
0 0.2550925925925926 0.5715277777777777 0.008333333333333304 0.009722222222222188
0 0.2773148148148148 0.5826388888888889 0.01944444444444443 0.029166666666666674
0 0.3046296296296296 0.5694444444444444 0.009259259259259245 0.01388888888888884
0 0.3189814814814815 0.5611111111111111 0.019444444444444486 0.030555555555555558
0 0.34444444444444444 0.5736111111111111 0.0037037037037036535 0.005555555555555536
0 0.3402777777777778 0.5777777777777777 0.0009259259259259411 0.005555555555555647
0 0.35416666666666663 0.5805555555555555 0.004629629629629595 0.008333333333333415
0 0.3731481481481481 0.5777777777777777 0.005555555555555591 0.005555555555555647
0 0.38935185185185184 0.5791666666666666 0.00462962962962965 0.008333333333333415
0 0.47916666666666663 0.5805555555555555 0.004629629629629595 0.008333333333333415
0 0.5125 0.5680555555555555 0.02685185185185185 0.04166666666666663
0 0.5412037037037037 0.5861111111111111 0.012037037037037068 0.01388888888888884
0 0.6527777777777777 0.5826388888888889 0.007407407407407418 0.012500000000000067
0 0.674074074074074 0.5743055555555556 0.005555555555555536 0.012500000000000067
0 0.7101851851851853 0.5666666666666667 0.011111111111111183 0.016666666666666607
0 0.7620370370370371 0.5743055555555556 0.007407407407407418 0.012500000000000067
0 0.7837962962962963 0.5618055555555556 0.008333333333333304 0.012499999999999956
0 0.39814814814814814 0.5798611111111112 0.005555555555555536 0.006944444444444531
