0 0.20555555555555555 0.6083333333333334 0.009259259259259273 0.01388888888888895
0 0.2240740740740741 0.5965277777777778 0.0111111111111111 0.015277777777777724
0 0.27083333333333337 0.6097222222222223 0.006481481481481477 0.008333333333333415
0 0.2833333333333333 0.6111111111111112 0.005555555555555536 0.008333333333333415
0 0.28935185185185186 0.6076388888888888 0.006481481481481477 0.006944444444444531
0 0.3074074074074074 0.6083333333333334 0.005555555555555536 0.008333333333333415
0 0.33564814814814814 0.6041666666666666 0.00462962962962965 0.008333333333333304
0 0.537037037037037 0.6236111111111111 0.01851851851851849 0.02499999999999991
0 0.6305555555555555 0.6076388888888888 0.012962962962962954 0.026388888888888906
0 0.7212962962962963 0.5840277777777778 0.025925925925925908 0.040277777777777746
0 0.07314814814814816 0.6791666666666667 0.012962962962962968 0.022222222222222254
0 0.05092592592592593 0.6930555555555555 0.01666666666666667 0.025000000000000022
0 0.2523148148148148 0.6048611111111111 0.00462962962962965 0.00694444444444442
0 0.2361111111111111 0.6013888888888889 0.003703703703703709 0.008333333333333304
0 0.1699074074074074 0.6180555555555556 0.006481481481481477 0.005555555555555536
