0 0.774537037037037 0.5729166666666667 0.008333333333333304 0.012500000000000067
0 0.6564814814814814 0.5881944444444445 0.011111111111111183 0.02083333333333337
0 0.6092592592592593 0.5833333333333333 0.020370370370370372 0.036111111111111094
0 0.499537037037037 0.5986111111111111 0.006481481481481477 0.011111111111111072
0 0.41666666666666663 0.6145833333333334 0.005555555555555591 0.00694444444444442
0 0.40555555555555556 0.6145833333333334 0.005555555555555536 0.00694444444444442
0 0.375462962962963 0.6256944444444444 0.004629629629629595 0.00694444444444442
0 0.35277777777777775 0.63125 0.003703703703703709 0.00694444444444442
0 0.3050925925925926 0.6319444444444444 0.006481481481481477 0.011111111111111072
0 0.2939814814814815 0.6381944444444445 0.006481481481481477 0.006944444444444531
0 0.26666666666666666 0.6416666666666666 0.007407407407407418 0.008333333333333415
