0 0.049999999999999996 0.6381944444444445 0.02592592592592592 0.029166666666666674
0 0.1509259259259259 0.6125 0.005555555555555564 0.008333333333333415
0 0.16944444444444445 0.6111111111111112 0.0111111111111111 0.01666666666666672
0 0.22453703703703703 0.6111111111111112 0.006481481481481477 0.008333333333333415
0 0.2537037037037037 0.6097222222222223 0.007407407407407418 0.011111111111111183
0 0.2662037037037037 0.6083333333333334 0.006481481481481477 0.008333333333333415
0 0.27129629629629626 0.6083333333333334 0.003703703703703709 0.008333333333333415
0 0.40185185185185185 0.5868055555555556 0.007407407407407418 0.018055555555555602
0 0.5050925925925925 0.6055555555555556 0.012037037037037013 0.033333333333333326
0 0.5194444444444444 0.6166666666666667 0.00925925925925919 0.02777777777777779
0 0.49490740740740746 0.6833333333333333 0.03425925925925927 0.05833333333333335
0 0.5648148148148149 0.6833333333333333 0.02777777777777779 0.07499999999999996
0 0.6847222222222222 0.5909722222222222 0.036111111111111094 0.0625
0 0.7222222222222223 0.6138888888888889 0.012962962962962954 0.025000000000000022
0 0.3375 0.6305555555555555 0.012037037037037013 0.02777777777777779
0 0.275 0.6069444444444445 0.007407407407407418 0.011111111111111183
