0 0.31862745098039214 0.32019704433497537 0.09803921568627455 0.17733990147783252
0 0.6764705882352942 0.08990147783251232 0.11437908496732019 0.10591133004926107
0 0.7679738562091503 0.0874384236453202 0.09150326797385622 0.1502463054187192
0 0.05555555555555556 0.15763546798029557 0.08169934640522876 0.20197044334975373
0 0.11274509803921569 0.12438423645320196 0.05555555555555555 0.09113300492610836
0 0.8447712418300654 0.11330049261083744 0.07516339869281041 0.16256157635467983
0 0.9387254901960784 0.15517241379310345 0.08333333333333326 0.1527093596059113
0 0.982843137254902 0.12561576354679801 0.03431372549019607 0.16748768472906403
0 0.4305555555555556 0.15270935960591134 0.07026143790849676 0.12807881773399016
0 0.20261437908496732 0.1625615763546798 0.065359477124183 0.1330049261083744
0 0.5081699346405228 0.09975369458128079 0.09150326797385622 0.17487684729064037
0 0.27941176470588236 0.17857142857142858 0.08169934640522872 0.1600985221674877
0 0.5857843137254901 0.1059113300492611 0.08333333333333337 0.13793103448275862
