0 0.13425925925925924 0.6631944444444444 0.04074074074074073 0.0708333333333333
0 0.22083333333333333 0.6104166666666666 0.008333333333333331 0.026388888888888906
0 0.28194444444444444 0.6173611111111111 0.01388888888888884 0.012499999999999956
0 0.3162037037037037 0.6243055555555556 0.012037037037037068 0.02083333333333326
0 0.3837962962962963 0.6215277777777778 0.015740740740740722 0.015277777777777724
0 0.5101851851851852 0.6013888888888889 0.0037037037037037646 0.01388888888888884
0 0.6152777777777778 0.5756944444444445 0.010185185185185186 0.012500000000000067
0 0.600462962962963 0.5986111111111111 0.00462962962962965 0.019444444444444375
0 0.7712962962962963 0.5618055555555556 0.020370370370370372 0.026388888888888795
0 0.8023148148148148 0.5798611111111112 0.015740740740740833 0.018055555555555602
0 0.9185185185185185 0.6111111111111112 0.040740740740740744 0.06388888888888888
