0 0.6650326797385622 0.47624999999999995 0.08823529411764708 0.1325
0 0.8316993464052287 0.5425 0.10457516339869277 0.15499999999999997
0 0.18137254901960784 0.24125 0.06209150326797386 0.09749999999999998
0 0.9428104575163399 0.35250000000000004 0.10784313725490202 0.15999999999999998
0 0.03104575163398693 0.2875 0.06209150326797386 0.09500000000000003
0 0.5473856209150327 0.35 0.06535947712418311 0.09500000000000003
0 0.5898692810457516 0.40625 0.07189542483660127 0.11750000000000005
0 0.6266339869281046 0.6475 0.10620915032679745 0.17000000000000004
0 0.9640522875816994 0.23125 0.07189542483660127 0.12249999999999997
0 0.5522875816993464 0.25 0.05882352941176472 0.09499999999999997
0 0.3848039215686274 0.32625000000000004 0.08660130718954245 0.14750000000000002
0 0.7279411764705883 0.30374999999999996 0.09313725490196079 0.1375
0 0.7933006535947713 0.19125 0.07352941176470595 0.1175
0 0.8790849673202614 0.23875000000000002 0.05228758169934644 0.07750000000000001
0 0.3325163398692811 0.30375 0.04411764705882354 0.0675
