0 0.3476851851851852 0.6270833333333333 0.032407407407407385 0.05138888888888893
0 0.29814814814814816 0.632638888888889 0.016666666666666663 0.023611111111111138
0 0.2759259259259259 0.6444444444444444 0.011111111111111127 0.01388888888888895
0 0.38703703703703707 0.6284722222222222 0.016666666666666663 0.02083333333333326
0 0.4115740740740741 0.6326388888888889 0.012037037037037013 0.015277777777777724
0 0.49953703703703706 0.6208333333333333 0.019444444444444486 0.03888888888888886
0 0.5333333333333333 0.6118055555555555 0.024074074074074137 0.03194444444444444
0 0.587037037037037 0.5951388888888889 0.0185185185185186 0.03750000000000009
0 0.6222222222222222 0.6013888888888889 0.03703703703703698 0.05277777777777781
0 0.7050925925925926 0.5819444444444444 0.02129629629629637 0.02777777777777779
0 0.7458333333333333 0.575 0.019444444444444375 0.030555555555555558
0 0.7606481481481482 0.5638888888888889 0.010185185185185186 0.02777777777777768
0 0.95 0.4930555555555556 0.05185185185185193 0.1305555555555556
0 0.31157407407407406 0.6340277777777779 0.010185185185185186 0.018055555555555602
