0 0.25462962962962965 0.6902777777777778 0.02407407407407408 0.04444444444444451
0 0.28935185185185186 0.625 0.025000000000000022 0.036111111111111205
0 0.32916666666666666 0.6298611111111112 0.021296296296296258 0.03472222222222221
0 0.42546296296296293 0.6361111111111111 0.01759259259259255 0.033333333333333326
0 0.4458333333333333 0.5979166666666667 0.012037037037037013 0.023611111111111138
0 0.3680555555555556 0.6034722222222222 0.012037037037037013 0.015277777777777835
0 0.4310185185185185 0.6104166666666666 0.021296296296296258 0.018055555555555602
0 0.27222222222222225 0.6166666666666667 0.011111111111111127 0.011111111111111072
0 0.2449074074074074 0.6180555555555556 0.010185185185185186 0.01388888888888884
0 0.19398148148148148 0.6180555555555556 0.008333333333333331 0.01388888888888884
0 0.2101851851851852 0.6236111111111111 0.005555555555555564 0.011111111111111072
0 0.2587962962962963 0.6173611111111111 0.010185185185185186 0.009722222222222188
0 0.6462962962962964 0.625 0.022222222222222254 0.036111111111111205
0 0.5074074074074074 0.6 0.0092592592592593 0.016666666666666607
0 0.34305555555555556 0.6055555555555556 0.008333333333333304 0.011111111111111183
0 0.31712962962962965 0.6388888888888888 0.010185185185185186 0.022222222222222254
0 0.2263888888888889 0.6118055555555555 0.00833333333333336 0.015277777777777835
