0 0.5179738562091503 0.37254901960784315 0.039215686274509776 0.05392156862745101
0 0.42320261437908496 0.38235294117647056 0.03594771241830064 0.05882352941176466
0 0.4019607843137255 0.2732843137254902 0.09150326797385622 0.12990196078431374
0 0.6266339869281046 0.4142156862745098 0.044117647058823595 0.06862745098039219
0 0.4387254901960784 0.43014705882352944 0.037581699346405206 0.05637254901960781
0 0.7516339869281046 0.3602941176470588 0.045751633986928164 0.06372549019607843
0 0.14950980392156865 0.36764705882352944 0.037581699346405234 0.05882352941176466
0 0.06372549019607843 0.46691176470588236 0.12745098039215685 0.23284313725490202
0 0.7638888888888888 0.5661764705882353 0.07679738562091509 0.11764705882352944
0 0.6813725490196079 0.4056372549019608 0.03594771241830064 0.056372549019607865
0 0.8178104575163399 0.6813725490196079 0.09313725490196079 0.13235294117647056
0 0.4861111111111111 0.4252450980392157 0.044117647058823484 0.06617647058823528
0 0.9665032679738562 0.3933823529411765 0.06699346405228757 0.10539215686274511
