0 0.08660130718954248 0.5933660933660934 0.10130718954248367 0.1351351351351351
0 0.5906862745098039 0.33046683046683045 0.06699346405228757 0.1253071253071253
0 0.761437908496732 0.5786240786240786 0.07843137254901966 0.11547911547911549
0 0.7687908496732025 0.7014742014742015 0.08333333333333337 0.14004914004914015
0 0.20751633986928103 0.484029484029484 0.08169934640522877 0.13759213759213756
0 0.815359477124183 0.26535626535626533 0.07516339869281041 0.12776412776412777
0 0.33986928104575165 0.07862407862407862 0.07516339869281047 0.11302211302211303
0 0.03022875816993464 0.742014742014742 0.05718954248366013 0.14250614250614246
0 0.4991830065359477 0.3427518427518428 0.0702614379084967 0.14496314496314494
0 0.4950980392156863 0.09090909090909091 0.06209150326797386 0.11302211302211301
