0 0.15555555555555556 0.6694444444444445 0.0314814814814815 0.04999999999999993
0 0.17916666666666664 0.60625 0.01203703703703704 0.012500000000000067
0 0.19814814814814816 0.6111111111111112 0.012962962962962954 0.019444444444444486
0 0.2199074074074074 0.6173611111111111 0.010185185185185186 0.015277777777777724
0 0.24212962962962964 0.6326388888888889 0.01203703703703704 0.012499999999999956
0 0.23935185185185187 0.6131944444444444 0.01203703703703704 0.015277777777777835
0 0.2675925925925926 0.60625 0.012962962962962954 0.02083333333333337
0 0.2592592592592593 0.6236111111111111 0.011111111111111127 0.019444444444444375
0 0.28240740740740744 0.6180555555555556 0.016666666666666663 0.016666666666666607
0 0.3476851851851852 0.6048611111111111 0.013888888888888895 0.018055555555555602
0 0.4412037037037037 0.60625 0.010185185185185186 0.02083333333333337
0 0.4361111111111111 0.6194444444444445 0.011111111111111072 0.019444444444444375
0 0.4703703703703704 0.6118055555555555 0.012962962962962954 0.02083333333333337
0 0.4930555555555556 0.6159722222222221 0.01944444444444443 0.02083333333333337
0 0.5240740740740741 0.6215277777777778 0.01666666666666672 0.023611111111111027
0 0.5810185185185185 0.6159722222222221 0.01388888888888884 0.02083333333333337
0 0.6037037037037036 0.6138888888888889 0.022222222222222254 0.025000000000000022
0 0.6296296296296297 0.5930555555555556 0.016666666666666607 0.016666666666666607
0 0.6662037037037036 0.5784722222222223 0.025000000000000022 0.03749999999999998
0 0.6569444444444444 0.6416666666666666 0.026851851851851904 0.04999999999999993
0 0.7074074074074074 0.5895833333333333 0.029629629629629672 0.04583333333333339
0 0.8412037037037037 0.6034722222222222 0.019444444444444486 0.029166666666666674
0 0.3962962962962963 0.6229166666666667 0.012962962962962954 0.01805555555555549
0 0.41527777777777775 0.6076388888888888 0.012037037037037013 0.012500000000000067
0 0.5601851851851851 0.6236111111111111 0.011111111111111183 0.019444444444444375
