0 0.17916666666666664 0.6125 0.008333333333333331 0.011111111111111183
0 0.21342592592592594 0.6104166666666666 0.006481481481481477 0.006944444444444531
0 0.22824074074074074 0.6166666666666667 0.006481481481481477 0.005555555555555536
0 0.2449074074074074 0.6138888888888889 0.006481481481481477 0.008333333333333304
0 0.23888888888888887 0.6006944444444444 0.005555555555555564 0.009722222222222188
0 0.25787037037037036 0.6131944444444444 0.00462962962962965 0.009722222222222299
0 0.2601851851851852 0.5993055555555555 0.007407407407407418 0.00694444444444442
0 0.2726851851851852 0.6090277777777777 0.008333333333333304 0.012500000000000067
0 0.28703703703703703 0.6048611111111111 0.007407407407407418 0.009722222222222299
0 0.3 0.5951388888888889 0.007407407407407418 0.012499999999999956
0 0.3199074074074074 0.6048611111111111 0.008333333333333304 0.009722222222222299
0 0.3490740740740741 0.65625 0.012962962962962954 0.023611111111111027
0 0.662037037037037 0.6208333333333333 0.00925925925925919 0.01388888888888884
0 0.7171296296296297 0.60625 0.010185185185185186 0.018055555555555602
0 0.2300925925925926 0.6048611111111111 0.006481481481481477 0.00694444444444442
0 0.10324074074074074 0.6097222222222223 0.006481481481481477 0.008333333333333415
0 0.08842592592592592 0.5930555555555556 0.006481481481481477 0.016666666666666607
0 0.023148148148148147 0.6069444444444445 0.014814814814814815 0.022222222222222254
