0 0.4395424836601307 0.1409313725490196 0.07516339869281047 0.11029411764705882
0 0.701797385620915 0.48774509803921573 0.08660130718954251 0.1274509803921569
0 0.5825163398692811 0.616421568627451 0.0702614379084967 0.10539215686274506
0 0.45016339869281047 0.5514705882352942 0.08660130718954251 0.13725490196078433
0 0.6838235294117647 0.321078431372549 0.06045751633986929 0.08823529411764702
0 0.272875816993464 0.04534313725490196 0.08823529411764705 0.09068627450980392
0 0.3055555555555556 0.5453431372549019 0.07516339869281047 0.11029411764705882
0 0.5343137254901961 0.34191176470588236 0.07189542483660127 0.10539215686274506
0 0.27941176470588236 0.43014705882352944 0.07516339869281044 0.11519607843137253
0 0.7630718954248366 0.741421568627451 0.07516339869281052 0.11029411764705876
0 0.321078431372549 0.6237745098039216 0.0735294117647059 0.11029411764705888
0 0.548202614379085 0.17524509803921567 0.08333333333333337 0.12990196078431374
0 0.857843137254902 0.696078431372549 0.09477124183006536 0.12745098039215685
0 0.12091503267973856 0.07475490196078433 0.0718954248366013 0.11029411764705883
0 0.6952614379084967 0.41299019607843135 0.09313725490196079 0.12990196078431376
0 0.6372549019607843 0.6973039215686274 0.08823529411764708 0.1299019607843137
