0 0.17892156862745098 0.2371638141809291 0.08986928104575165 0.11246943765281175
0 0.875 0.7713936430317848 0.25 0.45721271393643037
0 0.8284313725490196 0.2897310513447433 0.06862745098039225 0.09535452322738386
0 0.7704248366013071 0.2946210268948655 0.03431372549019607 0.0806845965770171
0 0.6495098039215685 0.2885085574572127 0.037581699346405206 0.0488997555012225
0 0.4901960784313726 0.2078239608801956 0.026143790849673165 0.04889975550122247
0 0.30718954248366015 0.2616136919315403 0.02941176470588236 0.044009779951100225
0 0.5408496732026145 0.7921760391198045 0.14052287581699352 0.21515892420537897
0 0.06045751633986928 0.6699266503667483 0.11764705882352942 0.273838630806846
0 0.03758169934640523 0.2787286063569682 0.06862745098039215 0.2298288508557457
0 0.40522875816993464 0.27383863080684595 0.0784313725490196 0.15158924205378974
0 0.5334967320261438 0.34474327628361856 0.09640522875816998 0.1907090464547677
