0 0.10833333333333334 0.6111111111111112 0.007407407407407404 0.008333333333333415
0 0.1421296296296296 0.6104166666666666 0.0046296296296296224 0.006944444444444531
0 0.14953703703703702 0.6104166666666666 0.006481481481481505 0.006944444444444531
0 0.17037037037037037 0.6104166666666666 0.005555555555555536 0.006944444444444531
0 0.18333333333333335 0.6111111111111112 0.0037037037037036813 0.008333333333333415
0 0.2939814814814815 0.6027777777777779 0.012037037037037013 0.019444444444444486
0 0.39583333333333337 0.6027777777777779 0.015740740740740777 0.025000000000000022
0 0.42500000000000004 0.6256944444444444 0.009259259259259245 0.023611111111111027
0 0.5967592592592592 0.6138888888888889 0.008333333333333415 0.025000000000000022
0 0.7101851851851853 0.6104166666666666 0.012962962962962954 0.02083333333333337
0 0.7625 0.5833333333333333 0.01388888888888895 0.022222222222222254
0 0.8143518518518518 0.5895833333333333 0.015740740740740722 0.03472222222222221
0 0.1337962962962963 0.6104166666666666 0.0046296296296296224 0.006944444444444531
0 0.21712962962962962 0.6104166666666666 0.0046296296296296224 0.006944444444444531
0 0.24351851851851852 0.6104166666666666 0.005555555555555564 0.006944444444444531
0 0.25648148148148153 0.6041666666666666 0.003703703703703709 0.005555555555555536
