0 0.6921296296296297 0.6527777777777777 0.01388888888888884 0.02777777777777779
0 0.6203703703703703 0.5881944444444445 0.014814814814814836 0.026388888888888906
0 0.5861111111111111 0.5986111111111111 0.0092592592592593 0.016666666666666607
0 0.5564814814814815 0.6041666666666666 0.005555555555555536 0.008333333333333304
0 0.5504629629629629 0.6111111111111112 0.008333333333333304 0.01666666666666672
0 0.5324074074074074 0.5965277777777778 0.0037037037037036535 0.009722222222222188
0 0.5101851851851852 0.60625 0.0037037037037037646 0.006944444444444531
0 0.5018518518518519 0.6027777777777777 0.005555555555555591 0.008333333333333304
0 0.4625 0.6055555555555556 0.004629629629629595 0.008333333333333415
0 0.4439814814814815 0.6166666666666667 0.00462962962962965 0.008333333333333304
0 0.4078703703703704 0.6131944444444445 0.00462962962962965 0.00694444444444442
0 0.4148148148148148 0.6166666666666667 0.005555555555555536 0.008333333333333304
0 0.3768518518518519 0.6263888888888889 0.005555555555555591 0.005555555555555536
0 0.35 0.6270833333333333 0.003703703703703709 0.00694444444444442
0 0.3037037037037037 0.6326388888888889 0.005555555555555536 0.009722222222222188
0 0.2662037037037037 0.6409722222222223 0.006481481481481477 0.006944444444444531
