0 0.07407407407407407 0.7097222222222221 0.018518518518518517 0.02777777777777779
0 0.11944444444444445 0.6597222222222223 0.022222222222222227 0.030555555555555558
0 0.19398148148148148 0.7006944444444445 0.05092592592592593 0.07916666666666672
0 0.23981481481481481 0.6548611111111111 0.012962962962962954 0.01805555555555549
0 0.274537037037037 0.6347222222222222 0.006481481481481477 0.008333333333333304
0 0.34398148148148144 0.6375 0.006481481481481477 0.01388888888888895
0 0.35277777777777775 0.6375 0.007407407407407363 0.01388888888888895
0 0.3671296296296296 0.6284722222222222 0.006481481481481477 0.012499999999999956
0 0.374537037037037 0.6256944444444444 0.006481481481481477 0.009722222222222188
0 0.3912037037037037 0.6236111111111111 0.006481481481481477 0.011111111111111072
0 0.45092592592592595 0.6520833333333333 0.027777777777777735 0.05138888888888893
0 0.5662037037037038 0.58125 0.04907407407407416 0.0986111111111111
0 0.6217592592592592 0.5895833333333333 0.017592592592592604 0.03749999999999998
