0 0.2935185185185185 0.5736111111111111 0.016666666666666663 0.02777777777777779
0 0.39675925925925926 0.5520833333333333 0.017592592592592604 0.023611111111111138
0 0.4236111111111111 0.5208333333333333 0.019444444444444486 0.030555555555555558
0 0.46944444444444444 0.5229166666666667 0.012962962962962954 0.018055555555555602
0 0.5120370370370371 0.5180555555555555 0.014814814814814836 0.025000000000000022
0 0.5472222222222223 0.5069444444444444 0.014814814814814725 0.022222222222222254
0 0.5800925925925926 0.48333333333333334 0.015740740740740722 0.022222222222222254
0 0.6296296296296297 0.5090277777777779 0.014814814814814836 0.018055555555555602
0 0.7310185185185185 0.47638888888888886 0.01388888888888884 0.0222222222222222
0 0.4893518518518518 0.51875 0.004629629629629595 0.006944444444444531
0 0.4134259259259259 0.5347222222222222 0.002777777777777768 0.008333333333333304
0 0.4564814814814815 0.5326388888888889 0.003703703703703709 0.004166666666666652
