0 0.5597222222222222 0.5576388888888888 0.017592592592592604 0.040277777777777746
0 0.5833333333333333 0.5618055555555554 0.01666666666666672 0.03194444444444444
0 0.47824074074074074 0.586111111111111 0.012037037037037068 0.025000000000000022
0 0.8138888888888889 0.5583333333333333 0.014814814814814836 0.025000000000000022
0 0.7666666666666666 0.5583333333333333 0.01666666666666672 0.030555555555555558
0 0.3740740740740741 0.6125 0.018518518518518545 0.03888888888888886
0 0.41574074074074074 0.58125 0.01851851851851849 0.026388888888888906
0 0.6050925925925925 0.5597222222222222 0.015740740740740722 0.02777777777777779
0 0.9796296296296296 0.5527777777777778 0.016666666666666607 0.025000000000000022
0 0.9189814814814815 0.5458333333333334 0.01388888888888884 0.025000000000000022
0 0.9310185185185185 0.5513888888888889 0.010185185185185186 0.02777777777777779
