0 0.44027777777777777 0.6347222222222222 0.015740740740740722 0.025000000000000022
0 0.48564814814814816 0.6229166666666667 0.01944444444444443 0.026388888888888795
0 0.5444444444444444 0.6263888888888889 0.020370370370370372 0.02777777777777768
0 0.7203703703703703 0.6576388888888889 0.011111111111111183 0.02083333333333326
0 0.7402777777777778 0.6666666666666667 0.008333333333333304 0.01388888888888895
0 0.7513888888888889 0.6715277777777777 0.0064814814814815325 0.009722222222222299
0 0.7652777777777777 0.6826388888888889 0.0064814814814814214 0.009722222222222188
0 0.7893518518518519 0.6736111111111112 0.0064814814814815325 0.008333333333333415
0 0.7296296296296296 0.6979166666666667 0.016666666666666607 0.03194444444444444
0 0.6541666666666667 0.5895833333333333 0.019444444444444375 0.029166666666666674
