0 0.06527777777777778 0.523611111111111 0.010185185185185193 0.01666666666666672
0 0.08194444444444444 0.5180555555555555 0.010185185185185186 0.01388888888888895
0 0.05694444444444444 0.5048611111111111 0.010185185185185186 0.012499999999999956
0 0.14722222222222223 0.5111111111111111 0.007407407407407418 0.01666666666666672
0 0.19814814814814813 0.5090277777777779 0.009259259259259273 0.02083333333333337
0 0.21805555555555556 0.5069444444444444 0.006481481481481477 0.008333333333333304
0 0.2939814814814815 0.50625 0.00833333333333336 0.015277777777777724
0 0.3736111111111111 0.4784722222222222 0.006481481481481477 0.012500000000000011
0 0.45185185185185184 0.4673611111111111 0.009259259259259245 0.009722222222222188
0 0.4986111111111111 0.46458333333333335 0.008333333333333304 0.009722222222222243
0 0.5018518518518519 0.47152777777777777 0.005555555555555591 0.012500000000000011
0 0.7875 0.4847222222222222 0.008333333333333304 0.01388888888888884
0 0.8060185185185185 0.5020833333333333 0.008333333333333415 0.012499999999999956
0 0.7018518518518518 0.4638888888888889 0.005555555555555536 0.00833333333333336
0 0.7060185185185185 0.4618055555555556 0.0064814814814815325 0.012500000000000011
0 0.7138888888888889 0.4652777777777778 0.0092592592592593 0.005555555555555536
0 0.8592592592592593 0.4916666666666667 0.011111111111111072 0.011111111111111127
0 0.9476851851851852 0.47777777777777775 0.008333333333333304 0.016666666666666663
0 0.6023148148148147 0.47291666666666665 0.012037037037036957 0.020833333333333315
