0 0.744281045751634 0.24877450980392157 0.09313725490196079 0.1299019607843137
0 0.6658496732026143 0.3272058823529412 0.06045751633986929 0.09068627450980393
0 0.6217320261437909 0.2818627450980392 0.06372549019607843 0.09313725490196079
0 0.15359477124183007 0.3897058823529412 0.06209150326797387 0.0980392156862745
0 0.4207516339869281 0.23529411764705882 0.08660130718954251 0.12745098039215685
0 0.15931372549019607 0.2340686274509804 0.06372549019607843 0.09068627450980393
0 0.5138888888888888 0.22549019607843138 0.07679738562091509 0.11274509803921567
0 0.03676470588235294 0.30147058823529416 0.05065359477124183 0.0784313725490196
0 0.9763071895424836 0.26348039215686275 0.04738562091503273 0.09068627450980393
0 0.02287581699346405 0.35661764705882354 0.0457516339869281 0.09068627450980393
