0 0.5098039215686274 0.327906976744186 0.08823529411764708 0.12558139534883722
0 0.5375816993464053 0.18604651162790697 0.03594771241830064 0.05116279069767443
0 0.07434640522875817 0.18604651162790697 0.05065359477124184 0.07441860465116279
0 0.7107843137254901 0.16279069767441862 0.10457516339869277 0.1441860465116279
0 0.23937908496732024 0.25 0.08660130718954248 0.12790697674418605
0 0.6053921568627452 0.2058139534883721 0.10947712418300648 0.1511627906976744
0 0.15441176470588236 0.1325581395348837 0.05065359477124182 0.07441860465116278
0 0.3790849673202614 0.22325581395348837 0.08823529411764708 0.1302325581395349
0 0.6772875816993464 0.32906976744186045 0.08660130718954251 0.1325581395348837
0 0.4918300653594771 0.15930232558139534 0.042483660130718914 0.06279069767441861
