0 0.6409313725490196 0.6723856209150327 0.026960784313725505 0.017973856209150374
0 0.20710784313725492 0.3308823529411765 0.13480392156862747 0.08006535947712418
0 0.037990196078431376 0.3292483660130719 0.07107843137254902 0.09313725490196079
0 0.3982843137254902 0.3366013071895425 0.10539215686274511 0.10130718954248369
0 0.6151960784313726 0.3374183006535948 0.10784313725490191 0.08006535947712418
0 0.6237745098039216 0.4591503267973856 0.12009803921568629 0.09150326797385622
0 0.8075980392156863 0.3276143790849673 0.10539215686274517 0.08660130718954251
0 0.7965686274509804 0.45915032679738566 0.06862745098039225 0.06862745098039219
0 0.9718137254901961 0.4558823529411765 0.056372549019607865 0.0784313725490196
0 0.03308823529411765 0.4673202614379085 0.061274509803921566 0.08823529411764702
0 0.2034313725490196 0.4681372549019608 0.13235294117647056 0.08660130718954245
0 0.2855392156862745 0.667483660130719 0.03676470588235292 0.03431372549019607
0 0.3848039215686274 0.6781045751633987 0.019607843137254888 0.016339869281045805
0 0.4767156862745098 0.6691176470588236 0.022058823529411742 0.021241830065359513
0 0.5661764705882353 0.6723856209150327 0.044117647058823595 0.011437908496732097
0 0.7389705882352942 0.6821895424836601 0.031862745098039214 0.02777777777777779
0 0.9718137254901961 0.3161764705882353 0.056372549019607865 0.09967320261437906
0 0.39583333333333337 0.46895424836601307 0.13480392156862747 0.08823529411764702
