0 0.7246732026143792 0.4950980392156863 0.08986928104575165 0.14215686274509803
0 0.5433006535947713 0.5073529411764706 0.13235294117647062 0.15686274509803927
0 0.5 0.3382352941176471 0.05882352941176472 0.11764705882352938
0 0.35947712418300654 0.4068627450980392 0.07189542483660127 0.1029411764705882
0 0.27124183006535946 0.39950980392156865 0.052287581699346414 0.0784313725490196
0 0.30800653594771243 0.3296568627450981 0.04411764705882354 0.08088235294117646
0 0.39869281045751637 0.31004901960784315 0.04248366013071897 0.10539215686274511
0 0.6029411764705883 0.30637254901960786 0.042483660130718914 0.10784313725490197
0 0.7230392156862746 0.3075980392156863 0.03104575163398693 0.09558823529411764
0 0.7802287581699346 0.2867647058823529 0.04738562091503273 0.0784313725490196
0 0.6772875816993464 0.3223039215686274 0.040849673202614345 0.10539215686274511
0 0.8897058823529411 0.31862745098039214 0.06372549019607843 0.09803921568627455
0 0.034313725490196074 0.5061274509803921 0.06535947712418301 0.15441176470588241
0 0.9199346405228759 0.553921568627451 0.14052287581699352 0.25980392156862747
0 0.06372549019607843 0.39338235294117646 0.058823529411764705 0.08578431372549022
0 0.7687908496732025 0.8002450980392157 0.2663398692810458 0.38970588235294124
0 0.41503267973856206 0.4779411764705882 0.09803921568627455 0.10294117647058826
0 0.838235294117647 0.2806372549019608 0.02941176470588236 0.11029411764705879
