0 0.663888888888889 0.40069444444444446 0.033333333333333326 0.0625
0 0.6055555555555555 0.4215277777777778 0.040740740740740744 0.054166666666666696
0 0.4037037037037037 0.4916666666666667 0.016666666666666663 0.027777777777777735
0 0.45787037037037037 0.5270833333333333 0.010185185185185186 0.015277777777777724
0 0.437037037037037 0.5291666666666667 0.009259259259259245 0.01388888888888884
0 0.41064814814814815 0.5125 0.012037037037037068 0.025000000000000022
0 0.2930555555555555 0.5069444444444444 0.013888888888888895 0.019444444444444486
0 0.325 0.5111111111111111 0.007407407407407418 0.005555555555555536
0 0.2361111111111111 0.5083333333333333 0.012962962962962954 0.01666666666666672
0 0.2689814814814815 0.5104166666666667 0.010185185185185186 0.015277777777777835
