0 0.2949346405228758 0.6802884615384615 0.10620915032679737 0.14903846153846156
0 0.48039215686274506 0.546875 0.1274509803921568 0.1802884615384615
0 0.2875816993464052 0.6141826923076923 0.08496732026143791 0.13221153846153844
0 0.5563725490196079 0.44711538461538464 0.08333333333333337 0.14423076923076927
0 0.04656862745098039 0.15024038461538464 0.09313725490196079 0.16105769230769232
0 0.19934640522875818 0.35216346153846156 0.08823529411764705 0.1274038461538462
0 0.056372549019607844 0.561298076923077 0.10294117647058824 0.16105769230769235
0 0.3619281045751634 0.19591346153846154 0.09313725490196079 0.13701923076923078
0 0.35947712418300654 0.3894230769230769 0.10457516339869277 0.15865384615384615
0 0.0457516339869281 0.39783653846153844 0.0915032679738562 0.1274038461538462
0 0.14297385620915032 0.41466346153846156 0.08986928104575163 0.1322115384615385
0 0.5890522875816993 0.2079326923076923 0.09313725490196079 0.12259615384615383
0 0.6397058823529411 0.375 0.08660130718954251 0.13461538461538458
0 0.43790849673202614 0.19110576923076922 0.07516339869281041 0.1081730769230769
