0 0.255718954248366 0.46463414634146344 0.09967320261437912 0.11951219512195121
0 0.026143790849673203 0.6304878048780488 0.049019607843137254 0.19756097560975605
0 0.37663398692810457 0.9097560975609755 0.09640522875816993 0.15609756097560978
0 0.9370915032679739 0.7707317073170732 0.06699346405228757 0.1707317073170731
0 0.917483660130719 0.6426829268292682 0.09313725490196079 0.12926829268292683
0 0.9411764705882353 0.40975609756097564 0.05882352941176472 0.11707317073170737
0 0.8218954248366013 0.38414634146341464 0.05882352941176472 0.13902439024390245
0 0.5833333333333334 0.35609756097560974 0.07189542483660127 0.14146341463414636
0 0.46568627450980393 0.3024390243902439 0.06862745098039214 0.15609756097560976
0 0.3937908496732026 0.5865853658536586 0.08496732026143794 0.12439024390243902
0 0.30637254901960786 0.6329268292682927 0.08333333333333331 0.1682926829268292
0 0.1642156862745098 0.08292682926829269 0.06045751633986929 0.13658536585365852
0 0.1323529411764706 0.3121951219512195 0.08823529411764706 0.15609756097560976
0 0.5310457516339869 0.3853658536585366 0.06209150326797386 0.13658536585365855
