0 0.937962962962963 0.41666666666666663 0.040740740740740744 0.04722222222222222
0 0.5638888888888889 0.5208333333333333 0.0037037037037037646 0.011111111111111183
0 0.5300925925925926 0.5430555555555556 0.0064814814814814214 0.008333333333333415
0 0.5143518518518518 0.5430555555555555 0.008333333333333304 0.005555555555555536
0 0.8412037037037037 0.42083333333333334 0.019444444444444486 0.0444444444444444
0 0.7768518518518519 0.4291666666666667 0.022222222222222254 0.06388888888888894
0 0.6898148148148149 0.37222222222222223 0.012962962962962954 0.036111111111111094
0 0.49629629629629635 0.5333333333333333 0.003703703703703709 0.01388888888888884
0 0.5402777777777779 0.5354166666666667 0.00462962962962965 0.009722222222222188
0 0.5472222222222223 0.5208333333333334 0.0037037037037036535 0.005555555555555536
