0 0.11437908496732027 0.6838235294117647 0.09477124183006537 0.2009803921568627
0 0.2238562091503268 0.44852941176470584 0.07189542483660133 0.11274509803921567
0 0.12254901960784313 0.39583333333333337 0.08496732026143791 0.13970588235294118
0 0.31862745098039214 0.5355392156862745 0.08496732026143788 0.1299019607843137
0 0.05392156862745098 0.8075980392156863 0.10130718954248366 0.24264705882352944
0 0.1707516339869281 0.6323529411764706 0.0735294117647059 0.13725490196078427
0 0.4387254901960784 0.47181372549019607 0.0702614379084967 0.13480392156862742
0 0.5547385620915033 0.45343137254901966 0.09640522875816993 0.13725490196078433
0 0.5947712418300654 0.38602941176470584 0.065359477124183 0.13480392156862747
0 0.06862745098039215 0.5134803921568627 0.10784313725490195 0.14460784313725494
