0 0.22037037037037038 0.51875 0.020370370370370372 0.040277777777777746
0 0.18888888888888888 0.5222222222222221 0.025925925925925936 0.036111111111111094
0 0.34444444444444444 0.5131944444444445 0.007407407407407418 0.026388888888888906
0 0.2763888888888889 0.5506944444444444 0.00833333333333336 0.015277777777777835
0 0.6870370370370371 0.5597222222222222 0.00925925925925919 0.01388888888888884
0 0.6199074074074074 0.5583333333333333 0.012037037037036957 0.01388888888888884
0 0.5884259259259259 0.5597222222222222 0.002777777777777768 0.005555555555555536
0 0.6023148148148149 0.5611111111111111 0.002777777777777768 0.005555555555555536
0 0.5935185185185186 0.5604166666666667 0.0037037037037036535 0.004166666666666652
0 0.825 0.5583333333333333 0.0351851851851851 0.02777777777777779
