0 0.5433006535947713 0.27205882352941174 0.044117647058823484 0.0637254901960784
0 0.7508169934640523 0.2708333333333333 0.044117647058823595 0.06617647058823528
0 0.3529411764705882 0.30637254901960786 0.08823529411764702 0.13725490196078433
0 0.5253267973856209 0.45588235294117646 0.044117647058823595 0.06372549019607843
0 0.8602941176470589 0.24754901960784315 0.0539215686274509 0.07843137254901958
0 0.6168300653594772 0.4362745098039216 0.044117647058823484 0.06372549019607843
0 0.8137254901960784 0.27941176470588236 0.045751633986928164 0.06372549019607843
0 0.28104575163398693 0.2218137254901961 0.08823529411764708 0.13480392156862747
0 0.6029411764705883 0.24877450980392157 0.042483660130718914 0.06617647058823528
0 0.8831699346405228 0.4424019607843137 0.05065359477124187 0.07598039215686275
0 0.7140522875816994 0.42156862745098034 0.05228758169934644 0.0784313725490196
