0 0.3014705882352941 0.2426470588235294 0.09640522875816993 0.21078431372549017
0 0.34558823529411764 0.061274509803921566 0.07352941176470584 0.10784313725490195
0 0.4084967320261438 0.058823529411764705 0.04901960784313725 0.11274509803921567
0 0.4665032679738562 0.3786764705882353 0.09313725490196073 0.25735294117647056
0 0.5874183006535947 0.40931372549019607 0.08986928104575165 0.16666666666666669
0 0.5604575163398693 0.6752450980392157 0.02941176470588236 0.03676470588235292
0 0.5882352941176471 0.6568627450980392 0.019607843137254832 0.02450980392156854
0 0.6029411764705883 0.650735294117647 0.019607843137254943 0.026960784313725505
0 0.6282679738562091 0.7095588235294117 0.02450980392156854 0.04656862745098034
0 0.5923202614379085 0.7009803921568627 0.02777777777777768 0.06372549019607843
