0 0.4918300653594771 0.4337078651685393 0.042483660130718914 0.06741573033707865
0 0.5514705882352942 0.45730337078651684 0.04738562091503262 0.06966292134831459
0 0.5661764705882353 0.4 0.05718954248366015 0.06741573033707865
0 0.602124183006536 0.47528089887640446 0.040849673202614345 0.07415730337078646
0 0.0196078431372549 0.41123595505617977 0.03594771241830065 0.07640449438202246
0 0.1111111111111111 0.38202247191011235 0.042483660130718956 0.0449438202247191
0 0.4542483660130719 0.3921348314606742 0.0326797385620915 0.060674157303370835
0 0.9607843137254901 0.3797752808988764 0.07843137254901966 0.09887640449438206
0 0.4035947712418301 0.40561797752808987 0.05228758169934644 0.06067415730337078
0 0.303921568627451 0.4651685393258427 0.10784313725490197 0.17528089887640447
0 0.3929738562091503 0.4943820224719101 0.05718954248366015 0.0898876404494382
0 0.4665032679738562 0.5101123595505618 0.06045751633986929 0.08089887640449439
