0 0.6018518518518519 0.5125 0.02777777777777779 0.025000000000000022
0 0.41388888888888886 0.56875 0.011111111111111127 0.01805555555555549
0 0.8097222222222222 0.6513888888888889 0.015740740740740722 0.04166666666666674
0 0.8300925925925926 0.5506944444444444 0.008333333333333304 0.012500000000000067
0 0.3662037037037037 0.5666666666666667 0.008333333333333304 0.01388888888888884
0 0.38842592592592595 0.5534722222222221 0.00833333333333336 0.018055555555555602
0 0.5023148148148148 0.5597222222222222 0.006481481481481477 0.011111111111111072
0 0.48750000000000004 0.5611111111111111 0.006481481481481477 0.011111111111111072
0 0.34398148148148144 0.5625 0.004629629629629595 0.011111111111111072
0 0.30925925925925923 0.5604166666666667 0.007407407407407363 0.015277777777777724
0 0.2972222222222222 0.5673611111111111 0.005555555555555536 0.009722222222222188
