0 0.5024509803921569 0.26960784313725494 0.09967320261437912 0.13725490196078433
0 0.5269607843137255 0.4264705882352941 0.11274509803921573 0.17156862745098034
0 0.636437908496732 0.3590686274509804 0.10947712418300648 0.178921568627451
0 0.6658496732026145 0.47181372549019607 0.08006535947712423 0.1495098039215686
0 0.8104575163398693 0.3762254901960784 0.13725490196078427 0.2181372549019608
0 0.2508169934640523 0.2708333333333333 0.11601307189542484 0.2230392156862745
0 0.4950980392156863 0.5735294117647058 0.130718954248366 0.21568627450980393
0 0.19526143790849676 0.4742647058823529 0.1258169934640523 0.22794117647058826
0 0.10130718954248366 0.2916666666666667 0.12091503267973858 0.1519607843137255
0 0.42320261437908496 0.3700980392156863 0.08823529411764708 0.16666666666666669
