0 0.4819444444444444 0.5868055555555556 0.006481481481481477 0.015277777777777724
0 0.5009259259259259 0.5972222222222222 0.00555555555555548 0.011111111111111072
0 0.5541666666666667 0.5777777777777777 0.015740740740740722 0.022222222222222254
0 0.5722222222222222 0.5819444444444444 0.005555555555555536 0.01666666666666672
0 0.5907407407407408 0.5798611111111112 0.011111111111111183 0.018055555555555602
0 0.5986111111111111 0.5819444444444444 0.0064814814814815325 0.011111111111111183
0 0.610648148148148 0.5798611111111112 0.010185185185185186 0.012500000000000067
0 0.7138888888888889 0.5722222222222222 0.011111111111111072 0.019444444444444486
0 0.7231481481481481 0.56875 0.00925925925925919 0.01805555555555549
0 0.7643518518518518 0.5666666666666667 0.008333333333333304 0.016666666666666607
