0 0.4740740740740741 0.5854166666666667 0.011111111111111127 0.02083333333333337
0 0.48564814814814816 0.5930555555555556 0.00462962962962965 0.01388888888888884
0 0.4930555555555556 0.6 0.00833333333333336 0.011111111111111072
0 0.5351851851851852 0.5694444444444444 0.012962962962962954 0.022222222222222254
0 0.5842592592592593 0.5687500000000001 0.014814814814814836 0.029166666666666674
0 0.6050925925925925 0.5777777777777777 0.010185185185185186 0.019444444444444486
0 0.611574074074074 0.5770833333333334 0.00462962962962965 0.015277777777777835
0 0.6467592592592593 0.575 0.0064814814814815325 0.008333333333333415
0 0.7083333333333333 0.5756944444444445 0.007407407407407418 0.015277777777777835
0 0.7143518518518519 0.570138888888889 0.0064814814814814214 0.026388888888888906
0 0.7194444444444444 0.5673611111111111 0.0037037037037037646 0.01805555555555549
0 0.7592592592592593 0.5673611111111111 0.007407407407407418 0.015277777777777724
