0 0.4624183006535948 0.5458715596330276 0.06209150326797386 0.09633027522935783
0 0.2761437908496732 0.4334862385321101 0.052287581699346386 0.06422018348623854
0 0.380718954248366 0.4977064220183486 0.04901960784313725 0.07339449541284399
0 0.42320261437908496 0.48509174311926606 0.039215686274509776 0.0665137614678899
0 0.5408496732026145 0.5653669724770642 0.039215686274509776 0.0986238532110092
0 0.5155228758169934 0.45756880733944955 0.04738562091503268 0.0665137614678899
0 0.4338235294117647 0.41628440366972475 0.04411764705882354 0.05733944954128439
0 0.27124183006535946 0.37270642201834864 0.052287581699346414 0.04357798165137616
0 0.35457516339869277 0.39449541284403666 0.03921568627450983 0.045871559633027525
0 0.38725490196078427 0.4128440366972477 0.04248366013071897 0.06422018348623854
0 0.4665032679738562 0.3704128440366973 0.06372549019607843 0.08486238532110096
0 0.542483660130719 0.3795871559633027 0.042483660130718914 0.0756880733944954
0 0.6266339869281046 0.48279816513761464 0.06372549019607843 0.12614678899082565
0 0.7344771241830066 0.3027522935779816 0.09967320261437906 0.1422018348623853
