0 0.3310185185185185 0.5222222222222221 0.021296296296296313 0.0444444444444444
0 0.24768518518518517 0.5298611111111111 0.008333333333333304 0.01805555555555549
0 0.40740740740740744 0.5722222222222222 0.003703703703703709 0.008333333333333304
0 0.38796296296296295 0.5722222222222222 0.0018518518518518823 0.005555555555555536
0 0.4199074074074074 0.5645833333333333 0.00462962962962965 0.009722222222222188
0 0.5013888888888889 0.55 0.006481481481481477 0.01388888888888895
0 0.5249999999999999 0.5534722222222223 0.007407407407407418 0.012499999999999956
0 0.6268518518518518 0.5625 0.0037037037037036535 0.011111111111111072
0 0.6393518518518518 0.5645833333333333 0.002777777777777768 0.009722222222222188
0 0.7240740740740741 0.5520833333333333 0.020370370370370372 0.026388888888888906
0 0.7652777777777777 0.5361111111111112 0.02314814814814825 0.022222222222222254
0 0.38935185185185184 0.5701388888888889 0.0009259259259259411 0.004166666666666652
0 0.4009259259259259 0.5694444444444444 0.0018518518518518268 0.002777777777777768
