0 0.24673202614379086 0.41299019607843135 0.07843137254901958 0.13480392156862747
0 0.4534313725490196 0.3762254901960784 0.07679738562091498 0.1299019607843137
0 0.190359477124183 0.3272058823529412 0.07352941176470587 0.09068627450980393
0 0.4836601307189542 0.4632352941176471 0.0620915032679738 0.14215686274509803
0 0.6037581699346405 0.3051470588235294 0.0702614379084967 0.14950980392156862
0 0.9689542483660131 0.40808823529411764 0.02941176470588225 0.06617647058823528
0 0.7344771241830066 0.4227941176470589 0.08333333333333337 0.1985294117647059
0 0.5857843137254901 0.47181372549019607 0.09313725490196079 0.15931372549019612
0 0.8619281045751634 0.4338235294117647 0.037581699346405206 0.09313725490196079
0 0.9183006535947713 0.43504901960784315 0.0326797385620915 0.07598039215686275
0 0.3709150326797386 0.4301470588235294 0.065359477124183 0.15931372549019607
