0 0.7629629629629631 0.55 0.007407407407407418 0.019444444444444486
0 0.7180555555555556 0.5666666666666667 0.015740740740740833 0.019444444444444375
0 0.7018518518518518 0.58125 0.014814814814814836 0.02083333333333337
0 0.675 0.5590277777777778 0.01851851851851849 0.023611111111111027
0 0.6416666666666666 0.5520833333333333 0.01666666666666672 0.023611111111111138
0 0.6106481481481482 0.5541666666666667 0.012037037037037068 0.02777777777777779
0 0.5796296296296296 0.5736111111111111 0.0092592592592593 0.008333333333333304
0 0.5296296296296297 0.5743055555555556 0.00925925925925919 0.012500000000000067
0 0.5351851851851852 0.5840277777777778 0.011111111111111072 0.018055555555555602
0 0.4847222222222222 0.5833333333333333 0.0064814814814815325 0.01388888888888895
