0 0.8711656441717791 0.545751633986928 0.09406952965235171 0.11764705882352938
0 0.6288343558282208 0.3529411764705882 0.09202453987730064 0.07189542483660133
0 0.5224948875255624 0.35784313725490197 0.08384458077709606 0.0980392156862745
0 0.14826175869120656 0.5571895424836601 0.1492842535787321 0.15359477124183002
0 0.20552147239263802 0.3888888888888889 0.09202453987730061 0.1143790849673203
0 0.5051124744376279 0.49019607843137253 0.11860940695296518 0.16013071895424835
0 0.6155419222903886 0.5849673202614378 0.12269938650306755 0.1470588235294118
0 0.12372188139059306 0.4084967320261438 0.11656441717791412 0.10784313725490197
0 0.8353783231083844 0.6911764705882353 0.11247443762781184 0.12745098039215685
0 0.9294478527607362 0.4142156862745098 0.0961145194274029 0.07679738562091504
0 0.7699386503067485 0.41911764705882354 0.10020449897750505 0.09967320261437906
0 0.6421267893660532 0.4542483660130719 0.10633946830265839 0.09150326797385622
0 0.7464212678936606 0.5424836601307189 0.11451942740286303 0.13071895424836594
