0 0.18703703703703706 0.5743055555555556 0.009259259259259273 0.012500000000000067
0 0.23842592592592593 0.5652777777777778 0.0046296296296296224 0.005555555555555536
0 0.24907407407407406 0.5680555555555555 0.005555555555555536 0.008333333333333304
0 0.28055555555555556 0.5673611111111111 0.007407407407407418 0.009722222222222188
0 0.30648148148148147 0.5576388888888889 0.009259259259259245 0.012499999999999956
0 0.34444444444444444 0.5833333333333334 0.0092592592592593 0.008333333333333304
0 0.4064814814814815 0.5597222222222222 0.005555555555555536 0.008333333333333304
0 0.4842592592592593 0.5840277777777778 0.0222222222222222 0.023611111111111138
0 0.5791666666666666 0.56875 0.028703703703703787 0.04861111111111116
0 0.7226851851851852 0.570138888888889 0.015740740740740722 0.029166666666666674
0 0.798148148148148 0.5555555555555556 0.012962962962962954 0.016666666666666607
0 0.9680555555555556 0.5555555555555556 0.01388888888888884 0.016666666666666607
0 0.9416666666666667 0.5604166666666667 0.011111111111111072 0.02083333333333326
0 0.8166666666666667 0.5652777777777778 0.0092592592592593 0.016666666666666607
0 0.4212962962962963 0.5645833333333333 0.003703703703703709 0.00694444444444442
0 0.374537037037037 0.5638888888888889 0.004629629629629595 0.011111111111111072
0 0.3652777777777778 0.5625 0.004629629629629595 0.008333333333333304
