0 0.46296296296296297 0.6131944444444444 0.0092592592592593 0.012500000000000067
0 0.48796296296296293 0.6180555555555556 0.007407407407407363 0.016666666666666607
0 0.55 0.6229166666666667 0.011111111111111183 0.01805555555555549
0 0.575925925925926 0.6451388888888889 0.0092592592592593 0.012500000000000067
0 0.5967592592592592 0.6243055555555556 0.015740740740740722 0.02083333333333326
0 0.6643518518518519 0.6666666666666667 0.01388888888888884 0.022222222222222254
0 0.6930555555555555 0.6402777777777777 0.008333333333333304 0.01388888888888895
0 0.7379629629629629 0.6555555555555556 0.011111111111111072 0.019444444444444375
0 0.8148148148148149 0.6597222222222222 0.012962962962962954 0.019444444444444375
0 0.8527777777777777 0.6513888888888888 0.014814814814814836 0.025000000000000022
0 0.9185185185185185 0.6756944444444444 0.016666666666666607 0.026388888888888906
0 0.33425925925925926 0.6027777777777777 0.005555555555555536 0.011111111111111072
0 0.30046296296296293 0.5909722222222222 0.006481481481481477 0.012499999999999956
