0 0.49629629629629635 0.5249999999999999 0.016666666666666663 0.030555555555555558
0 0.46111111111111114 0.49375 0.011111111111111127 0.006944444444444475
0 0.6518518518518519 0.5180555555555555 0.02962962962962956 0.04166666666666663
0 0.03194444444444444 0.46805555555555556 0.010185185185185183 0.019444444444444486
0 0.047685185185185185 0.4840277777777778 0.01203703703703704 0.018055555555555602
0 0.15185185185185185 0.4826388888888889 0.005555555555555536 0.009722222222222188
0 0.16111111111111112 0.4902777777777778 0.003703703703703709 0.011111111111111127
0 0.38287037037037036 0.49375 0.00462962962962965 0.012500000000000011
0 0.39583333333333337 0.5013888888888889 0.00833333333333336 0.008333333333333304
0 0.525 0.5013888888888889 0.005555555555555536 0.008333333333333304
0 0.8388888888888889 0.5138888888888888 0.005555555555555536 0.008333333333333415
0 0.8625 0.5229166666666667 0.0064814814814814214 0.00694444444444442
0 0.9555555555555555 0.5263888888888889 0.005555555555555647 0.011111111111111072
0 0.9365740740740741 0.5222222222222223 0.008333333333333304 0.008333333333333304
