0 0.38287037037037036 0.51875 0.028703703703703676 0.04583333333333328
0 0.31296296296296294 0.5201388888888889 0.02777777777777779 0.043055555555555514
0 0.9333333333333333 0.49027777777777776 0.029629629629629672 0.04166666666666663
0 0.19722222222222224 0.5979166666666667 0.005555555555555564 0.015277777777777724
0 0.11666666666666667 0.6076388888888888 0.012962962962962954 0.015277777777777835
0 0.09351851851851853 0.6125 0.009259259259259259 0.01388888888888895
0 0.07731481481481481 0.6069444444444445 0.012037037037037027 0.01388888888888895
0 0.7268518518518519 0.5041666666666667 0.024074074074074137 0.04722222222222222
0 0.10231481481481482 0.6465277777777778 0.010185185185185186 0.023611111111111138
0 0.05324074074074074 0.6298611111111111 0.004629629629629629 0.009722222222222188
0 0.045370370370370366 0.63125 0.005555555555555557 0.00694444444444442
0 0.7569444444444444 0.5465277777777777 0.010185185185185186 0.018055555555555602
