0 0.2930555555555555 0.5652777777777778 0.006481481481481477 0.01388888888888884
0 0.3263888888888889 0.5444444444444445 0.008333333333333304 0.022222222222222254
0 0.36388888888888893 0.5638888888888889 0.009259259259259245 0.016666666666666607
0 0.39166666666666666 0.5881944444444445 0.007407407407407418 0.009722222222222188
0 0.4050925925925926 0.5680555555555555 0.002777777777777768 0.008333333333333304
0 0.4324074074074074 0.5826388888888889 0.0037037037037036535 0.012500000000000067
0 0.43657407407407406 0.5854166666666667 0.00462962962962965 0.009722222222222188
0 0.6407407407407408 0.5659722222222222 0.012962962962962954 0.02083333333333326
0 0.6935185185185185 0.6388888888888888 0.014814814814814836 0.022222222222222254
0 0.7476851851851851 0.6305555555555555 0.01388888888888895 0.030555555555555558
0 0.7777777777777778 0.6347222222222222 0.014814814814814836 0.030555555555555558
