0 0.5157407407407407 0.6041666666666667 0.0092592592592593 0.019444444444444486
0 0.5310185185185186 0.6270833333333333 0.012037037037037068 0.023611111111111027
0 0.5523148148148148 0.5979166666666667 0.01388888888888884 0.023611111111111138
0 0.5648148148148149 0.6284722222222222 0.012962962962962954 0.012499999999999956
0 0.6222222222222222 0.5590277777777778 0.0185185185185186 0.023611111111111027
0 0.6939814814814815 0.5930555555555556 0.010185185185185186 0.022222222222222143
0 0.7083333333333333 0.6090277777777777 0.01851851851851849 0.02083333333333337
0 0.7592592592592593 0.5874999999999999 0.014814814814814836 0.025000000000000022
0 0.8337962962962964 0.6458333333333334 0.00462962962962965 0.008333333333333304
0 0.8462962962962963 0.6444444444444445 0.0037037037037036535 0.005555555555555536
0 0.8268518518518518 0.6423611111111112 0.0037037037037037646 0.006944444444444531
0 0.8189814814814815 0.6472222222222223 0.002777777777777879 0.002777777777777768
0 0.8157407407407407 0.6423611111111112 0.0037037037037036535 0.004166666666666763
