0 0.12129629629629629 0.7152777777777777 0.029629629629629617 0.030555555555555558
0 0.30694444444444446 0.6909722222222222 0.013888888888888895 0.02083333333333326
0 0.38657407407407407 0.6895833333333333 0.012037037037037068 0.023611111111111027
0 0.42685185185185187 0.6784722222222221 0.007407407407407418 0.018055555555555602
0 0.47962962962962963 0.6729166666666666 0.0092592592592593 0.018055555555555602
0 0.5018518518518519 0.6784722222222221 0.011111111111111127 0.018055555555555602
0 0.49212962962962964 0.6763888888888889 0.008333333333333304 0.01388888888888895
0 0.5462962962962963 0.6784722222222221 0.016666666666666607 0.018055555555555602
0 0.5717592592592593 0.6826388888888889 0.008333333333333415 0.012499999999999956
0 0.5916666666666667 0.6902777777777778 0.011111111111111072 0.02499999999999991
0 0.40046296296296297 0.6888888888888889 0.008333333333333304 0.016666666666666607
