0 0.3587962962962963 0.6444444444444444 0.006481481481481477 0.01388888888888895
0 0.39861111111111114 0.6451388888888889 0.004629629629629595 0.00694444444444442
0 0.5037037037037038 0.64375 0.005555555555555647 0.006944444444444531
0 0.5166666666666666 0.6444444444444445 0.0018518518518518823 0.002777777777777768
0 0.523611111111111 0.6375 0.00462962962962965 0.005555555555555536
0 0.5416666666666667 0.6444444444444445 0.0018518518518518823 0.002777777777777768
0 0.5486111111111112 0.6430555555555555 0.00462962962962965 0.005555555555555647
0 0.5518518518518518 0.6423611111111112 0.0018518518518518823 0.004166666666666763
0 0.5300925925925926 0.6416666666666666 0.0009259259259258856 0.005555555555555647
0 0.5361111111111111 0.6416666666666666 0.0037037037037037646 0.005555555555555647
