0 0.5430555555555556 0.44375 0.0064814814814814214 0.018055555555555547
0 0.5138888888888888 0.4604166666666667 0.011111111111111183 0.015277777777777779
0 0.4842592592592593 0.4625 0.007407407407407418 0.011111111111111127
0 0.4740740740740741 0.46597222222222223 0.005555555555555591 0.012500000000000011
0 0.461574074074074 0.4625 0.006481481481481477 0.013888888888888895
0 0.44120370370370365 0.45208333333333334 0.006481481481481477 0.009722222222222188
0 0.4009259259259259 0.4625 0.011111111111111127 0.01944444444444443
0 0.35694444444444445 0.4666666666666667 0.010185185185185186 0.01944444444444443
0 0.3425925925925926 0.44513888888888886 0.012962962962962954 0.020833333333333315
0 0.3263888888888889 0.43194444444444446 0.012037037037037068 0.016666666666666663
0 0.898611111111111 0.4215277777777778 0.010185185185185186 0.029166666666666674
