0 0.18703703703703703 0.6611111111111111 0.012962962962962954 0.019444444444444375
0 0.2175925925925926 0.6520833333333333 0.012962962962962954 0.01805555555555549
0 0.22962962962962963 0.6583333333333333 0.007407407407407418 0.008333333333333304
0 0.2472222222222222 0.64375 0.009259259259259245 0.012500000000000067
0 0.27361111111111114 0.6333333333333333 0.00833333333333336 0.011111111111111072
0 0.29027777777777775 0.6381944444444445 0.006481481481481477 0.006944444444444531
0 0.2949074074074074 0.6479166666666667 0.006481481481481477 0.012499999999999956
0 0.30601851851851847 0.63125 0.006481481481481477 0.00694444444444442
0 0.3138888888888889 0.6298611111111111 0.007407407407407418 0.009722222222222188
0 0.32546296296296295 0.6326388888888889 0.006481481481481477 0.009722222222222188
0 0.37083333333333335 0.6236111111111111 0.006481481481481477 0.008333333333333304
0 0.37731481481481477 0.6319444444444444 0.006481481481481477 0.005555555555555536
0 0.43981481481481477 0.6333333333333333 0.003703703703703709 0.011111111111111072
0 0.425 0.6118055555555555 0.005555555555555536 0.006944444444444531
0 0.45416666666666666 0.6131944444444445 0.00462962962962965 0.004166666666666652
0 0.4708333333333333 0.5993055555555555 0.008333333333333304 0.009722222222222188
0 0.49629629629629624 0.6048611111111111 0.009259259259259245 0.012500000000000067
0 0.5430555555555556 0.6069444444444445 0.00462962962962965 0.01388888888888895
0 0.5541666666666667 0.5826388888888889 0.002777777777777768 0.004166666666666652
0 0.5675925925925926 0.5972222222222222 0.007407407407407418 0.016666666666666607
0 0.6375 0.5715277777777779 0.0064814814814814214 0.018055555555555602
