0 0.2222222222222222 0.5819444444444444 0.018518518518518517 0.033333333333333326
0 0.2587962962962963 0.5708333333333333 0.008333333333333304 0.011111111111111072
0 0.2875 0.5798611111111112 0.00833333333333336 0.009722222222222299
0 0.3018518518518518 0.5534722222222221 0.005555555555555591 0.023611111111111138
0 0.33564814814814814 0.5729166666666666 0.006481481481481477 0.00694444444444442
0 0.3407407407407408 0.5770833333333334 0.003703703703703709 0.006944444444444531
0 0.36157407407407405 0.5826388888888889 0.006481481481481477 0.009722222222222299
0 0.3699074074074074 0.5819444444444444 0.00462962962962965 0.011111111111111183
0 0.37962962962962965 0.5791666666666666 0.005555555555555591 0.008333333333333415
0 0.3851851851851852 0.575 0.005555555555555536 0.011111111111111183
0 0.40925925925925927 0.5819444444444444 0.005555555555555536 0.011111111111111183
0 0.4287037037037037 0.5819444444444444 0.005555555555555536 0.008333333333333415
0 0.5810185185185185 0.5798611111111112 0.0064814814814815325 0.009722222222222299
0 0.6837962962962962 0.5805555555555555 0.008333333333333415 0.008333333333333415
0 0.7055555555555556 0.5874999999999999 0.020370370370370372 0.022222222222222254
