0 0.8657407407407407 0.6166666666666667 0.0444444444444444 0.061111111111111116
0 0.9574074074074074 0.5520833333333334 0.05555555555555558 0.06805555555555554
0 0.7865740740740741 0.6138888888888889 0.008333333333333304 0.011111111111111183
0 0.7185185185185186 0.5972222222222222 0.007407407407407418 0.008333333333333304
0 0.3032407407407407 0.6041666666666667 0.006481481481481477 0.011111111111111183
0 0.337037037037037 0.6069444444444445 0.003703703703703709 0.008333333333333415
0 0.1685185185185185 0.6180555555555556 0.007407407407407418 0.008333333333333304
0 0.09537037037037037 0.6131944444444444 0.005555555555555564 0.009722222222222299
0 0.10185185185185186 0.6090277777777777 0.00555555555555555 0.009722222222222299
0 0.03981481481481482 0.6131944444444444 0.007407407407407411 0.009722222222222299
