0 0.2787037037037037 0.6347222222222222 0.005555555555555591 0.008333333333333304
0 0.30601851851851847 0.6354166666666666 0.006481481481481477 0.009722222222222188
0 0.3472222222222222 0.6305555555555555 0.005555555555555536 0.008333333333333304
0 0.3555555555555555 0.6284722222222222 0.003703703703703709 0.00694444444444442
0 0.3625 0.63125 0.00462962962962965 0.00694444444444442
0 0.38055555555555554 0.6263888888888889 0.005555555555555591 0.005555555555555536
0 0.4185185185185185 0.6229166666666667 0.005555555555555536 0.009722222222222188
0 0.43287037037037035 0.6194444444444445 0.006481481481481477 0.011111111111111072
0 0.4472222222222222 0.6159722222222221 0.009259259259259245 0.015277777777777835
0 0.5699074074074073 0.5881944444444445 0.015740740740740722 0.023611111111111138
