0 0.30833333333333335 0.6756944444444444 0.007407407407407418 0.018055555555555602
0 0.31851851851851853 0.675 0.003703703703703709 0.005555555555555536
0 0.3523148148148148 0.6666666666666667 0.012037037037037068 0.019444444444444486
0 0.37407407407407406 0.6777777777777778 0.005555555555555536 0.011111111111111072
0 0.5115740740740741 0.6694444444444445 0.002777777777777768 0.008333333333333415
0 0.587037037037037 0.6840277777777778 0.005555555555555536 0.009722222222222188
0 0.6217592592592592 0.675 0.0064814814814815325 0.01388888888888895
0 0.6958333333333333 0.7013888888888888 0.01388888888888884 0.019444444444444486
0 0.6777777777777778 0.6854166666666667 0.012962962962962954 0.012499999999999956
0 0.6518518518518519 0.6777777777777778 0.011111111111111183 0.01388888888888895
0 0.750462962962963 0.6736111111111112 0.002777777777777768 0.008333333333333415
0 0.9171296296296296 0.6770833333333333 0.010185185185185186 0.015277777777777835
0 0.9018518518518519 0.6833333333333333 0.007407407407407418 0.01388888888888884
0 0.8430555555555556 0.6888888888888889 0.004629629629629539 0.008333333333333304
0 0.5574074074074074 0.6736111111111112 0.005555555555555647 0.011111111111111183
0 0.5657407407407408 0.6645833333333333 0.005555555555555536 0.009722222222222188
