0 0.4736111111111111 0.6145833333333333 0.010185185185185186 0.012500000000000067
0 0.4935185185185185 0.6180555555555556 0.007407407407407418 0.01388888888888884
0 0.36296296296296293 0.6368055555555556 0.007407407407407363 0.012500000000000067
0 0.38055555555555554 0.6333333333333333 0.007407407407407418 0.011111111111111072
0 0.3486111111111111 0.6361111111111111 0.00833333333333336 0.01388888888888895
0 0.5578703703703703 0.6013888888888889 0.0064814814814815325 0.008333333333333304
0 0.7916666666666667 0.5805555555555555 0.012962962962962954 0.019444444444444486
0 0.287962962962963 0.6354166666666667 0.007407407407407418 0.012500000000000067
0 0.32453703703703707 0.6361111111111111 0.004629629629629595 0.008333333333333304
0 0.33333333333333337 0.6291666666666667 0.003703703703703709 0.005555555555555536
