0 0.31712962962962965 0.5611111111111111 0.006481481481481477 0.008333333333333304
0 0.34490740740740744 0.5604166666666667 0.004629629629629595 0.00694444444444442
0 0.35555555555555557 0.5666666666666667 0.007407407407407418 0.008333333333333304
0 0.3666666666666667 0.5666666666666667 0.007407407407407363 0.008333333333333304
0 0.38703703703703707 0.5611111111111111 0.005555555555555591 0.008333333333333304
0 0.4009259259259259 0.5625 0.007407407407407418 0.011111111111111072
0 0.4111111111111111 0.5638888888888889 0.005555555555555536 0.011111111111111072
0 0.41574074074074074 0.5680555555555555 0.003703703703703709 0.005555555555555536
0 0.4305555555555556 0.5590277777777778 0.007407407407407363 0.012499999999999956
0 0.4546296296296296 0.5666666666666667 0.007407407407407363 0.008333333333333304
0 0.5120370370370371 0.5729166666666667 0.011111111111111072 0.018055555555555602
0 0.563425925925926 0.5673611111111112 0.015740740740740722 0.029166666666666674
0 0.6027777777777777 0.5590277777777778 0.005555555555555536 0.012499999999999956
0 0.5861111111111111 0.5534722222222223 0.005555555555555536 0.00694444444444442
0 0.8856481481481482 0.5576388888888888 0.028703703703703676 0.03749999999999998
