0 0.9425925925925926 0.5249999999999999 0.01666666666666672 0.022222222222222254
0 0.9263888888888889 0.5333333333333334 0.02314814814814814 0.02777777777777779
0 0.7300925925925925 0.5729166666666667 0.0064814814814814214 0.012500000000000067
0 0.7180555555555556 0.5784722222222223 0.004629629629629539 0.006944444444444531
0 0.7050925925925926 0.5701388888888889 0.008333333333333304 0.012499999999999956
0 0.6324074074074074 0.5791666666666666 0.0092592592592593 0.01666666666666672
0 0.6101851851851852 0.5833333333333333 0.007407407407407418 0.011111111111111183
0 0.38703703703703707 0.6354166666666667 0.009259259259259245 0.018055555555555602
0 0.32453703703703707 0.6284722222222222 0.006481481481481477 0.012499999999999956
0 0.3550925925925926 0.6381944444444445 0.012037037037037013 0.023611111111111138
0 0.33564814814814814 0.6576388888888889 0.012037037037037068 0.02083333333333326
0 0.31018518518518523 0.6458333333333333 0.009259259259259245 0.01388888888888895
0 0.2972222222222222 0.6430555555555555 0.011111111111111072 0.01666666666666672
0 0.3087962962962963 0.6847222222222222 0.010185185185185186 0.016666666666666607
0 0.2777777777777778 0.6368055555555556 0.007407407407407418 0.012500000000000067
0 0.2606481481481482 0.663888888888889 0.012037037037037013 0.022222222222222254
0 0.23287037037037037 0.6618055555555555 0.013888888888888895 0.02083333333333337
