0 0.8055555555555556 0.46319444444444446 0.0444444444444444 0.06805555555555559
0 0.7046296296296297 0.525 0.02777777777777779 0.050000000000000044
0 0.6037037037037036 0.49583333333333335 0.02777777777777779 0.04166666666666674
0 0.48518518518518516 0.48680555555555555 0.020370370370370372 0.03194444444444444
0 0.4513888888888889 0.4888888888888889 0.019444444444444486 0.030555555555555558
0 0.38796296296296295 0.5138888888888888 0.005555555555555536 0.011111111111111183
0 0.3990740740740741 0.5131944444444445 0.005555555555555536 0.009722222222222299
0 0.41712962962962963 0.5097222222222222 0.00462962962962965 0.011111111111111072
0 0.38148148148148153 0.5125 0.003703703703703709 0.005555555555555536
0 0.37824074074074077 0.5229166666666667 0.00833333333333336 0.012499999999999956
