0 0.7055555555555555 0.4638888888888889 0.033333333333333326 0.05277777777777776
0 0.8060185185185185 0.4833333333333333 0.030555555555555558 0.05277777777777776
0 0.6388888888888888 0.4861111111111111 0.01666666666666672 0.033333333333333326
0 0.5175925925925926 0.5479166666666666 0.007407407407407418 0.015277777777777835
0 0.5351851851851852 0.5472222222222223 0.005555555555555536 0.01666666666666672
0 0.5402777777777777 0.5347222222222222 0.012037037037037068 0.019444444444444375
0 0.4912037037037037 0.5597222222222222 0.006481481481481477 0.008333333333333304
0 0.48333333333333334 0.5590277777777778 0.005555555555555536 0.012499999999999956
0 0.5675925925925926 0.5215277777777778 0.01666666666666672 0.015277777777777835
0 0.5041666666666667 0.5493055555555555 0.008333333333333304 0.012500000000000067
0 0.4583333333333333 0.5618055555555556 0.007407407407407418 0.00694444444444442
0 0.5958333333333334 0.5208333333333333 0.010185185185185186 0.011111111111111183
