0 0.22083333333333333 0.5034722222222222 0.008333333333333331 0.00694444444444442
0 0.22453703703703703 0.5208333333333333 0.006481481481481477 0.011111111111111183
0 0.26249999999999996 0.5083333333333333 0.006481481481481477 0.01388888888888884
0 0.274537037037037 0.5097222222222222 0.006481481481481477 0.01388888888888895
0 0.3976851851851852 0.46597222222222223 0.008333333333333304 0.00694444444444442
0 0.4537037037037037 0.4708333333333333 0.007407407407407418 0.008333333333333304
0 0.4736111111111111 0.46805555555555556 0.00833333333333336 0.011111111111111072
0 0.5148148148148148 0.46111111111111114 0.0037037037037037646 0.00833333333333336
0 0.6171296296296296 0.4951388888888889 0.0064814814814814214 0.012500000000000011
0 0.7194444444444444 0.4979166666666667 0.007407407407407307 0.012500000000000011
