0 0.5356481481481481 0.5916666666666667 0.00462962962962965 0.008333333333333304
0 0.5111111111111111 0.5819444444444444 0.005555555555555536 0.008333333333333415
0 0.5027777777777778 0.5847222222222223 0.005555555555555536 0.008333333333333304
0 0.44212962962962965 0.5611111111111111 0.015740740740740777 0.022222222222222143
0 0.3726851851851852 0.5465277777777777 0.015740740740740722 0.023611111111111138
0 0.3314814814814815 0.5597222222222222 0.014814814814814836 0.02499999999999991
0 0.2930555555555555 0.5541666666666667 0.012037037037037013 0.022222222222222254
0 0.2375 0.5354166666666667 0.023148148148148168 0.029166666666666674
0 0.5643518518518519 0.5902777777777778 0.002777777777777768 0.005555555555555536
0 0.5708333333333333 0.5902777777777778 0.002777777777777768 0.005555555555555536
0 0.5763888888888888 0.5909722222222222 0.002777777777777768 0.00694444444444442
0 0.5509259259259259 0.5902777777777778 0.0037037037037037646 0.005555555555555536
