0 0.38842592592592595 0.5458333333333334 0.00833333333333336 0.01388888888888895
0 0.525 0.5416666666666666 0.05555555555555558 0.07222222222222219
0 0.4300925925925926 0.5340277777777778 0.008333333333333304 0.012499999999999956
0 0.36018518518518516 0.5458333333333334 0.007407407407407418 0.01388888888888895
0 0.31666666666666665 0.5479166666666666 0.012962962962962954 0.018055555555555602
0 0.3032407407407407 0.5513888888888889 0.006481481481481477 0.011111111111111183
0 0.29212962962962963 0.5555555555555556 0.008333333333333304 0.016666666666666607
0 0.2782407407407408 0.5513888888888889 0.006481481481481477 0.011111111111111183
0 0.25787037037037036 0.5597222222222222 0.00462962962962965 0.008333333333333304
0 0.03518518518518519 0.5388888888888889 0.02962962962962963 0.050000000000000044
