0 0.28703703703703703 0.4847222222222222 0.025925925925925908 0.036111111111111094
0 0.5467592592592593 0.4604166666666667 0.028703703703703676 0.0402777777777778
0 0.6777777777777778 0.5645833333333333 0.01851851851851849 0.026388888888888795
0 0.8703703703703705 0.570138888888889 0.01851851851851849 0.026388888888888906
0 0.9648148148148148 0.6736111111111112 0.007407407407407418 0.011111111111111183
0 0.9171296296296296 0.64375 0.010185185185185186 0.018055555555555602
0 0.6037037037037036 0.6659722222222222 0.007407407407407418 0.009722222222222188
0 0.9314814814814816 0.6534722222222222 0.007407407407407418 0.012499999999999956
0 0.4912037037037037 0.6868055555555556 0.006481481481481477 0.012499999999999956
0 0.514351851851852 0.7131944444444445 0.00462962962962965 0.00694444444444442
0 0.13935185185185184 0.7194444444444444 0.0046296296296296224 0.005555555555555536
