0 0.23981481481481481 0.5402777777777779 0.022222222222222227 0.033333333333333326
0 0.37916666666666665 0.523611111111111 0.025000000000000022 0.036111111111111094
0 0.44722222222222224 0.5638888888888889 0.02777777777777779 0.036111111111111205
0 0.5148148148148148 0.54375 0.025925925925925908 0.040277777777777746
0 0.7652777777777777 0.5298611111111111 0.021296296296296258 0.029166666666666674
0 0.9884259259259259 0.46944444444444444 0.02129629629629637 0.033333333333333326
0 0.6810185185185185 0.6631944444444444 0.0064814814814814214 0.009722222222222188
0 0.6925925925925926 0.6694444444444445 0.007407407407407418 0.011111111111111183
0 0.6375 0.6652777777777777 0.008333333333333415 0.011111111111111072
0 0.8708333333333333 0.7048611111111112 0.008333333333333304 0.012500000000000067
0 0.9148148148148149 0.6590277777777778 0.005555555555555536 0.009722222222222188
0 0.9060185185185186 0.6583333333333333 0.0064814814814814214 0.011111111111111072
