0 0.688425925925926 0.6979166666666667 0.01388888888888895 0.02083333333333337
0 0.6518518518518519 0.6770833333333333 0.00925925925925919 0.012500000000000067
0 0.20555555555555555 0.6604166666666667 0.016666666666666663 0.029166666666666674
0 0.3476851851851852 0.68125 0.006481481481481477 0.012499999999999956
0 0.3060185185185185 0.6625 0.012037037037037068 0.016666666666666607
0 0.5625 0.6715277777777777 0.010185185185185075 0.012500000000000067
0 0.5425925925925925 0.6770833333333333 0.007407407407407418 0.012500000000000067
0 0.55 0.6673611111111111 0.007407407407407418 0.009722222222222299
0 0.8634259259259259 0.6826388888888889 0.0064814814814815325 0.009722222222222188
0 0.8865740740740741 0.6833333333333333 0.0064814814814815325 0.011111111111111072
0 0.9074074074074074 0.6784722222222223 0.0037037037037036535 0.00694444444444442
0 0.7189814814814814 0.6708333333333334 0.00462962962962965 0.008333333333333415
0 0.287962962962963 0.6611111111111111 0.009259259259259245 0.01388888888888884
