0 0.5638888888888889 0.5159722222222223 0.0037037037037037646 0.006944444444444531
0 0.8893518518518518 0.5125 0.0064814814814815325 0.011111111111111183
0 0.600462962962963 0.5111111111111111 0.008333333333333304 0.008333333333333304
0 0.24074074074074076 0.5083333333333333 0.009259259259259273 0.01388888888888884
0 0.22777777777777777 0.5069444444444444 0.011111111111111127 0.016666666666666607
0 0.20370370370370372 0.5118055555555556 0.009259259259259273 0.012500000000000067
0 0.15185185185185185 0.5020833333333333 0.011111111111111127 0.015277777777777724
0 0.13564814814814816 0.5006944444444444 0.010185185185185186 0.012499999999999956
0 0.20601851851851855 0.4666666666666667 0.008333333333333331 0.011111111111111072
0 0.25601851851851853 0.4736111111111111 0.00462962962962965 0.011111111111111127
