0 0.6361111111111111 0.5055555555555555 0.005555555555555536 0.016666666666666607
0 0.5324074074074074 0.5472222222222223 0.011111111111111072 0.01666666666666672
0 0.4097222222222222 0.5222222222222223 0.006481481481481477 0.008333333333333304
0 0.39305555555555555 0.5201388888888889 0.008333333333333304 0.012500000000000067
0 0.38287037037037036 0.5229166666666667 0.008333333333333304 0.015277777777777835
0 0.36898148148148147 0.5131944444444445 0.00462962962962965 0.009722222222222299
0 0.36296296296296293 0.5222222222222223 0.007407407407407363 0.008333333333333304
0 0.3375 0.5222222222222221 0.00833333333333336 0.01666666666666672
0 0.3175925925925926 0.5138888888888888 0.011111111111111072 0.01666666666666672
0 0.2930555555555555 0.5201388888888889 0.006481481481481477 0.012500000000000067
0 0.2564814814814815 0.475 0.020370370370370372 0.030555555555555558
0 0.2064814814814815 0.49444444444444446 0.020370370370370372 0.027777777777777735
