0 0.27546296296296297 0.5729166666666666 0.030555555555555558 0.056944444444444464
0 0.37222222222222223 0.6381944444444445 0.022222222222222254 0.029166666666666674
0 0.4773148148148148 0.6375 0.010185185185185186 0.011111111111111183
0 0.4916666666666667 0.6375 0.005555555555555591 0.01388888888888895
0 0.5597222222222222 0.6423611111111112 0.008333333333333304 0.015277777777777835
0 0.5796296296296296 0.6375 0.011111111111111072 0.01388888888888895
0 0.6819444444444445 0.6375 0.010185185185185186 0.01666666666666672
0 0.6333333333333333 0.6479166666666667 0.0092592592592593 0.015277777777777835
0 0.5958333333333333 0.6388888888888888 0.004629629629629539 0.008333333333333415
0 0.6546296296296297 0.6465277777777778 0.005555555555555536 0.009722222222222188
