0 0.6296296296296297 0.40694444444444444 0.040740740740740744 0.05833333333333335
0 0.8041666666666667 0.4361111111111111 0.036111111111111094 0.05833333333333335
0 0.7453703703703703 0.4590277777777778 0.024074074074074137 0.03750000000000003
0 0.5064814814814815 0.48680555555555555 0.020370370370370428 0.03749999999999998
0 0.5680555555555555 0.5027777777777778 0.012037037037037068 0.03333333333333338
0 0.9263888888888889 0.4861111111111111 0.019444444444444486 0.036111111111111094
0 0.4412037037037037 0.5375 0.00462962962962965 0.011111111111111072
0 0.41574074074074074 0.5298611111111111 0.007407407407407418 0.015277777777777724
0 0.45231481481481484 0.5298611111111111 0.004629629629629595 0.015277777777777724
0 0.4708333333333333 0.5354166666666667 0.00462962962962965 0.00694444444444442
0 0.5268518518518519 0.5006944444444444 0.011111111111111183 0.012499999999999956
0 0.549074074074074 0.5104166666666667 0.011111111111111072 0.02083333333333337
