0 0.0125 0.648611111111111 0.013888888888888888 0.019444444444444486
0 0.09861111111111111 0.6576388888888889 0.01203703703703704 0.02083333333333326
0 0.35462962962962963 0.5152777777777777 0.014814814814814836 0.033333333333333326
0 0.4819444444444444 0.475 0.013888888888888895 0.03888888888888892
0 0.8587962962962963 0.36597222222222225 0.012037037037037068 0.04305555555555557
0 0.6662037037037037 0.6166666666666667 0.008333333333333304 0.011111111111111072
0 0.7851851851851852 0.6333333333333333 0.0092592592592593 0.01388888888888884
0 0.8023148148148148 0.6423611111111112 0.008333333333333304 0.012500000000000067
0 0.975462962962963 0.5541666666666667 0.0064814814814815325 0.008333333333333304
0 0.8518518518518519 0.6347222222222222 0.0092592592592593 0.01388888888888895
0 0.12962962962962965 0.7381944444444445 0.005555555555555564 0.00694444444444442
0 0.11666666666666667 0.7319444444444445 0.003703703703703709 0.008333333333333415
0 0.08194444444444444 0.7416666666666667 0.006481481481481477 0.008333333333333304
0 0.06111111111111111 0.7708333333333334 0.003703703703703695 0.005555555555555536
0 0.4310185185185185 0.7201388888888889 0.00462962962962965 0.00694444444444442
0 0.4550925925925926 0.6923611111111111 0.00462962962962965 0.00694444444444442
0 0.7856481481481481 0.6465277777777778 0.00462962962962965 0.012500000000000067
0 0.8564814814814815 0.6201388888888889 0.005555555555555536 0.00694444444444442
0 0.9949074074074074 0.5395833333333333 0.00462962962962965 0.012499999999999956
