0 0.42546296296296293 0.48125 0.013888888888888895 0.03749999999999998
0 0.6231481481481481 0.5090277777777779 0.011111111111111072 0.023611111111111138
0 0.7736111111111111 0.45902777777777776 0.017592592592592604 0.029166666666666674
0 0.924074074074074 0.4722222222222222 0.0092592592592593 0.0222222222222222
0 0.10694444444444445 0.6555555555555556 0.012037037037037027 0.01388888888888884
0 0.7986111111111112 0.5875 0.008333333333333415 0.011111111111111072
0 0.7268518518518519 0.5986111111111111 0.005555555555555536 0.011111111111111072
0 0.6972222222222222 0.6152777777777778 0.005555555555555536 0.011111111111111072
0 0.6791666666666667 0.6076388888888888 0.0064814814814815325 0.012500000000000067
0 0.6625 0.625 0.0064814814814815325 0.01388888888888884
0 0.49907407407407406 0.6604166666666667 0.007407407407407418 0.009722222222222188
0 0.0060185185185185185 0.7625 0.004629629629629629 0.005555555555555536
