0 0.21574074074074073 0.5444444444444445 0.012962962962962954 0.025000000000000022
0 0.1550925925925926 0.5402777777777779 0.013888888888888895 0.022222222222222254
0 0.375 0.5284722222222222 0.01666666666666672 0.023611111111111027
0 0.4046296296296297 0.5409722222222222 0.016666666666666663 0.029166666666666674
0 0.6050925925925926 0.5333333333333333 0.008333333333333304 0.01388888888888884
0 0.6134259259259259 0.5347222222222222 0.0064814814814815325 0.016666666666666607
0 0.6328703703703704 0.5576388888888889 0.010185185185185186 0.02083333333333326
0 0.6949074074074074 0.5583333333333333 0.012037037037037068 0.016666666666666607
0 0.5643518518518518 0.5340277777777778 0.010185185185185186 0.01805555555555549
0 0.7300925925925926 0.5458333333333334 0.012037037037037068 0.01388888888888895
0 0.5865740740740741 0.54375 0.010185185185185186 0.015277777777777835
0 0.8101851851851852 0.5430555555555556 0.005555555555555536 0.008333333333333415
