0 0.2685185185185185 0.5423611111111111 0.018518518518518545 0.03194444444444444
0 0.5384259259259259 0.5041666666666667 0.021296296296296258 0.030555555555555614
0 0.599537037037037 0.5270833333333333 0.017592592592592493 0.026388888888888906
0 0.662962962962963 0.5395833333333333 0.014814814814814836 0.026388888888888906
0 0.7555555555555555 0.5409722222222222 0.014814814814814836 0.023611111111111138
0 0.04490740740740741 0.3604166666666667 0.026851851851851856 0.048611111111111105
0 0.21250000000000002 0.6361111111111111 0.01203703703703704 0.01666666666666672
0 0.12037037037037038 0.7326388888888888 0.00555555555555555 0.006944444444444531
0 0.08981481481481482 0.7277777777777777 0.00555555555555555 0.008333333333333304
0 0.2310185185185185 0.7277777777777777 0.0046296296296296224 0.008333333333333304
0 0.3962962962962963 0.6659722222222222 0.007407407407407418 0.009722222222222188
0 0.4125 0.6701388888888888 0.006481481481481477 0.009722222222222299
0 0.5138888888888888 0.6506944444444445 0.005555555555555647 0.00694444444444442
0 0.6375 0.6305555555555555 0.00462962962962965 0.011111111111111072
0 0.6263888888888889 0.6229166666666667 0.004629629629629539 0.009722222222222188
0 0.7296296296296296 0.6083333333333334 0.007407407407407307 0.011111111111111183
0 0.712962962962963 0.6076388888888888 0.005555555555555647 0.009722222222222299
0 0.8726851851851851 0.6145833333333334 0.00462962962962965 0.00694444444444442
0 0.849537037037037 0.625 0.00462962962962965 0.008333333333333304
0 0.9013888888888888 0.61875 0.00462962962962965 0.00694444444444442
