0 0.1439814814814815 0.4527777777777777 0.030555555555555558 0.04722222222222222
0 0.8222222222222222 0.4847222222222222 0.01666666666666672 0.022222222222222254
0 0.7222222222222222 0.4145833333333333 0.0185185185185186 0.034722222222222265
0 0.38796296296296295 0.4861111111111111 0.025925925925925908 0.036111111111111094
0 0.46759259259259256 0.6888888888888889 0.0018518518518518268 0.005555555555555536
0 0.525 0.68125 0.0037037037037037646 0.004166666666666652
0 0.6291666666666667 0.6201388888888889 0.0064814814814815325 0.012499999999999956
0 0.6398148148148148 0.61875 0.0092592592592593 0.012499999999999956
0 0.6564814814814814 0.6263888888888889 0.007407407407407418 0.011111111111111072
0 0.674074074074074 0.63125 0.007407407407407418 0.009722222222222188
0 0.7504629629629629 0.6027777777777779 0.0064814814814814214 0.01388888888888895
0 0.8555555555555555 0.6208333333333333 0.005555555555555536 0.005555555555555536
