0 0.10648148148148148 0.523611111111111 0.014814814814814808 0.030555555555555558
0 0.38287037037037036 0.5013888888888889 0.025000000000000022 0.03888888888888892
0 0.5546296296296296 0.4277777777777778 0.031481481481481555 0.05833333333333329
0 0.8800925925925926 0.42708333333333337 0.02314814814814825 0.05138888888888887
0 0.9152777777777779 0.68125 0.00462962962962965 0.00694444444444442
0 0.8814814814814815 0.6847222222222222 0.005555555555555647 0.008333333333333304
0 0.861574074074074 0.6777777777777778 0.00462962962962965 0.008333333333333304
0 0.8365740740740741 0.6715277777777777 0.00462962962962965 0.009722222222222299
0 0.8296296296296296 0.6847222222222222 0.005555555555555536 0.008333333333333304
0 0.8064814814814815 0.7173611111111111 0.005555555555555536 0.009722222222222188
0 0.7796296296296297 0.6930555555555555 0.007407407407407418 0.008333333333333304
0 0.7208333333333333 0.6604166666666667 0.0064814814814815325 0.012499999999999956
0 0.22361111111111112 0.6777777777777778 0.010185185185185186 0.011111111111111072
0 0.11759259259259258 0.6729166666666666 0.011111111111111113 0.015277777777777835
0 0.02962962962962963 0.6652777777777779 0.011111111111111113 0.01388888888888895
