0 0.46018518518518514 0.5611111111111111 0.0314814814814815 0.050000000000000044
0 0.4930555555555556 0.5854166666666667 0.023148148148148195 0.040277777777777746
0 0.5564814814814815 0.6298611111111112 0.011111111111111072 0.03472222222222221
0 0.7828703703703703 0.5902777777777778 0.025000000000000022 0.03888888888888897
0 0.9097222222222222 0.5743055555555556 0.026851851851851904 0.03749999999999998
0 0.6921296296296295 0.7506944444444444 0.010185185185185186 0.015277777777777724
0 0.8180555555555555 0.7375 0.012037037037037068 0.01666666666666672
0 0.8592592592592593 0.7284722222222222 0.005555555555555536 0.015277777777777835
0 0.6453703703703704 0.7638888888888888 0.007407407407407307 0.01388888888888895
0 0.6625000000000001 0.7416666666666667 0.010185185185185186 0.01388888888888884
0 0.7439814814814815 0.8048611111111111 0.0064814814814815325 0.009722222222222188
