0 0.2833333333333333 0.5277777777777777 0.01851851851851849 0.02777777777777779
0 0.5083333333333333 0.5194444444444444 0.012962962962962954 0.02777777777777779
0 0.6736111111111112 0.3284722222222222 0.03240740740740733 0.05138888888888893
0 0.8208333333333333 0.48680555555555555 0.017592592592592604 0.023611111111111138
0 0.9555555555555555 0.5534722222222221 0.007407407407407418 0.018055555555555602
0 0.8962962962962964 0.5798611111111112 0.00925925925925919 0.015277777777777835
0 0.8537037037037037 0.6395833333333334 0.005555555555555536 0.012500000000000067
0 0.8023148148148148 0.6444444444444444 0.008333333333333304 0.011111111111111183
0 0.7347222222222223 0.6486111111111111 0.008333333333333415 0.01388888888888884
0 0.5481481481481482 0.4986111111111111 0.0092592592592593 0.01944444444444443
