0 0.987037037037037 0.55 0.011111111111111072 0.01388888888888895
0 0.9555555555555555 0.5611111111111111 0.011111111111111183 0.01388888888888884
0 0.9430555555555555 0.5527777777777778 0.012037037037037068 0.01666666666666672
0 0.9291666666666667 0.5569444444444445 0.010185185185185186 0.01388888888888884
0 0.7189814814814814 0.6090277777777777 0.008333333333333304 0.012500000000000067
0 0.726388888888889 0.6111111111111112 0.00462962962962965 0.008333333333333415
0 0.6370370370370371 0.6027777777777779 0.007407407407407418 0.01666666666666672
0 0.4638888888888889 0.46111111111111114 0.016666666666666663 0.03888888888888892
0 0.28240740740740744 0.6291666666666667 0.011111111111111127 0.016666666666666607
0 0.21574074074074073 0.6416666666666666 0.0111111111111111 0.01666666666666672
0 0.05416666666666667 0.6694444444444445 0.010185185185185186 0.01666666666666672
