0 0.5787037037037037 0.6340277777777779 0.016666666666666607 0.026388888888888906
0 0.6023148148148147 0.5777777777777777 0.019444444444444486 0.036111111111111094
0 0.6444444444444445 0.5486111111111112 0.014814814814814836 0.02777777777777779
0 0.5449074074074074 0.5638888888888889 0.015740740740740722 0.02499999999999991
0 0.47777777777777775 0.5965277777777778 0.016666666666666663 0.023611111111111027
0 0.4009259259259259 0.5694444444444444 0.011111111111111127 0.025000000000000022
0 0.48657407407407405 0.5770833333333334 0.012037037037037013 0.02083333333333337
0 0.5282407407407408 0.5729166666666667 0.012037037037036957 0.02083333333333337
0 0.9222222222222223 0.5194444444444444 0.012962962962962954 0.022222222222222254
0 0.9828703703703704 0.5083333333333333 0.01388888888888884 0.01388888888888884
