0 0.8939814814814815 0.4576388888888889 0.02129629629629637 0.026388888888888906
0 0.9560185185185186 0.5604166666666667 0.010185185185185186 0.012499999999999956
0 0.8925925925925926 0.625 0.005555555555555536 0.008333333333333304
0 0.6388888888888888 0.4986111111111111 0.01851851851851849 0.027777777777777735
0 0.6000000000000001 0.5986111111111111 0.007407407407407418 0.01388888888888884
0 0.6324074074074074 0.6354166666666666 0.005555555555555536 0.009722222222222188
0 0.4875 0.4472222222222222 0.010185185185185186 0.016666666666666663
0 0.4916666666666667 0.42916666666666664 0.007407407407407363 0.030555555555555558
0 0.4189814814814815 0.4944444444444444 0.023148148148148195 0.03888888888888886
0 0.37037037037037035 0.5375000000000001 0.016666666666666663 0.030555555555555558
0 0.3416666666666667 0.5534722222222221 0.020370370370370372 0.03194444444444444
0 0.14953703703703702 0.5006944444444444 0.026851851851851877 0.0319444444444445
0 0.10138888888888889 0.6506944444444445 0.0046296296296296224 0.012499999999999956
0 0.19537037037037036 0.7111111111111111 0.003703703703703709 0.008333333333333304
0 0.2851851851851852 0.7118055555555556 0.003703703703703709 0.00694444444444442
