0 0.0699074074074074 0.6708333333333334 0.010185185185185186 0.01666666666666672
0 0.25833333333333336 0.5618055555555554 0.018518518518518517 0.03194444444444444
0 0.5564814814814815 0.5208333333333333 0.016666666666666607 0.036111111111111094
0 0.8060185185185185 0.3868055555555555 0.028703703703703787 0.05416666666666664
0 0.9462962962962963 0.6763888888888889 0.005555555555555536 0.008333333333333304
0 0.9254629629629629 0.6527777777777778 0.0064814814814814214 0.011111111111111072
0 0.8597222222222223 0.4847222222222222 0.010185185185185186 0.025000000000000022
0 0.7259259259259259 0.7208333333333333 0.007407407407407418 0.011111111111111072
0 0.6370370370370371 0.6868055555555556 0.005555555555555536 0.012499999999999956
0 0.3962962962962963 0.7020833333333334 0.005555555555555536 0.009722222222222299
0 0.3458333333333333 0.7145833333333333 0.00462962962962965 0.009722222222222188
0 0.001851851851851852 0.7194444444444444 0.003703703703703704 0.008333333333333304
