0 0.46435185185185185 0.30000000000000004 0.010185185185185186 0.04444444444444445
0 0.37824074074074077 0.48819444444444443 0.01759259259259255 0.026388888888888906
0 0.6388888888888888 0.5277777777777777 0.01851851851851849 0.025000000000000022
0 0.686574074074074 0.4708333333333333 0.025000000000000022 0.036111111111111094
0 0.7194444444444444 0.5131944444444445 0.011111111111111072 0.029166666666666674
0 0.2851851851851852 0.6263888888888889 0.011111111111111127 0.019444444444444375
0 0.2101851851851852 0.6388888888888888 0.014814814814814808 0.022222222222222254
0 0.9851851851851852 0.5506944444444444 0.0092592592592593 0.018055555555555602
0 0.9064814814814814 0.5645833333333333 0.011111111111111183 0.015277777777777724
0 0.587962962962963 0.6263888888888889 0.005555555555555647 0.011111111111111072
