0 0.8490740740740741 0.44722222222222224 0.01851851851851849 0.030555555555555558
0 0.9106481481481481 0.6083333333333334 0.002777777777777879 0.005555555555555647
0 0.9953703703703705 0.5340277777777778 0.007407407407407418 0.015277777777777724
0 0.7986111111111112 0.6319444444444444 0.00462962962962965 0.008333333333333304
0 0.7527777777777778 0.6104166666666666 0.005555555555555536 0.009722222222222299
0 0.7060185185185185 0.5194444444444444 0.017592592592592604 0.02777777777777779
0 0.6324074074074074 0.47430555555555554 0.0185185185185186 0.03194444444444444
0 0.6277777777777778 0.5173611111111112 0.011111111111111072 0.026388888888888906
0 0.524537037037037 0.3652777777777778 0.010185185185185186 0.03611111111111115
0 0.37731481481481477 0.5486111111111112 0.01944444444444443 0.033333333333333326
0 0.3087962962962963 0.5347222222222222 0.008333333333333304 0.022222222222222143
0 0.23333333333333334 0.6493055555555556 0.009259259259259245 0.015277777777777724
0 0.009259259259259259 0.6604166666666667 0.01296296296296296 0.01805555555555549
0 0.125 0.7409722222222223 0.003703703703703709 0.004166666666666652
