0 0.7384259259259259 0.46319444444444446 0.019444444444444375 0.03750000000000003
0 0.03518518518518518 0.6590277777777778 0.007407407407407411 0.015277777777777724
0 0.0712962962962963 0.6597222222222222 0.00555555555555555 0.016666666666666607
0 0.12175925925925926 0.6756944444444444 0.008333333333333318 0.015277777777777835
0 0.20925925925925926 0.6548611111111111 0.007407407407407418 0.015277777777777724
0 0.23842592592592593 0.6770833333333333 0.006481481481481477 0.012500000000000067
0 0.39675925925925926 0.7020833333333334 0.00462962962962965 0.006944444444444531
0 0.5083333333333333 0.7131944444444445 0.0037037037037036535 0.004166666666666652
0 0.5347222222222223 0.6902777777777778 0.00462962962962965 0.008333333333333304
0 0.5407407407407407 0.7111111111111111 0.0037037037037037646 0.005555555555555536
0 0.5569444444444445 0.7125 0.00462962962962965 0.008333333333333304
0 0.711111111111111 0.6784722222222223 0.0037037037037036535 0.009722222222222188
0 0.8597222222222223 0.6666666666666666 0.00462962962962965 0.008333333333333304
0 0.8365740740740741 0.6701388888888888 0.00462962962962965 0.009722222222222299
0 0.8509259259259259 0.6770833333333334 0.005555555555555647 0.009722222222222188
