0 0.7949074074074074 0.36875 0.019444444444444375 0.04583333333333334
0 0.8925925925925926 0.45416666666666666 0.012962962962962954 0.02777777777777779
0 0.6972222222222222 0.51875 0.014814814814814836 0.026388888888888906
0 0.33564814814814814 0.5888888888888888 0.01944444444444443 0.030555555555555558
0 0.4083333333333333 0.5972222222222223 0.016666666666666663 0.030555555555555558
0 0.6162037037037037 0.68125 0.0064814814814815325 0.009722222222222188
0 0.6305555555555555 0.6826388888888889 0.005555555555555536 0.009722222222222188
0 0.007870370370370371 0.6701388888888888 0.008333333333333333 0.009722222222222299
0 0.10601851851851851 0.6458333333333333 0.004629629629629636 0.01388888888888895
0 0.4703703703703704 0.6854166666666667 0.005555555555555536 0.009722222222222188
0 0.5462962962962963 0.7027777777777777 0.0037037037037037646 0.008333333333333415
0 0.5587962962962962 0.6805555555555556 0.00462962962962965 0.008333333333333304
0 0.5342592592592592 0.6958333333333333 0.0018518518518518823 0.005555555555555536
0 0.5277777777777778 0.7125 0.0037037037037037646 0.005555555555555536
0 0.6953703703703704 0.725 0.0037037037037036535 0.008333333333333304
0 0.7240740740740741 0.7229166666666667 0.005555555555555536 0.009722222222222188
0 0.9851851851851852 0.6979166666666666 0.0037037037037037646 0.00694444444444442
0 0.9666666666666667 0.69375 0.0037037037037037646 0.00694444444444442
0 0.8643518518518518 0.6826388888888889 0.00462962962962965 0.00694444444444442
0 0.837962962962963 0.6729166666666666 0.0037037037037036535 0.006944444444444531
0 0.8356481481481481 0.6826388888888889 0.004629629629629539 0.00694444444444442
