0 0.8671296296296296 0.4354166666666667 0.019444444444444486 0.029166666666666674
0 0.9675925925925926 0.5604166666666667 0.0037037037037036535 0.009722222222222188
0 0.7143518518518519 0.5277777777777778 0.015740740740740722 0.022222222222222143
0 0.6064814814814814 0.4604166666666667 0.007407407407407418 0.02916666666666662
0 0.5893518518518519 0.5229166666666667 0.017592592592592493 0.023611111111111138
0 0.5439814814814814 0.5381944444444444 0.015740740740740722 0.023611111111111138
0 0.500462962962963 0.5298611111111111 0.00833333333333336 0.023611111111111027
0 0.33194444444444443 0.5229166666666667 0.015740740740740722 0.026388888888888906
0 0.2986111111111111 0.523611111111111 0.010185185185185186 0.025000000000000022
0 0.12962962962962962 0.6451388888888889 0.012962962962962954 0.015277777777777835
0 0.03194444444444444 0.6444444444444444 0.015740740740740743 0.019444444444444486
0 0.5652777777777778 0.6486111111111111 0.0064814814814815325 0.008333333333333304
0 0.649537037037037 0.625 0.00462962962962965 0.011111111111111072
