0 0.9180555555555556 0.41597222222222224 0.019444444444444486 0.029166666666666674
0 0.9097222222222223 0.4826388888888889 0.015740740740740722 0.02083333333333337
0 0.8013888888888889 0.6388888888888888 0.00462962962962965 0.008333333333333415
0 0.7578703703703704 0.6104166666666666 0.0064814814814814214 0.009722222222222299
0 0.6893518518518519 0.5506944444444444 0.01388888888888884 0.02083333333333337
0 0.65 0.5486111111111112 0.014814814814814836 0.019444444444444486
0 0.599537037037037 0.5381944444444444 0.015740740740740722 0.02083333333333337
0 0.5694444444444444 0.5222222222222221 0.016666666666666607 0.022222222222222254
0 0.5476851851851852 0.6041666666666667 0.010185185185185186 0.01388888888888895
0 0.4898148148148148 0.5194444444444444 0.0037037037037036535 0.022222222222222254
0 0.18888888888888888 0.6430555555555555 0.011111111111111127 0.01666666666666672
0 0.06111111111111111 0.7409722222222223 0.003703703703703695 0.00694444444444442
0 0.11481481481481481 0.7416666666666667 0.003703703703703709 0.005555555555555536
0 0.17314814814814816 0.7430555555555556 0.0037037037037036813 0.005555555555555536
