0 0.43148148148148147 0.55 0.020370370370370372 0.025000000000000022
0 0.46111111111111114 0.5708333333333333 0.016666666666666663 0.025000000000000022
0 0.49583333333333335 0.5520833333333333 0.01944444444444443 0.026388888888888906
0 0.538888888888889 0.5611111111111111 0.012962962962962954 0.022222222222222143
0 0.5689814814814815 0.5458333333333334 0.01388888888888895 0.019444444444444486
0 0.7157407407407408 0.5541666666666667 0.011111111111111183 0.019444444444444486
0 0.34675925925925927 0.5722222222222222 0.008333333333333304 0.01388888888888895
0 0.3921296296296296 0.5694444444444444 0.004629629629629595 0.008333333333333304
0 0.6597222222222222 0.5631944444444444 0.02129629629629637 0.029166666666666563
0 0.023148148148148147 0.5805555555555555 0.018518518518518517 0.022222222222222254
0 0.3300925925925926 0.5694444444444444 0.006481481481481477 0.011111111111111072
