0 0.1111111111111111 0.7416666666666667 0.003703703703703695 0.005555555555555536
0 0.15462962962962962 0.7284722222222222 0.0018518518518518545 0.004166666666666652
0 0.06203703703703703 0.7680555555555555 0.0018518518518518476 0.005555555555555647
0 0.18703703703703703 0.5006944444444444 0.012962962962962954 0.034722222222222265
0 0.27175925925925926 0.5229166666666667 0.019444444444444486 0.03194444444444444
0 0.3902777777777778 0.6194444444444445 0.010185185185185186 0.01388888888888884
0 0.4115740740740741 0.6722222222222223 0.004629629629629595 0.008333333333333415
0 0.5092592592592593 0.6409722222222223 0.0037037037037036535 0.012500000000000067
0 0.5773148148148148 0.5118055555555556 0.017592592592592604 0.029166666666666674
0 0.6203703703703703 0.625 0.005555555555555536 0.011111111111111072
0 0.6342592592592593 0.6194444444444445 0.0037037037037036535 0.008333333333333304
0 0.6375 0.4083333333333333 0.012037037037036957 0.04166666666666663
0 0.7662037037037037 0.5027777777777778 0.017592592592592604 0.0222222222222222
0 0.787962962962963 0.41041666666666665 0.014814814814814836 0.03194444444444444
0 0.8245370370370371 0.24930555555555556 0.012037037037037068 0.04583333333333331
0 0.9740740740740741 0.5555555555555556 0.007407407407407418 0.01388888888888884
