0 0.48333333333333334 0.5625 0.014814814814814836 0.02777777777777768
0 0.5314814814814814 0.5722222222222222 0.007407407407407418 0.025000000000000022
0 0.8425925925925926 0.5458333333333334 0.011111111111111072 0.02777777777777779
0 0.39722222222222225 0.5520833333333333 0.007407407407407363 0.026388888888888906
0 0.5601851851851851 0.6743055555555555 0.007407407407407418 0.009722222222222299
0 0.6634259259259259 0.6784722222222223 0.0064814814814814214 0.009722222222222188
0 0.7097222222222221 0.6722222222222223 0.0064814814814814214 0.011111111111111183
0 0.9597222222222221 0.6215277777777778 0.0064814814814814214 0.015277777777777724
0 0.9375 0.6347222222222222 0.010185185185185075 0.01388888888888895
0 0.6768518518518518 0.6756944444444444 0.007407407407407418 0.012500000000000067
0 0.9078703703703703 0.6548611111111111 0.0064814814814814214 0.00694444444444442
