0 0.05416666666666667 0.6472222222222221 0.012037037037037034 0.01666666666666672
0 0.1449074074074074 0.65625 0.010185185185185186 0.015277777777777724
0 0.08564814814814814 0.7381944444444445 0.002777777777777782 0.00694444444444442
0 0.12129629629629629 0.7402777777777778 0.003703703703703695 0.005555555555555536
0 0.225 0.7222222222222222 0.003703703703703709 0.005555555555555536
0 0.32731481481481484 0.695138888888889 0.012037037037037013 0.018055555555555602
0 0.5699074074074073 0.5361111111111112 0.015740740740740722 0.025000000000000022
0 0.6097222222222223 0.6076388888888888 0.002777777777777879 0.009722222222222299
0 0.6888888888888889 0.6048611111111111 0.007407407407407307 0.009722222222222299
0 0.7087962962962964 0.6104166666666666 0.0064814814814814214 0.009722222222222299
0 0.7555555555555555 0.6034722222222222 0.0037037037037037646 0.00694444444444442
0 0.7856481481481481 0.6326388888888889 0.0064814814814814214 0.009722222222222188
0 0.8027777777777778 0.64375 0.005555555555555536 0.009722222222222299
0 0.8518518518518519 0.6347222222222222 0.0092592592592593 0.011111111111111072
0 0.8699074074074074 0.6368055555555556 0.008333333333333415 0.012500000000000067
0 0.9185185185185185 0.6076388888888888 0.0037037037037037646 0.006944444444444531
0 0.9564814814814815 0.4125 0.024074074074074137 0.033333333333333326
0 0.9888888888888889 0.5597222222222222 0.0037037037037036535 0.011111111111111072
0 0.6138888888888889 0.47777777777777775 0.005555555555555536 0.0222222222222222
0 0.49675925925925923 0.6826388888888889 0.0027777777777778234 0.00694444444444442
0 0.4648148148148148 0.45416666666666666 0.005555555555555591 0.02777777777777779
