0 0.9087962962962963 0.4423611111111111 0.030555555555555558 0.0402777777777778
0 0.4662037037037037 0.5777777777777777 0.015740740740740777 0.025000000000000022
0 0.01898148148148148 0.65625 0.013888888888888888 0.023611111111111027
0 0.15416666666666667 0.663888888888889 0.010185185185185186 0.019444444444444486
0 0.7810185185185186 0.2451388888888889 0.017592592592592604 0.07083333333333333
0 0.7236111111111112 0.6763888888888889 0.00462962962962965 0.011111111111111183
0 0.6930555555555555 0.6854166666666667 0.00462962962962965 0.009722222222222188
0 0.6759259259259259 0.6791666666666667 0.005555555555555536 0.008333333333333304
0 0.6662037037037036 0.6736111111111112 0.00462962962962965 0.011111111111111183
0 0.5972222222222222 0.68125 0.005555555555555536 0.009722222222222188
