0 0.9393518518518519 0.38611111111111107 0.017592592592592604 0.041666666666666685
0 0.7875000000000001 0.5347222222222223 0.015740740740740722 0.036111111111111094
0 0.7157407407407408 0.5034722222222222 0.00925925925925919 0.0319444444444445
0 0.12916666666666665 0.68125 0.006481481481481505 0.012499999999999956
0 0.07361111111111111 0.6701388888888888 0.008333333333333331 0.015277777777777835
0 0.06342592592592593 0.6708333333333334 0.010185185185185186 0.01666666666666672
0 0.05138888888888889 0.6479166666666667 0.004629629629629629 0.018055555555555602
0 0.5986111111111111 0.6847222222222222 0.0064814814814815325 0.011111111111111072
0 0.787037037037037 0.66875 0.007407407407407418 0.009722222222222299
0 0.674074074074074 0.6868055555555556 0.005555555555555536 0.009722222222222188
0 0.6412037037037037 0.6763888888888889 0.0064814814814815325 0.011111111111111183
0 0.6509259259259259 0.6666666666666667 0.0037037037037037646 0.011111111111111183
0 0.6166666666666667 0.6972222222222222 0.005555555555555536 0.008333333333333304
0 0.5157407407407407 0.7131944444444445 0.0037037037037037646 0.00694444444444442
0 0.5027777777777778 0.7166666666666667 0.0037037037037037646 0.005555555555555536
0 0.5833333333333333 0.7173611111111111 0.0037037037037036535 0.00694444444444442
0 0.47824074074074074 0.6833333333333333 0.006481481481481477 0.011111111111111072
