0 0.4527777777777778 0.5277777777777778 0.005555555555555536 0.022222222222222143
0 0.5486111111111112 0.538888888888889 0.010185185185185186 0.022222222222222254
0 0.8111111111111111 0.5562499999999999 0.014814814814814836 0.023611111111111138
0 0.6930555555555555 0.6180555555555556 0.008333333333333304 0.011111111111111072
0 0.6537037037037037 0.6409722222222223 0.007407407407407418 0.012500000000000067
0 0.9615740740740741 0.5520833333333333 0.00462962962962965 0.012500000000000067
0 0.8087962962962962 0.49583333333333335 0.008333333333333415 0.01944444444444443
0 0.725 0.6513888888888889 0.0037037037037037646 0.005555555555555536
0 0.3740740740740741 0.6993055555555555 0.003703703703703709 0.00694444444444442
0 0.1476851851851852 0.7277777777777777 0.0046296296296296224 0.005555555555555536
0 0.12546296296296294 0.7381944444444445 0.0046296296296296224 0.00694444444444442
