0 0.4462962962962963 0.5819444444444444 0.016666666666666663 0.025000000000000022
0 0.5671296296296297 0.5597222222222222 0.02314814814814814 0.030555555555555558
0 0.6013888888888889 0.5743055555555556 0.01388888888888884 0.02083333333333337
0 0.4009259259259259 0.59375 0.01481481481481478 0.03194444444444455
0 0.7731481481481481 0.5694444444444444 0.012962962962962954 0.025000000000000022
0 0.5351851851851852 0.5618055555555556 0.01851851851851849 0.029166666666666563
0 0.7351851851851852 0.5729166666666667 0.007407407407407418 0.018055555555555602
0 0.6513888888888889 0.5722222222222222 0.008333333333333304 0.019444444444444486
0 0.9138888888888889 0.5166666666666666 0.0092592592592593 0.01666666666666672
0 0.9935185185185185 0.5048611111111111 0.011111111111111183 0.02638888888888896
