0 0.18796296296296294 0.5118055555555556 0.018518518518518517 0.03472222222222221
0 0.4537037037037037 0.507638888888889 0.007407407407407418 0.029166666666666674
0 0.6212962962962962 0.5270833333333333 0.005555555555555647 0.023611111111111138
0 0.6736111111111112 0.5194444444444444 0.01388888888888895 0.01666666666666672
0 0.7472222222222222 0.43680555555555556 0.012962962962962954 0.029166666666666674
0 0.8023148148148148 0.64375 0.008333333333333304 0.012500000000000067
0 0.8546296296296296 0.6388888888888888 0.007407407407407307 0.01388888888888895
0 0.8953703703703704 0.5784722222222223 0.0092592592592593 0.012500000000000067
0 0.9777777777777777 0.5576388888888889 0.0092592592592593 0.012499999999999956
0 0.549537037037037 0.6493055555555556 0.004629629629629539 0.009722222222222188
0 0.31805555555555554 0.6895833333333333 0.004629629629629595 0.01805555555555549
