0 0.975 0.55625 0.0092592592592593 0.012499999999999956
0 0.811574074074074 0.32013888888888886 0.015740740740740722 0.04583333333333334
0 0.8634259259259259 0.5819444444444444 0.008333333333333304 0.01388888888888895
0 0.7884259259259259 0.59375 0.008333333333333415 0.012499999999999956
0 0.7402777777777778 0.43194444444444446 0.019444444444444486 0.03611111111111115
0 0.7037037037037037 0.4875 0.01851851851851849 0.02777777777777779
0 0.6287037037037038 0.4423611111111111 0.014814814814814725 0.03750000000000003
0 0.5578703703703703 0.5194444444444444 0.017592592592592604 0.025000000000000022
0 0.5898148148148148 0.6368055555555556 0.0092592592592593 0.009722222222222299
0 0.42083333333333334 0.49236111111111114 0.012037037037037068 0.02638888888888885
0 0.2490740740740741 0.7201388888888889 0.003703703703703709 0.00694444444444442
0 0.15324074074074073 0.47777777777777775 0.01203703703703704 0.027777777777777735
