0 0.8018518518518518 0.45625 0.059259259259259234 0.08750000000000002
0 0.549537037037037 0.5562499999999999 0.02499999999999991 0.040277777777777746
0 0.4300925925925926 0.5541666666666667 0.010185185185185186 0.019444444444444486
0 0.38842592592592595 0.5659722222222223 0.010185185185185186 0.026388888888888906
0 0.3523148148148148 0.5638888888888889 0.010185185185185186 0.016666666666666607
0 0.33564814814814814 0.5618055555555556 0.008333333333333304 0.01805555555555549
0 0.2657407407407407 0.56875 0.007407407407407418 0.012499999999999956
0 0.2861111111111111 0.5652777777777778 0.005555555555555536 0.008333333333333304
0 0.2930555555555555 0.5652777777777778 0.006481481481481477 0.011111111111111072
0 0.3212962962962963 0.5611111111111111 0.007407407407407418 0.011111111111111072
0 0.3138888888888889 0.5694444444444444 0.007407407407407418 0.011111111111111072
0 0.4898148148148148 0.5576388888888889 0.005555555555555536 0.009722222222222188
0 0.512962962962963 0.5541666666666667 0.0037037037037037646 0.008333333333333304
0 0.6064814814814814 0.5423611111111111 0.0037037037037036535 0.009722222222222299
