0 0.7666666666666666 0.5562499999999999 0.012962962962962954 0.023611111111111138
0 0.700925925925926 0.5826388888888889 0.01666666666666672 0.02083333333333337
0 0.6625 0.5659722222222223 0.017592592592592604 0.026388888888888906
0 0.6333333333333333 0.5770833333333334 0.012962962962962954 0.015277777777777835
0 0.5874999999999999 0.5944444444444444 0.00462962962962965 0.008333333333333304
0 0.576851851851852 0.5805555555555555 0.007407407407407418 0.01388888888888895
0 0.5300925925925926 0.5923611111111111 0.0064814814814814214 0.009722222222222188
0 0.5092592592592593 0.5965277777777778 0.005555555555555536 0.009722222222222188
0 0.48009259259259257 0.5833333333333333 0.010185185185185186 0.01666666666666672
0 0.7199074074074074 0.5666666666666667 0.01388888888888895 0.022222222222222143
0 0.5027777777777778 0.5881944444444445 0.0037037037037037646 0.00694444444444442
0 0.5407407407407407 0.5861111111111111 0.0037037037037037646 0.005555555555555536
0 0.5194444444444444 0.5861111111111111 0.0018518518518518823 0.002777777777777768
