0 0.41388888888888886 0.47430555555555554 0.011111111111111127 0.009722222222222243
0 0.4291666666666667 0.48333333333333334 0.004629629629629595 0.011111111111111072
0 0.44212962962962965 0.4840277777777778 0.006481481481481477 0.012499999999999956
0 0.45092592592592595 0.4875 0.003703703703703709 0.008333333333333304
0 0.45555555555555555 0.4861111111111111 0.005555555555555536 0.008333333333333304
0 0.47777777777777775 0.46944444444444444 0.003703703703703709 0.005555555555555536
0 0.48055555555555557 0.49375 0.005555555555555536 0.012500000000000011
0 0.4773148148148148 0.5229166666666667 0.00462962962962965 0.00694444444444442
0 0.49583333333333335 0.5215277777777778 0.006481481481481477 0.009722222222222188
0 0.5074074074074073 0.4881944444444445 0.007407407407407418 0.009722222222222243
0 0.5199074074074075 0.4805555555555555 0.010185185185185186 0.013888888888888895
