0 0.030555555555555558 0.6916666666666667 0.009259259259259262 0.008333333333333304
0 0.11527777777777778 0.6715277777777777 0.008333333333333345 0.015277777777777835
0 0.13287037037037036 0.6631944444444444 0.0046296296296296224 0.00694444444444442
0 0.1412037037037037 0.6736111111111112 0.006481481481481477 0.01388888888888895
0 0.16898148148148145 0.6666666666666666 0.008333333333333331 0.008333333333333304
0 0.17962962962962964 0.6715277777777777 0.00740740740740739 0.009722222222222299
0 0.2949074074074074 0.7243055555555555 0.04722222222222222 0.07916666666666661
0 0.4203703703703704 0.6729166666666666 0.01481481481481478 0.02083333333333337
0 0.4462962962962963 0.6777777777777778 0.012962962962962954 0.022222222222222254
0 0.5078703703703704 0.6625 0.00462962962962965 0.008333333333333304
0 0.5263888888888889 0.6583333333333333 0.002777777777777768 0.008333333333333304
0 0.537962962962963 0.6513888888888889 0.005555555555555536 0.008333333333333304
0 0.5532407407407407 0.6798611111111111 0.008333333333333415 0.015277777777777724
0 0.5685185185185185 0.6388888888888888 0.005555555555555536 0.008333333333333415
0 0.5796296296296296 0.6736111111111112 0.011111111111111072 0.019444444444444486
0 0.5939814814814814 0.6833333333333333 0.012037037037037068 0.025000000000000022
0 0.6254629629629629 0.6902777777777778 0.01388888888888895 0.011111111111111072
0 0.7180555555555556 0.6715277777777777 0.002777777777777768 0.006944444444444531
0 0.7537037037037038 0.6770833333333333 0.0037037037037036535 0.012500000000000067
0 0.8680555555555556 0.7034722222222223 0.01388888888888884 0.023611111111111138
0 0.8490740740740741 0.6965277777777779 0.012962962962962954 0.023611111111111138
0 0.9611111111111111 0.6770833333333333 0.06666666666666665 0.08472222222222225
0 0.648611111111111 0.6673611111111111 0.00462962962962965 0.00694444444444442
0 0.6347222222222222 0.6652777777777777 0.0064814814814814214 0.011111111111111072
