0 0.5416666666666667 0.5673611111111112 0.01851851851851849 0.029166666666666674
0 0.6064814814814814 0.5784722222222223 0.012962962962962954 0.026388888888888906
0 0.6305555555555555 0.5743055555555556 0.014814814814814836 0.02083333333333337
0 0.6986111111111111 0.5631944444444444 0.01388888888888895 0.01805555555555549
0 0.7430555555555556 0.5576388888888889 0.017592592592592604 0.01805555555555549
0 0.874074074074074 0.5493055555555555 0.011111111111111183 0.018055555555555602
0 0.5046296296296297 0.5645833333333333 0.0092592592592593 0.015277777777777724
0 0.5814814814814815 0.5756944444444445 0.007407407407407418 0.012500000000000067
0 0.47314814814814815 0.58125 0.007407407407407418 0.012500000000000067
0 0.45 0.5777777777777777 0.007407407407407418 0.011111111111111183
0 0.4277777777777778 0.5798611111111112 0.005555555555555591 0.009722222222222299
0 0.38101851851851853 0.5798611111111112 0.00462962962962965 0.006944444444444531
0 0.3685185185185185 0.5715277777777777 0.005555555555555536 0.00694444444444442
0 0.36064814814814816 0.5715277777777777 0.00462962962962965 0.00694444444444442
0 0.3287037037037037 0.5791666666666666 0.005555555555555536 0.008333333333333415
0 0.3111111111111111 0.5840277777777778 0.005555555555555536 0.009722222222222188
0 0.3175925925925926 0.5826388888888889 0.0037037037037036535 0.009722222222222299
0 0.30185185185185187 0.5791666666666666 0.007407407407407418 0.011111111111111183
0 0.3407407407407408 0.5763888888888888 0.003703703703703709 0.005555555555555647
0 0.28240740740740744 0.5729166666666666 0.003703703703703709 0.004166666666666652
