0 0.27083333333333337 0.5694444444444444 0.004629629629629595 0.011111111111111072
0 0.28935185185185186 0.5666666666666667 0.008333333333333304 0.008333333333333304
0 0.30787037037037035 0.5694444444444444 0.004629629629629595 0.011111111111111072
0 0.31666666666666665 0.5701388888888889 0.003703703703703709 0.009722222222222188
0 0.3490740740740741 0.5729166666666666 0.003703703703703709 0.00694444444444442
0 0.36064814814814816 0.5666666666666667 0.00462962962962965 0.008333333333333304
0 0.3680555555555556 0.5666666666666667 0.006481481481481477 0.008333333333333304
0 0.3819444444444444 0.5666666666666667 0.004629629629629595 0.005555555555555536
0 0.3875 0.5701388888888889 0.00462962962962965 0.009722222222222188
0 0.40648148148148144 0.5673611111111111 0.003703703703703709 0.004166666666666652
0 0.813425925925926 0.5513888888888889 0.025000000000000022 0.04166666666666663
0 0.8726851851851851 0.5597222222222222 0.025000000000000022 0.04166666666666674
0 0.986574074074074 0.5472222222222223 0.01388888888888884 0.030555555555555558
