0 0.017129629629629627 0.5944444444444444 0.0287037037037037 0.050000000000000044
0 0.08472222222222223 0.5708333333333333 0.03240740740740741 0.047222222222222165
0 0.25277777777777777 0.5534722222222223 0.03518518518518518 0.056944444444444464
0 0.35324074074074074 0.6020833333333333 0.028703703703703676 0.06527777777777777
0 0.19675925925925924 0.6048611111111111 0.026851851851851877 0.04583333333333328
0 0.4078703703703703 0.6291666666666667 0.012037037037037013 0.019444444444444375
0 0.5689814814814815 0.6368055555555556 0.01388888888888895 0.02083333333333337
0 0.6185185185185185 0.6298611111111111 0.012962962962962954 0.02083333333333326
0 0.6680555555555556 0.6319444444444444 0.01388888888888895 0.025000000000000022
0 0.6476851851851853 0.6430555555555555 0.012037037037036957 0.01666666666666672
0 0.4722222222222222 0.6333333333333333 0.011111111111111127 0.01388888888888884
0 0.48796296296296293 0.6326388888888889 0.01296296296296301 0.015277777777777724
