0 0.8597222222222223 0.5493055555555555 0.025000000000000022 0.03194444444444444
0 0.7180555555555556 0.5631944444444444 0.008333333333333304 0.012499999999999956
0 0.6754629629629629 0.5645833333333333 0.008333333333333304 0.015277777777777724
0 0.5300925925925926 0.5597222222222222 0.008333333333333304 0.019444444444444375
0 0.46296296296296297 0.5729166666666667 0.0092592592592593 0.018055555555555602
0 0.2064814814814815 0.5854166666666667 0.007407407407407418 0.009722222222222188
0 0.3949074074074074 0.5805555555555555 0.004629629629629595 0.008333333333333415
0 0.4037037037037037 0.5763888888888888 0.003703703703703709 0.008333333333333415
0 0.4111111111111111 0.5770833333333334 0.003703703703703709 0.009722222222222299
0 0.4199074074074074 0.5784722222222223 0.00462962962962965 0.006944444444444531
0 0.3652777777777778 0.5763888888888888 0.004629629629629595 0.008333333333333415
0 0.4393518518518519 0.575 0.004629629629629595 0.011111111111111183
0 0.5425925925925925 0.5659722222222222 0.007407407407407418 0.00694444444444442
0 0.5671296296296297 0.5694444444444444 0.008333333333333304 0.011111111111111072
0 0.637962962962963 0.5701388888888889 0.0092592592592593 0.015277777777777724
0 0.7925925925925925 0.5604166666666667 0.012962962962962954 0.015277777777777724
