0 0.3125 0.5729166666666666 0.00462962962962965 0.00694444444444442
0 0.337037037037037 0.5777777777777777 0.003703703703703709 0.005555555555555647
0 0.37777777777777777 0.5736111111111111 0.003703703703703709 0.008333333333333304
0 0.3837962962962963 0.5756944444444445 0.006481481481481477 0.009722222222222299
0 0.38657407407407407 0.5729166666666666 0.002777777777777768 0.00694444444444442
0 0.3907407407407407 0.5729166666666666 0.003703703703703709 0.00694444444444442
0 0.4009259259259259 0.5756944444444445 0.007407407407407418 0.009722222222222299
0 0.5185185185185186 0.55 0.01851851851851849 0.025000000000000022
0 0.5486111111111112 0.5784722222222223 0.00462962962962965 0.006944444444444531
0 0.5685185185185184 0.5819444444444444 0.012962962962962954 0.02777777777777779
0 0.6657407407407407 0.5652777777777778 0.0037037037037037646 0.01388888888888884
0 0.662037037037037 0.5701388888888889 0.007407407407407418 0.015277777777777724
0 0.6865740740740741 0.5784722222222223 0.002777777777777768 0.018055555555555602
0 0.7032407407407407 0.5666666666666667 0.012037037037037068 0.016666666666666607
