0 0.16620370370370371 0.5597222222222222 0.010185185185185186 0.019444444444444375
0 0.2865740740740741 0.5541666666666667 0.010185185185185186 0.01666666666666672
0 0.31527777777777777 0.5659722222222222 0.002777777777777768 0.012499999999999956
0 0.3277777777777778 0.5465277777777777 0.005555555555555536 0.006944444444444531
0 0.43981481481481477 0.5666666666666667 0.003703703703703709 0.008333333333333304
0 0.4787037037037037 0.5666666666666667 0.005555555555555536 0.008333333333333304
0 0.4902777777777778 0.5638888888888889 0.004629629629629595 0.011111111111111072
0 0.5023148148148149 0.5597222222222222 0.00462962962962965 0.008333333333333304
0 0.523611111111111 0.5666666666666667 0.00462962962962965 0.005555555555555536
0 0.5111111111111111 0.5618055555555556 0.0037037037037036535 0.00694444444444442
