0 0.6009259259259259 0.6854166666666667 0.00925925925925919 0.01805555555555549
0 0.5236111111111111 0.6784722222222221 0.008333333333333304 0.018055555555555602
0 0.9856481481481482 0.6798611111111111 0.0064814814814815325 0.00694444444444442
0 0.8773148148148149 0.6805555555555556 0.00462962962962965 0.008333333333333304
0 0.7731481481481481 0.6805555555555556 0.007407407407407418 0.008333333333333304
0 0.7097222222222223 0.6722222222222223 0.002777777777777768 0.008333333333333415
0 0.7662037037037037 0.6805555555555556 0.00462962962962965 0.008333333333333304
0 0.8611111111111112 0.6833333333333333 0.0037037037037036535 0.011111111111111072
0 0.2050925925925926 0.6722222222222223 0.010185185185185186 0.01666666666666672
0 0.1648148148148148 0.6625 0.00740740740740739 0.011111111111111072
0 0.5740740740740741 0.6743055555555555 0.007407407407407307 0.012500000000000067
0 0.5819444444444444 0.6805555555555556 0.008333333333333415 0.016666666666666607
0 0.5055555555555555 0.6680555555555556 0.005555555555555536 0.008333333333333415
0 0.6143518518518518 0.6430555555555555 0.00462962962962965 0.008333333333333415
