0 0.05648148148148148 0.5041666666666667 0.02222222222222222 0.05555555555555558
0 0.23333333333333334 0.5319444444444444 0.012962962962962954 0.02499999999999991
0 0.39490740740740743 0.5249999999999999 0.010185185185185186 0.022222222222222254
0 0.6037037037037036 0.5256944444444445 0.011111111111111183 0.01805555555555549
0 0.6217592592592593 0.5347222222222222 0.010185185185185186 0.019444444444444375
0 0.7162037037037037 0.5555555555555556 0.012037037037037068 0.01388888888888884
0 0.7300925925925925 0.54375 0.010185185185185186 0.015277777777777835
0 0.7606481481481482 0.5451388888888888 0.015740740740740722 0.02083333333333337
0 0.036111111111111115 0.5625 0.02777777777777778 0.030555555555555447
0 0.1587962962962963 0.5444444444444445 0.013888888888888895 0.01666666666666672
0 0.38657407407407407 0.5479166666666666 0.013888888888888895 0.023611111111111138
0 0.6171296296296296 0.5618055555555556 0.015740740740740722 0.015277777777777724
