0 0.32361111111111107 0.5833333333333333 0.006481481481481477 0.011111111111111183
0 0.3402777777777778 0.5854166666666667 0.006481481481481477 0.00694444444444442
0 0.36111111111111116 0.575 0.003703703703703709 0.005555555555555536
0 0.31851851851851853 0.5708333333333333 0.003703703703703709 0.002777777777777768
0 0.3902777777777778 0.5673611111111111 0.012037037037037068 0.01805555555555549
0 0.41666666666666663 0.56875 0.009259259259259245 0.01805555555555549
0 0.4662037037037037 0.5770833333333334 0.004629629629629595 0.009722222222222299
0 0.5097222222222222 0.5729166666666667 0.012037037037037068 0.018055555555555602
0 0.5314814814814814 0.5631944444444444 0.012962962962962954 0.023611111111111027
0 0.5722222222222222 0.575 0.0037037037037036535 0.005555555555555536
0 0.674074074074074 0.5729166666666667 0.012962962962962954 0.018055555555555602
0 0.7231481481481481 0.5770833333333334 0.024074074074074026 0.03749999999999998
0 0.7967592592592593 0.5527777777777778 0.026851851851851904 0.019444444444444486
