0 0.20972222222222223 0.5347222222222222 0.006481481481481477 0.008333333333333304
0 0.22546296296296298 0.5298611111111111 0.0046296296296296224 0.00694444444444442
0 0.32361111111111107 0.5145833333333334 0.006481481481481477 0.012500000000000067
0 0.3435185185185185 0.5194444444444444 0.007407407407407418 0.01388888888888895
0 0.5726851851851852 0.4826388888888889 0.01388888888888884 0.02083333333333337
0 0.7194444444444444 0.5055555555555555 0.011111111111111072 0.016666666666666607
0 0.8671296296296296 0.4625 0.017592592592592604 0.024999999999999967
0 0.950462962962963 0.4513888888888889 0.019444444444444375 0.02777777777777779
0 0.9921296296296296 0.44027777777777777 0.01388888888888895 0.030555555555555558
0 0.7810185185185186 0.5034722222222222 0.0064814814814814214 0.012499999999999956
