0 0.4291666666666667 0.6013888888888889 0.004629629629629595 0.011111111111111072
0 0.425 0.6013888888888889 0.007407407407407418 0.01388888888888884
0 0.4115740740740741 0.5881944444444445 0.012037037037037013 0.009722222222222188
0 0.3921296296296296 0.6020833333333333 0.00833333333333336 0.015277777777777835
0 0.375462962962963 0.6020833333333333 0.0009259259259259411 0.001388888888888884
0 0.37824074074074077 0.6013888888888889 0.0027777777777778234 0.002777777777777768
0 0.36712962962962964 0.5986111111111111 0.008333333333333304 0.008333333333333304
0 0.3578703703703704 0.5986111111111111 0.004629629629629595 0.005555555555555536
0 0.35277777777777775 0.6034722222222222 0.003703703703703709 0.00694444444444442
0 0.34259259259259256 0.6013888888888889 0.0018518518518518268 0.002777777777777768
0 0.3236111111111111 0.5986111111111111 0.002777777777777768 0.005555555555555536
0 0.3125 0.5972222222222222 0.00462962962962965 0.005555555555555536
0 0.28194444444444444 0.5875 0.006481481481481477 0.011111111111111072
