0 0.6231481481481482 0.5923611111111111 0.012962962962962954 0.02083333333333326
0 0.5819444444444444 0.5819444444444444 0.012037037037036957 0.01388888888888895
0 0.5416666666666667 0.5951388888888889 0.007407407407407418 0.012499999999999956
0 0.4837962962962963 0.5923611111111111 0.00833333333333336 0.00694444444444442
0 0.4078703703703703 0.601388888888889 0.013888888888888895 0.025000000000000022
0 0.38981481481481484 0.6027777777777779 0.012962962962962954 0.019444444444444486
0 0.35185185185185186 0.5888888888888889 0.009259259259259245 0.011111111111111072
0 0.437037037037037 0.6 0.005555555555555591 0.01388888888888884
0 0.4652777777777778 0.5972222222222222 0.006481481481481477 0.008333333333333304
0 0.4731481481481481 0.6013888888888889 0.003703703703703709 0.008333333333333304
0 0.4277777777777778 0.5993055555555555 0.003703703703703709 0.004166666666666652
0 0.30925925925925923 0.5972222222222222 0.005555555555555591 0.005555555555555536
0 0.3194444444444444 0.6048611111111111 0.0018518518518518268 0.004166666666666652
0 0.32407407407407407 0.6041666666666666 0.0018518518518518823 0.005555555555555536
0 0.2833333333333333 0.5951388888888889 0.003703703703703709 0.004166666666666652
