0 0.32546296296296295 0.6402777777777777 0.008333333333333304 0.01388888888888895
0 0.39490740740740743 0.6243055555555556 0.010185185185185186 0.02083333333333326
0 0.42500000000000004 0.6208333333333333 0.011111111111111127 0.022222222222222143
0 0.4569444444444445 0.6229166666666667 0.00833333333333336 0.015277777777777724
0 0.46851851851851856 0.6152777777777778 0.011111111111111127 0.01666666666666672
0 0.5444444444444445 0.6152777777777778 0.0037037037037036535 0.008333333333333304
0 0.5509259259259259 0.6118055555555555 0.0037037037037037646 0.006944444444444531
0 0.5611111111111111 0.6104166666666666 0.0037037037037037646 0.006944444444444531
0 0.6462962962962964 0.5944444444444444 0.007407407407407418 0.01388888888888884
0 0.3037037037037037 0.6423611111111112 0.005555555555555536 0.012500000000000067
