0 0.5333333333333333 0.6041666666666667 0.016666666666666607 0.02777777777777779
0 0.47962962962962963 0.5847222222222221 0.01851851851851849 0.030555555555555558
0 0.437037037037037 0.6020833333333333 0.01481481481481478 0.018055555555555602
0 0.39305555555555555 0.5972222222222222 0.010185185185185186 0.016666666666666607
0 0.3773148148148148 0.6 0.008333333333333304 0.01388888888888884
0 0.3675925925925926 0.6034722222222222 0.007407407407407418 0.012500000000000067
0 0.3560185185185185 0.6034722222222222 0.008333333333333304 0.012500000000000067
0 0.3125 0.5972222222222222 0.0064814814814815325 0.008333333333333304
0 0.28194444444444444 0.5902777777777778 0.00462962962962965 0.011111111111111072
0 0.8208333333333333 0.5729166666666667 0.008333333333333304 0.015277777777777835
0 0.513425925925926 0.5965277777777778 0.00462962962962965 0.00694444444444442
0 0.4111111111111111 0.5986111111111111 0.005555555555555536 0.011111111111111072
0 0.40555555555555556 0.6020833333333333 0.0037037037037036535 0.009722222222222188
0 0.42824074074074076 0.5972222222222222 0.002777777777777768 0.005555555555555536
