0 0.41064814814814815 0.46319444444444446 0.01388888888888884 0.020833333333333315
0 0.44212962962962965 0.47291666666666665 0.012037037037037013 0.020833333333333315
0 0.48888888888888893 0.46805555555555556 0.011111111111111127 0.019444444444444486
0 0.5291666666666666 0.4243055555555556 0.010185185185185186 0.012500000000000011
0 0.5504629629629629 0.43819444444444444 0.00462962962962965 0.009722222222222188
0 0.5398148148148149 0.4361111111111111 0.005555555555555536 0.013888888888888895
0 0.4902777777777778 0.4479166666666667 0.004629629629629595 0.004166666666666652
0 0.4773148148148148 0.4625 0.00462962962962965 0.00833333333333336
0 0.4601851851851852 0.47777777777777775 0.007407407407407418 0.00833333333333336
0 0.49675925925925923 0.44791666666666663 0.004629629629629595 0.006944444444444475
0 0.42592592592592593 0.47291666666666665 0.003703703703703709 0.004166666666666652
0 0.019444444444444445 0.47152777777777777 0.003703703703703702 0.00694444444444442
0 0.0032407407407407406 0.4708333333333333 0.006481481481481481 0.005555555555555536
