0 0.008796296296296297 0.5263888888888889 0.01574074074074074 0.019444444444444375
0 0.37916666666666665 0.5395833333333333 0.010185185185185186 0.015277777777777835
0 0.4027777777777778 0.5423611111111111 0.003703703703703709 0.00694444444444442
0 0.45925925925925926 0.5493055555555555 0.007407407407407418 0.015277777777777835
0 0.47824074074074074 0.5479166666666666 0.002777777777777768 0.004166666666666763
0 0.4805555555555555 0.55 0.003703703703703709 0.011111111111111183
0 0.513425925925926 0.5569444444444445 0.00462962962962965 0.008333333333333304
0 0.5217592592592593 0.5506944444444445 0.004629629629629539 0.00694444444444442
0 0.5412037037037036 0.5430555555555556 0.0064814814814814214 0.011111111111111183
0 0.5365740740740741 0.5423611111111111 0.002777777777777768 0.004166666666666652
