0 0.7087962962962964 0.39444444444444443 0.06018518518518523 0.11944444444444446
0 0.9375 0.5298611111111111 0.047222222222222276 0.05972222222222223
0 0.44027777777777777 0.5513888888888889 0.008333333333333304 0.01388888888888895
0 0.48750000000000004 0.5625 0.013888888888888895 0.016666666666666607
0 0.5129629629629631 0.5631944444444444 0.012962962962962954 0.01805555555555549
0 0.3300925925925926 0.5583333333333333 0.013888888888888895 0.025000000000000022
0 0.24768518518518517 0.5638888888888889 0.01203703703703704 0.022222222222222143
0 0.27685185185185185 0.5562499999999999 0.012962962962962954 0.023611111111111138
0 0.3930555555555556 0.5576388888888889 0.013888888888888895 0.02083333333333326
0 0.3652777777777778 0.5562499999999999 0.013888888888888895 0.02083333333333337
0 0.5314814814814814 0.5618055555555556 0.007407407407407418 0.01805555555555549
0 0.563425925925926 0.5631944444444444 0.010185185185185186 0.01805555555555549
0 0.42083333333333334 0.5618055555555556 0.008333333333333304 0.012499999999999956
