0 0.5712962962962963 0.6131944444444445 0.0092592592592593 0.00694444444444442
0 0.5467592592592593 0.6097222222222223 0.0064814814814815325 0.011111111111111183
0 0.7 0.5965277777777778 0.007407407407407418 0.012499999999999956
0 0.5393518518518519 0.6347222222222222 0.004629629629629539 0.011111111111111072
0 0.44351851851851853 0.6055555555555556 0.009259259259259245 0.011111111111111183
0 0.4643518518518519 0.6090277777777777 0.006481481481481477 0.009722222222222299
0 0.47824074074074074 0.6138888888888889 0.00462962962962965 0.005555555555555536
0 0.4078703703703703 0.6104166666666666 0.006481481481481477 0.006944444444444531
0 0.42500000000000004 0.6159722222222223 0.003703703703703709 0.004166666666666652
0 0.43287037037037035 0.6138888888888889 0.002777777777777768 0.005555555555555536
0 0.45972222222222225 0.6131944444444445 0.0027777777777778234 0.004166666666666652
