0 0.7138888888888889 0.63125 0.029629629629629672 0.0625
0 0.5324074074074074 0.58125 0.005555555555555536 0.009722222222222299
0 0.4930555555555556 0.5819444444444444 0.012037037037037013 0.01388888888888895
0 0.48657407407407405 0.5916666666666667 0.0027777777777778234 0.008333333333333304
0 0.45879629629629626 0.5923611111111111 0.00833333333333336 0.015277777777777724
0 0.43472222222222223 0.5972222222222222 0.002777777777777768 0.005555555555555536
0 0.3800925925925926 0.6020833333333333 0.002777777777777768 0.00694444444444442
0 0.37268518518518523 0.5979166666666667 0.006481481481481477 0.009722222222222188
0 0.3685185185185185 0.5972222222222222 0.0018518518518518823 0.005555555555555536
0 0.36527777777777776 0.6006944444444444 0.002777777777777768 0.00694444444444442
0 0.36018518518518516 0.6048611111111111 0.005555555555555591 0.009722222222222299
0 0.3490740740740741 0.6041666666666667 0.005555555555555591 0.011111111111111183
0 0.3398148148148148 0.6013888888888889 0.003703703703703709 0.005555555555555536
0 0.3194444444444444 0.5986111111111111 0.003703703703703709 0.005555555555555536
0 0.2861111111111111 0.5888888888888889 0.003703703703703709 0.008333333333333304
0 0.3875 0.6020833333333333 0.002777777777777768 0.004166666666666652
