0 0.46018518518518514 0.61875 0.009259259259259245 0.009722222222222188
0 0.34953703703703703 0.6263888888888889 0.00462962962962965 0.01388888888888884
0 0.4064814814814815 0.6013888888888889 0.005555555555555536 0.008333333333333304
0 0.4282407407407407 0.6243055555555556 0.006481481481481477 0.009722222222222188
0 0.4356481481481481 0.6076388888888888 0.0027777777777778234 0.004166666666666763
0 0.47916666666666663 0.6034722222222222 0.00833333333333336 0.012500000000000067
0 0.45185185185185184 0.6215277777777778 0.007407407407407418 0.004166666666666652
0 0.5351851851851852 0.6027777777777779 0.005555555555555536 0.01388888888888895
0 0.5550925925925926 0.6083333333333334 0.0064814814814815325 0.011111111111111183
0 0.5467592592592592 0.6055555555555555 0.00462962962962965 0.005555555555555536
0 0.6425925925925926 0.5847222222222221 0.012962962962962954 0.01666666666666672
