0 0.5388888888888889 0.5972222222222222 0.0092592592592593 0.01388888888888884
0 0.41805555555555557 0.5993055555555555 0.00462962962962965 0.009722222222222188
0 0.3819444444444444 0.6006944444444444 0.006481481481481477 0.015277777777777724
0 0.3712962962962963 0.6 0.005555555555555536 0.011111111111111072
0 0.36157407407407405 0.5986111111111111 0.006481481481481477 0.011111111111111072
0 0.3458333333333333 0.6048611111111111 0.006481481481481477 0.009722222222222299
0 0.3296296296296296 0.5965277777777778 0.005555555555555591 0.012499999999999956
0 0.3990740740740741 0.5986111111111111 0.005555555555555536 0.005555555555555536
0 0.41388888888888886 0.6013888888888889 0.003703703703703709 0.005555555555555536
0 0.4708333333333333 0.5847222222222221 0.008333333333333304 0.01388888888888895
0 0.5041666666666667 0.586111111111111 0.00462962962962965 0.01666666666666672
0 0.3138888888888889 0.5972222222222222 0.005555555555555536 0.008333333333333304
