0 0.11435185185185184 0.6333333333333333 0.019444444444444445 0.03888888888888886
0 0.19166666666666668 0.6097222222222223 0.020370370370370372 0.01666666666666672
0 0.44074074074074077 0.6451388888888889 0.011111111111111127 0.02083333333333337
0 0.4111111111111111 0.6506944444444445 0.011111111111111127 0.012499999999999956
0 0.3726851851851852 0.6520833333333333 0.008333333333333304 0.012499999999999956
0 0.4787037037037037 0.6444444444444444 0.005555555555555536 0.011111111111111183
0 0.47824074074074074 0.6361111111111111 0.006481481481481477 0.008333333333333304
0 0.46296296296296297 0.6395833333333334 0.007407407407407418 0.012500000000000067
0 0.5231481481481481 0.6444444444444444 0.005555555555555536 0.011111111111111183
0 0.5018518518518518 0.6458333333333334 0.0018518518518518823 0.002777777777777768
