0 0.7675925925925926 0.5881944444444445 0.029629629629629672 0.04583333333333339
0 0.5152777777777777 0.6020833333333333 0.017592592592592493 0.026388888888888906
0 0.26342592592592595 0.5965277777777778 0.013888888888888895 0.029166666666666674
0 0.34444444444444444 0.6256944444444444 0.0092592592592593 0.015277777777777724
0 0.3675925925925926 0.6076388888888888 0.011111111111111127 0.015277777777777835
0 0.3787037037037037 0.6069444444444445 0.014814814814814836 0.02777777777777779
0 0.4037037037037037 0.6111111111111112 0.01296296296296301 0.022222222222222254
0 0.4555555555555556 0.6152777777777778 0.009259259259259245 0.01666666666666672
0 0.47453703703703703 0.5986111111111111 0.012037037037037068 0.011111111111111072
0 0.5462962962962963 0.6145833333333333 0.014814814814814836 0.026388888888888906
0 0.9236111111111112 0.5895833333333333 0.012037037037036957 0.02083333333333326
0 0.5310185185185186 0.6055555555555556 0.008333333333333304 0.01388888888888895
0 0.2439814814814815 0.6097222222222223 0.010185185185185186 0.022222222222222254
0 0.7925925925925926 0.58125 0.0092592592592593 0.012500000000000067
0 0.3509259259259259 0.60625 0.014814814814814836 0.015277777777777835
