0 0.1925925925925926 0.5833333333333333 0.033333333333333326 0.047222222222222165
0 0.3106481481481481 0.6222222222222222 0.03611111111111115 0.05277777777777781
0 0.034722222222222224 0.6034722222222222 0.024999999999999998 0.040277777777777746
0 0.44212962962962965 0.6222222222222222 0.012037037037037013 0.022222222222222143
0 0.39722222222222225 0.6222222222222222 0.011111111111111127 0.022222222222222143
0 0.28703703703703703 0.6201388888888888 0.012962962962962954 0.029166666666666674
0 0.5953703703703703 0.6395833333333334 0.0037037037037036535 0.009722222222222299
0 0.8550925925925926 0.6340277777777779 0.008333333333333304 0.018055555555555602
0 0.5824074074074075 0.6388888888888888 0.0037037037037036535 0.008333333333333415
0 0.5731481481481482 0.6388888888888888 0.0037037037037036535 0.005555555555555647
0 0.8462962962962963 0.6041666666666667 0.005555555555555536 0.011111111111111183
0 0.8569444444444445 0.6104166666666666 0.00462962962962965 0.006944444444444531
