0 0.6935185185185185 0.5479166666666666 0.020370370370370372 0.04861111111111105
0 0.5884259259259259 0.5590277777777777 0.02314814814814814 0.03472222222222221
0 0.45972222222222225 0.5451388888888888 0.041666666666666685 0.0625
0 0.5175925925925926 0.5402777777777779 0.020370370370370372 0.033333333333333326
0 0.36250000000000004 0.5465277777777777 0.01944444444444443 0.03749999999999998
0 0.7273148148148147 0.5326388888888889 0.015740740740740722 0.03750000000000009
0 0.7666666666666666 0.5229166666666667 0.01666666666666672 0.029166666666666674
0 0.8060185185185185 0.5416666666666667 0.010185185185185186 0.019444444444444486
0 0.3824074074074074 0.5541666666666667 0.009259259259259245 0.022222222222222254
0 0.2953703703703704 0.5520833333333333 0.009259259259259245 0.018055555555555602
0 0.4189814814814815 0.5583333333333333 0.00833333333333336 0.022222222222222143
0 0.6106481481481482 0.5430555555555556 0.0064814814814815325 0.011111111111111183
