0 0.12962962962962962 0.6736111111111112 0.05740740740740739 0.07777777777777783
0 0.2111111111111111 0.6527777777777778 0.012962962962962954 0.04166666666666674
0 0.24027777777777778 0.6006944444444444 0.006481481481481477 0.009722222222222188
0 0.2587962962962963 0.6097222222222223 0.006481481481481477 0.008333333333333415
0 0.2773148148148148 0.6111111111111112 0.004629629629629595 0.005555555555555647
0 0.31805555555555554 0.6069444444444444 0.004629629629629595 0.002777777777777768
0 0.2953703703703704 0.6076388888888888 0.003703703703703709 0.006944444444444531
0 0.3375 0.6131944444444444 0.010185185185185186 0.009722222222222299
0 0.4 0.6652777777777777 0.020370370370370372 0.05555555555555558
0 0.49953703703703706 0.7034722222222223 0.045370370370370394 0.09583333333333333
0 0.5351851851851852 0.6083333333333334 0.016666666666666607 0.019444444444444486
0 0.5689814814814815 0.6236111111111111 0.015740740740740722 0.022222222222222143
0 0.5847222222222221 0.5979166666666667 0.015740740740740722 0.023611111111111138
0 0.6268518518518519 0.6048611111111111 0.025925925925925908 0.026388888888888906
0 0.6777777777777778 0.6229166666666667 0.02777777777777779 0.012499999999999956
0 0.7046296296296296 0.6125 0.016666666666666607 0.03888888888888886
0 0.7703703703703704 0.63125 0.09074074074074079 0.13194444444444442
0 0.8569444444444445 0.6180555555555556 0.026851851851851793 0.036111111111111094
