0 0.27268518518518514 0.6451388888888889 0.006481481481481477 0.009722222222222299
0 0.2833333333333333 0.6368055555555555 0.005555555555555536 0.00694444444444442
0 0.29212962962962963 0.6395833333333334 0.0064814814814815325 0.009722222222222299
0 0.3925925925925926 0.6284722222222222 0.005555555555555536 0.00694444444444442
0 0.4800925925925926 0.6118055555555555 0.004629629629629595 0.006944444444444531
0 0.537962962962963 0.6138888888888889 0.0092592592592593 0.019444444444444486
0 0.5592592592592592 0.6041666666666667 0.011111111111111072 0.01666666666666672
0 0.8657407407407407 0.60625 0.025925925925925908 0.043055555555555514
0 0.5050925925925926 0.5986111111111111 0.00462962962962965 0.008333333333333304
0 0.46759259259259256 0.6083333333333334 0.003703703703703709 0.005555555555555647
0 0.462037037037037 0.6118055555555555 0.003703703703703709 0.006944444444444531
