0 0.9171296296296296 0.5652777777777778 0.030555555555555558 0.04444444444444451
0 0.825925925925926 0.5944444444444444 0.024074074074074026 0.03888888888888897
0 0.6143518518518518 0.5763888888888888 0.01388888888888895 0.025000000000000022
0 0.5027777777777778 0.6034722222222222 0.0037037037037037646 0.00694444444444442
0 0.43379629629629635 0.6236111111111111 0.006481481481481477 0.008333333333333304
0 0.375462962962963 0.6298611111111111 0.00833333333333336 0.00694444444444442
0 0.3351851851851852 0.6340277777777777 0.007407407407407418 0.012499999999999956
0 0.30648148148148147 0.6298611111111111 0.005555555555555536 0.00694444444444442
0 0.2935185185185185 0.6388888888888888 0.007407407407407418 0.008333333333333415
0 0.2657407407407407 0.6409722222222223 0.005555555555555591 0.006944444444444531
