0 0.008796296296296297 0.8423611111111111 0.017592592592592594 0.043055555555555625
0 0.09259259259259259 0.6125 0.00555555555555555 0.011111111111111183
0 0.1125 0.6131944444444444 0.008333333333333331 0.009722222222222299
0 0.14907407407407408 0.6055555555555556 0.007407407407407418 0.008333333333333415
0 0.12777777777777777 0.6104166666666666 0.005555555555555564 0.006944444444444531
0 0.15138888888888888 0.6152777777777778 0.006481481481481477 0.011111111111111072
0 0.16527777777777777 0.6152777777777778 0.006481481481481477 0.011111111111111072
0 0.18888888888888888 0.6131944444444444 0.005555555555555564 0.009722222222222299
0 0.20092592592592592 0.6083333333333334 0.007407407407407418 0.011111111111111183
0 0.20740740740740743 0.6166666666666667 0.005555555555555564 0.008333333333333304
0 0.5685185185185185 0.6104166666666666 0.005555555555555536 0.018055555555555602
0 0.5907407407407408 0.625 0.0037037037037036535 0.02499999999999991
0 0.7106481481481481 0.5854166666666667 0.019444444444444375 0.043055555555555514
0 0.6861111111111111 0.5930555555555556 0.031481481481481444 0.050000000000000044
0 0.8138888888888889 0.5874999999999999 0.016666666666666607 0.03888888888888886
0 0.850462962962963 0.5958333333333334 0.015740740740740722 0.02777777777777779
0 0.8671296296296296 0.6201388888888888 0.017592592592592604 0.03472222222222221
0 0.42453703703703705 0.6715277777777777 0.028703703703703676 0.0625
