0 0.36157407407407405 0.5784722222222223 0.01944444444444443 0.029166666666666674
0 0.4009259259259259 0.6055555555555556 0.016666666666666663 0.01666666666666672
0 0.3175925925925926 0.5944444444444444 0.005555555555555536 0.011111111111111072
0 0.3351851851851852 0.6069444444444445 0.005555555555555536 0.011111111111111183
0 0.37777777777777777 0.5944444444444444 0.003703703703703709 0.011111111111111072
0 0.38703703703703707 0.6020833333333333 0.005555555555555591 0.009722222222222188
0 0.4180555555555555 0.60625 0.00833333333333336 0.012500000000000067
0 0.4393518518518519 0.5979166666666667 0.012037037037037013 0.01805555555555549
0 0.4569444444444445 0.6131944444444444 0.013888888888888895 0.023611111111111138
0 0.45833333333333337 0.5895833333333333 0.011111111111111127 0.015277777777777724
0 0.5055555555555555 0.5909722222222222 0.011111111111111072 0.012499999999999956
0 0.5518518518518518 0.5972222222222222 0.011111111111111183 0.016666666666666607
0 0.5365740740740741 0.5875 0.008333333333333304 0.01388888888888884
0 0.5791666666666666 0.5805555555555555 0.017592592592592493 0.025000000000000022
0 0.624074074074074 0.5826388888888889 0.022222222222222254 0.029166666666666674
