0 0.19907407407407407 0.5784722222222223 0.011111111111111127 0.018055555555555602
0 0.19768518518518519 0.5944444444444444 0.00833333333333336 0.011111111111111072
0 0.2550925925925926 0.5881944444444445 0.013888888888888867 0.015277777777777724
0 0.2916666666666667 0.5888888888888889 0.033333333333333326 0.05833333333333335
0 0.38101851851851853 0.5909722222222222 0.012037037037037013 0.02083333333333326
0 0.4027777777777778 0.5833333333333333 0.01851851851851849 0.022222222222222254
0 0.47314814814814815 0.5701388888888889 0.012962962962962954 0.015277777777777724
0 0.4898148148148148 0.5743055555555556 0.012962962962962954 0.012500000000000067
0 0.5078703703703704 0.5944444444444444 0.010185185185185186 0.01388888888888884
0 0.5365740740740741 0.5819444444444444 0.008333333333333304 0.011111111111111183
0 0.6111111111111112 0.6416666666666666 0.012962962962962954 0.019444444444444486
0 0.7625 0.5638888888888889 0.017592592592592604 0.02777777777777768
0 0.9361111111111111 0.601388888888889 0.016666666666666607 0.025000000000000022
0 0.874537037037037 0.5916666666666667 0.012037037037037068 0.02499999999999991
