0 0.6717592592592593 0.5625 0.012037037037037068 0.022222222222222143
0 0.5740740740740741 0.5972222222222222 0.007407407407407307 0.016666666666666607
0 0.5921296296296297 0.5861111111111111 0.008333333333333415 0.01388888888888884
0 0.6092592592592593 0.5819444444444444 0.011111111111111072 0.01388888888888895
0 0.2967592592592593 0.6430555555555555 0.006481481481481477 0.008333333333333415
0 0.3055555555555556 0.6340277777777777 0.007407407407407363 0.009722222222222188
0 0.3111111111111111 0.6388888888888888 0.007407407407407418 0.011111111111111183
0 0.3402777777777778 0.6388888888888888 0.006481481481481477 0.011111111111111183
0 0.40509259259259256 0.6229166666666667 0.006481481481481477 0.009722222222222188
0 0.41574074074074074 0.6166666666666667 0.005555555555555536 0.008333333333333304
0 0.39166666666666666 0.6166666666666667 0.005555555555555536 0.008333333333333304
0 0.3861111111111111 0.6236111111111111 0.005555555555555536 0.005555555555555536
0 0.38055555555555554 0.6201388888888889 0.005555555555555591 0.009722222222222188
0 0.4888888888888889 0.6152777777777778 0.005555555555555536 0.008333333333333304
0 0.537962962962963 0.6006944444444444 0.005555555555555536 0.009722222222222188
0 0.6347222222222222 0.5756944444444445 0.00462962962962965 0.006944444444444531
