0 0.3111111111111111 0.6180555555555556 0.011111111111111072 0.019444444444444486
0 0.33425925925925926 0.6083333333333334 0.0092592592592593 0.01388888888888895
0 0.44722222222222224 0.6020833333333333 0.012962962962962954 0.02083333333333337
0 0.4888888888888889 0.5972222222222223 0.012962962962962954 0.025000000000000022
0 0.5722222222222222 0.5944444444444444 0.011111111111111072 0.022222222222222143
0 0.6962962962962963 0.6034722222222222 0.0185185185185186 0.029166666666666674
0 0.7541666666666667 0.5874999999999999 0.012037037037037068 0.025000000000000022
0 0.7861111111111111 0.586111111111111 0.011111111111111072 0.022222222222222254
0 0.7425925925925927 0.8784722222222222 0.033333333333333326 0.06805555555555554
0 0.06157407407407407 0.5965277777777778 0.0046296296296296224 0.00694444444444442
0 0.14907407407407408 0.6111111111111112 0.009259259259259273 0.01388888888888895
0 0.1675925925925926 0.6138888888888889 0.009259259259259245 0.011111111111111183
0 0.23796296296296296 0.6152777777777778 0.005555555555555536 0.01388888888888895
0 0.21296296296296297 0.6131944444444444 0.005555555555555536 0.015277777777777835
0 0.19166666666666665 0.6131944444444444 0.005555555555555564 0.012500000000000067
0 0.22407407407407406 0.6201388888888889 0.003703703703703709 0.009722222222222188
0 0.22916666666666669 0.6145833333333334 0.0046296296296296224 0.009722222222222188
0 0.24537037037037035 0.6166666666666667 0.005555555555555564 0.011111111111111072
