0 0.09166666666666667 0.6118055555555555 0.007407407407407404 0.009722222222222299
0 0.1337962962962963 0.6118055555555555 0.006481481481481477 0.009722222222222299
0 0.14907407407407408 0.6111111111111112 0.005555555555555564 0.008333333333333415
0 0.1699074074074074 0.6111111111111112 0.006481481481481477 0.008333333333333415
0 0.18287037037037035 0.6118055555555555 0.0046296296296296224 0.009722222222222299
0 0.25555555555555554 0.6027777777777779 0.011111111111111127 0.019444444444444486
0 0.33611111111111114 0.6055555555555556 0.01481481481481478 0.022222222222222254
0 0.38101851851851853 0.6222222222222222 0.010185185185185186 0.019444444444444375
0 0.6449074074074075 0.6187499999999999 0.015740740740740722 0.029166666666666674
0 0.674074074074074 0.6548611111111111 0.020370370370370372 0.015277777777777724
0 0.7476851851851851 0.6055555555555556 0.008333333333333415 0.01666666666666672
0 0.8194444444444444 0.5854166666666667 0.016666666666666607 0.03194444444444444
0 0.23379629629629628 0.6388888888888888 0.01574074074074075 0.036111111111111094
0 0.10601851851851851 0.6111111111111112 0.006481481481481491 0.008333333333333415
