0 0.7851851851851852 0.4513888888888889 0.020370370370370372 0.05833333333333335
0 0.5634259259259259 0.5194444444444444 0.008333333333333304 0.011111111111111183
0 0.5189814814814815 0.5263888888888889 0.012037037037037068 0.01388888888888884
0 0.5421296296296296 0.5423611111111111 0.008333333333333304 0.015277777777777835
0 0.5402777777777777 0.5298611111111111 0.008333333333333304 0.00694444444444442
0 0.4981481481481481 0.5451388888888888 0.005555555555555536 0.012500000000000067
0 0.49722222222222223 0.5319444444444444 0.005555555555555536 0.01388888888888884
0 0.475462962962963 0.5479166666666666 0.00833333333333336 0.018055555555555602
0 0.4671296296296297 0.5583333333333333 0.006481481481481477 0.011111111111111072
0 0.3587962962962963 0.5590277777777778 0.00833333333333336 0.012499999999999956
