0 0.5726851851851852 0.6159722222222221 0.019444444444444375 0.029166666666666674
0 0.6208333333333333 0.6618055555555555 0.010185185185185186 0.015277777777777724
0 0.6995370370370371 0.6583333333333333 0.010185185185185186 0.016666666666666607
0 0.7439814814814815 0.6604166666666667 0.012037037037037068 0.015277777777777724
0 0.7583333333333333 0.66875 0.011111111111111072 0.012500000000000067
0 0.9851851851851852 0.6194444444444445 0.020370370370370372 0.036111111111111094
0 0.21435185185185185 0.5652777777777778 0.02314814814814814 0.03888888888888897
0 0.15555555555555556 0.570138888888889 0.009259259259259245 0.03472222222222221
0 0.9333333333333333 0.6180555555555556 0.011111111111111072 0.022222222222222254
0 0.8810185185185185 0.6270833333333333 0.02314814814814814 0.015277777777777724
0 0.8333333333333333 0.6479166666666667 0.01666666666666672 0.02083333333333337
