0 0.6074074074074074 0.4784722222222222 0.024074074074074137 0.03750000000000003
0 0.6800925925925926 0.5138888888888888 0.02129629629629637 0.036111111111111094
0 0.6509259259259259 0.5069444444444444 0.012962962962962954 0.02777777777777779
0 0.6351851851851852 0.5201388888888889 0.012962962962963065 0.029166666666666674
0 0.5421296296296296 0.5222222222222221 0.010185185185185186 0.019444444444444486
0 0.7550925925925926 0.4965277777777778 0.012037037037036957 0.023611111111111083
0 0.48842592592592593 0.5347222222222222 0.008333333333333304 0.016666666666666607
0 0.5592592592592593 0.5333333333333333 0.007407407407407418 0.01388888888888884
0 0.4986111111111111 0.5555555555555556 0.004629629629629595 0.008333333333333304
0 0.4662037037037037 0.5541666666666667 0.004629629629629595 0.008333333333333304
0 0.525 0.5361111111111111 0.005555555555555536 0.008333333333333304
0 0.5296296296296297 0.5291666666666667 0.0018518518518518823 0.005555555555555536
