0 0.8194444444444444 0.4854166666666667 0.005555555555555536 0.015277777777777779
0 0.8157407407407408 0.4868055555555556 0.005555555555555536 0.012500000000000011
0 0.7625 0.4770833333333333 0.008333333333333415 0.012500000000000011
0 0.7476851851851851 0.49236111111111114 0.0064814814814814214 0.009722222222222243
0 0.5939814814814814 0.4618055555555556 0.010185185185185186 0.006944444444444475
0 0.524537037037037 0.47291666666666665 0.0064814814814815325 0.015277777777777779
0 0.5023148148148149 0.46875 0.00833333333333336 0.012499999999999956
0 0.4837962962962963 0.4840277777777778 0.00462962962962965 0.012499999999999956
0 0.3712962962962963 0.47777777777777775 0.007407407407407418 0.011111111111111127
0 0.2939814814814815 0.5368055555555555 0.012037037037037013 0.01805555555555549
0 0.26805555555555555 0.5388888888888889 0.010185185185185186 0.01388888888888884
0 0.2189814814814815 0.5069444444444444 0.0046296296296296224 0.01388888888888884
0 0.1625 0.5131944444444445 0.010185185185185186 0.015277777777777835
0 0.19675925925925924 0.4965277777777778 0.006481481481481505 0.018055555555555547
0 0.13194444444444445 0.5097222222222222 0.010185185185185186 0.019444444444444486
0 0.10324074074074074 0.5208333333333333 0.010185185185185186 0.01388888888888895
0 0.08935185185185185 0.5118055555555556 0.010185185185185186 0.018055555555555602
