0 0.39675925925925926 0.59375 0.012037037037037068 0.026388888888888795
0 0.2583333333333333 0.6090277777777777 0.01296296296296301 0.029166666666666674
0 0.2861111111111111 0.5993055555555555 0.011111111111111127 0.026388888888888906
0 0.6356481481481482 0.5881944444444445 0.017592592592592604 0.03194444444444444
0 0.7912037037037037 0.5958333333333333 0.017592592592592604 0.022222222222222143
0 0.8726851851851851 0.5972222222222222 0.01388888888888895 0.01388888888888884
0 0.9388888888888889 0.5791666666666666 0.014814814814814836 0.01388888888888895
0 0.2814814814814815 0.6243055555555556 0.012962962962962954 0.01805555555555549
0 0.3648148148148148 0.6111111111111112 0.005555555555555536 0.011111111111111183
0 0.3523148148148148 0.6159722222222223 0.00462962962962965 0.009722222222222188
0 0.4935185185185185 0.6131944444444444 0.005555555555555536 0.012500000000000067
