0 0.9615740740740741 0.5215277777777778 0.00462962962962965 0.00694444444444442
0 0.9513888888888888 0.5222222222222223 0.002777777777777768 0.005555555555555536
0 0.7837962962962963 0.5173611111111112 0.002777777777777768 0.006944444444444531
0 0.7550925925925926 0.5215277777777778 0.00462962962962965 0.00694444444444442
0 0.7495370370370371 0.5166666666666666 0.00462962962962965 0.008333333333333415
0 0.7384259259259259 0.5201388888888889 0.0064814814814815325 0.009722222222222299
0 0.7226851851851852 0.5145833333333334 0.0064814814814815325 0.009722222222222299
0 0.48518518518518516 0.48680555555555555 0.003703703703703709 0.00694444444444442
0 0.2583333333333333 0.47638888888888886 0.003703703703703709 0.00833333333333336
0 0.21435185185185185 0.46875 0.008333333333333331 0.012499999999999956
0 0.2050925925925926 0.4701388888888889 0.006481481481481477 0.009722222222222188
0 0.06296296296296297 0.523611111111111 0.014814814814814822 0.022222222222222254
0 0.05555555555555555 0.45625000000000004 0.009259259259259259 0.012500000000000011
0 0.02361111111111111 0.48888888888888893 0.00648148148148148 0.016666666666666663
