0 0.8180555555555555 0.3965277777777778 0.019444444444444375 0.05138888888888887
0 0.03564814814814815 0.5375000000000001 0.023148148148148147 0.033333333333333326
0 0.03935185185185185 0.6875 0.008333333333333331 0.011111111111111072
0 0.6597222222222222 0.6881944444444444 0.0064814814814815325 0.009722222222222188
0 0.675 0.65625 0.007407407407407418 0.012499999999999956
0 0.7259259259259259 0.7222222222222222 0.005555555555555647 0.008333333333333304
0 0.8064814814814815 0.7173611111111111 0.005555555555555536 0.009722222222222188
0 0.08796296296296297 0.65625 0.005555555555555564 0.015277777777777724
0 0.39722222222222225 0.7027777777777777 0.005555555555555591 0.008333333333333415
0 0.45416666666666666 0.34375 0.012037037037037068 0.040277777777777746
0 0.849537037037037 0.6868055555555556 0.00462962962962965 0.009722222222222188
0 0.8106481481481481 0.6875 0.002777777777777768 0.008333333333333304
0 0.7680555555555556 0.6944444444444444 0.002777777777777768 0.005555555555555536
