0 0.4078703703703704 0.4986111111111111 0.036111111111111094 0.041666666666666685
0 0.5824074074074074 0.5375 0.031481481481481444 0.050000000000000044
0 0.8847222222222222 0.125 0.047222222222222165 0.09444444444444444
0 0.9560185185185186 0.6569444444444444 0.019444444444444486 0.050000000000000044
0 0.7824074074074074 0.75625 0.011111111111111072 0.015277777777777724
0 0.8240740740740741 0.7590277777777779 0.011111111111111072 0.015277777777777835
0 0.8060185185185185 0.7645833333333334 0.010185185185185186 0.015277777777777835
0 0.7625 0.7638888888888888 0.010185185185185186 0.01666666666666672
0 0.6587962962962963 0.7694444444444444 0.010185185185185186 0.01388888888888895
0 0.7023148148148148 0.7590277777777779 0.010185185185185186 0.018055555555555602
0 0.5393518518518519 0.8284722222222223 0.004629629629629539 0.009722222222222299
0 0.5157407407407407 0.8277777777777777 0.0037037037037037646 0.008333333333333415
0 0.47777777777777775 0.8375 0.003703703703703709 0.008333333333333304
0 0.7342592592592593 0.8298611111111112 0.0037037037037037646 0.006944444444444531
