0 0.9291666666666667 0.33611111111111114 0.03981481481481486 0.04722222222222222
0 0.23425925925925928 0.5652777777777778 0.018518518518518517 0.02499999999999991
0 0.45555555555555555 0.5645833333333334 0.01851851851851849 0.03194444444444444
0 0.5666666666666667 0.5319444444444444 0.016666666666666607 0.02777777777777768
0 0.5217592592592593 0.5666666666666667 0.010185185185185186 0.02777777777777779
0 0.8574074074074074 0.6493055555555556 0.007407407407407418 0.009722222222222188
0 0.9175925925925925 0.6534722222222222 0.007407407407407418 0.012499999999999956
0 0.5972222222222223 0.6729166666666666 0.007407407407407418 0.012500000000000067
0 0.6902777777777778 0.6673611111111111 0.0064814814814815325 0.012500000000000067
0 0.7476851851851851 0.6534722222222222 0.0064814814814814214 0.012499999999999956
0 0.2925925925925926 0.5708333333333333 0.011111111111111127 0.019444444444444486
0 0.6625 0.6652777777777777 0.0064814814814815325 0.011111111111111072
0 0.7921296296296296 0.7097222222222223 0.004629629629629539 0.005555555555555536
0 0.8175925925925926 0.70625 0.0037037037037036535 0.009722222222222299
0 0.4101851851851852 0.7166666666666667 0.003703703703703709 0.002777777777777768
0 0.49537037037037035 0.7173611111111111 0.003703703703703709 0.004166666666666652
0 0.5125 0.7173611111111111 0.002777777777777768 0.004166666666666652
0 0.6662037037037036 0.6666666666666666 0.00462962962962965 0.008333333333333304
