0 0.17546296296296296 0.5729166666666667 0.01944444444444443 0.026388888888888906
0 0.237962962962963 0.5340277777777778 0.014814814814814808 0.029166666666666674
0 0.3037037037037037 0.55 0.01851851851851849 0.025000000000000022
0 0.38657407407407407 0.5444444444444445 0.019444444444444486 0.025000000000000022
0 0.4532407407407407 0.4986111111111111 0.017592592592592604 0.03611111111111115
0 0.5125 0.5083333333333333 0.017592592592592604 0.025000000000000022
0 0.9560185185185186 0.5590277777777778 0.010185185185185186 0.012499999999999956
0 0.6851851851851851 0.5958333333333333 0.007407407407407418 0.011111111111111072
0 0.6425925925925926 0.6180555555555556 0.005555555555555536 0.01388888888888884
0 0.586111111111111 0.6736111111111112 0.0018518518518518823 0.002777777777777768
0 0.6606481481481481 0.6583333333333333 0.002777777777777879 0.005555555555555536
0 0.8745370370370371 0.6159722222222223 0.00462962962962965 0.00694444444444442
0 0.9481481481481482 0.6041666666666666 0.0037037037037036535 0.008333333333333304
0 0.9782407407407407 0.5402777777777779 0.0064814814814815325 0.01388888888888895
0 0.9967592592592593 0.5576388888888889 0.00462962962962965 0.012499999999999956
0 0.037500000000000006 0.75625 0.004629629629629629 0.00694444444444442
