0 0.5287037037037037 0.38958333333333334 0.02777777777777779 0.029166666666666674
0 0.3935185185185185 0.4395833333333333 0.025925925925925963 0.029166666666666674
0 0.05787037037037037 0.5319444444444444 0.01759259259259259 0.02777777777777768
0 0.1462962962962963 0.4513888888888889 0.024074074074074053 0.033333333333333326
0 0.3032407407407407 0.4722222222222222 0.021296296296296313 0.036111111111111094
0 0.18055555555555555 0.6826388888888889 0.007407407407407418 0.009722222222222188
0 0.24305555555555555 0.6618055555555555 0.00462962962962965 0.00694444444444442
0 0.9365740740740741 0.7055555555555555 0.002777777777777768 0.005555555555555647
0 0.9203703703703704 0.7131944444444445 0.0037037037037037646 0.00694444444444442
0 0.9097222222222222 0.7125 0.002777777777777768 0.005555555555555536
0 0.8175925925925926 0.6715277777777777 0.005555555555555647 0.009722222222222299
0 0.7620370370370371 0.6798611111111111 0.0037037037037036535 0.009722222222222188
0 0.6898148148148149 0.6888888888888889 0.0037037037037036535 0.008333333333333304
0 0.6375 0.6784722222222223 0.002777777777777768 0.009722222222222188
0 0.7976851851851852 0.7152777777777778 0.00462962962962965 0.008333333333333304
0 0.5416666666666667 0.6888888888888889 0.0037037037037036535 0.008333333333333304
0 0.005092592592592593 0.6416666666666666 0.006481481481481481 0.01666666666666672
0 0.024074074074074074 0.6791666666666667 0.003703703703703702 0.011111111111111072
