0 0.23888888888888887 0.5118055555555556 0.022222222222222227 0.029166666666666674
0 0.2550925925925926 0.5854166666666667 0.0064814814814815325 0.00694444444444442
0 0.2930555555555555 0.5722222222222222 0.00833333333333336 0.008333333333333304
0 0.34074074074074073 0.54375 0.014814814814814836 0.023611111111111138
0 0.47685185185185186 0.5083333333333333 0.020370370370370372 0.03611111111111115
0 0.6523148148148148 0.5611111111111111 0.012037037037037068 0.022222222222222143
0 0.6958333333333333 0.6368055555555556 0.015740740740740722 0.02083333333333337
0 0.7444444444444445 0.632638888888889 0.014814814814814836 0.026388888888888906
0 0.7740740740740741 0.6388888888888888 0.012962962962962954 0.02777777777777779
0 0.7657407407407408 0.5534722222222221 0.012962962962962954 0.018055555555555602
0 0.4037037037037037 0.5680555555555555 0.003703703703703709 0.008333333333333304
