0 0.8296296296296296 0.45555555555555555 0.016666666666666607 0.033333333333333326
0 0.9194444444444445 0.6847222222222222 0.005555555555555647 0.008333333333333304
0 0.7657407407407407 0.6770833333333334 0.005555555555555536 0.009722222222222188
0 0.7972222222222223 0.71875 0.005555555555555647 0.009722222222222188
0 0.7439814814814815 0.6784722222222223 0.0064814814814815325 0.009722222222222188
0 0.6953703703703704 0.7222222222222222 0.005555555555555647 0.008333333333333304
0 0.6574074074074074 0.3520833333333333 0.01851851851851849 0.05416666666666664
0 0.6342592592592593 0.6666666666666667 0.005555555555555536 0.011111111111111183
0 0.6101851851851852 0.6854166666666667 0.007407407407407418 0.009722222222222188
0 0.5814814814814815 0.6902777777777778 0.005555555555555536 0.011111111111111072
0 0.5740740740740741 0.6868055555555556 0.005555555555555536 0.00694444444444442
0 0.5282407407407408 0.7194444444444444 0.00462962962962965 0.008333333333333304
0 0.5328703703703703 0.4576388888888889 0.010185185185185186 0.03472222222222221
0 0.3652777777777778 0.4194444444444444 0.013888888888888895 0.04444444444444445
0 0.24583333333333335 0.6694444444444445 0.008333333333333331 0.01666666666666672
0 0.12175925925925926 0.6798611111111111 0.010185185185185186 0.015277777777777724
