0 0.03518518518518518 0.6423611111111112 0.007407407407407411 0.02083333333333337
0 0.21296296296296297 0.6395833333333334 0.011111111111111127 0.015277777777777835
0 0.374537037037037 0.5479166666666666 0.012037037037037013 0.023611111111111138
0 0.4208333333333333 0.5409722222222222 0.006481481481481477 0.026388888888888906
0 0.9476851851851852 0.4305555555555556 0.012037037037037068 0.03333333333333338
0 0.5736111111111111 0.5013888888888889 0.010185185185185186 0.03333333333333338
0 0.6171296296296296 0.5277777777777777 0.0064814814814814214 0.025000000000000022
0 0.7143518518518519 0.5305555555555556 0.008333333333333415 0.022222222222222143
0 0.799537037037037 0.5708333333333333 0.008333333333333304 0.01388888888888884
0 0.7726851851851853 0.6125 0.00462962962962965 0.011111111111111183
0 0.9259259259259259 0.5722222222222222 0.005555555555555536 0.011111111111111072
0 0.8907407407407407 0.6173611111111111 0.0037037037037037646 0.009722222222222188
0 0.8425925925925926 0.5736111111111111 0.0037037037037036535 0.011111111111111183
0 0.7902777777777777 0.6458333333333334 0.002777777777777768 0.008333333333333304
0 0.3060185185185185 0.6298611111111111 0.00462962962962965 0.01805555555555549
