0 0.06435185185185185 0.6444444444444444 0.010185185185185186 0.019444444444444486
0 0.20277777777777778 0.6430555555555555 0.011111111111111127 0.01666666666666672
0 0.1675925925925926 0.4875 0.009259259259259245 0.033333333333333326
0 0.32407407407407407 0.5076388888888889 0.014814814814814836 0.034722222222222265
0 0.5717592592592593 0.47152777777777777 0.0064814814814814214 0.026388888888888906
0 0.6175925925925926 0.55 0.0092592592592593 0.025000000000000022
0 0.7527777777777778 0.4979166666666667 0.007407407407407418 0.023611111111111083
0 0.8398148148148148 0.49097222222222225 0.011111111111111072 0.02638888888888885
0 0.9712962962962963 0.55625 0.005555555555555536 0.012499999999999956
0 0.8037037037037037 0.6444444444444444 0.005555555555555536 0.011111111111111183
0 0.6925925925925926 0.6256944444444444 0.0037037037037036535 0.009722222222222188
0 0.5222222222222221 0.6534722222222222 0.0037037037037036535 0.00694444444444442
0 0.24814814814814815 0.7166666666666667 0.003703703703703709 0.005555555555555536
0 0.12962962962962962 0.7402777777777778 0.003703703703703709 0.005555555555555536
