0 0.2833333333333333 0.5090277777777777 0.02407407407407408 0.03750000000000003
0 0.36018518518518516 0.5006944444444444 0.02777777777777779 0.03750000000000003
0 0.5888888888888888 0.4618055555555556 0.02777777777777779 0.04583333333333334
0 0.8106481481481481 0.49375 0.02314814814814814 0.02916666666666662
0 0.2986111111111111 0.5305555555555556 0.019444444444444486 0.03333333333333344
0 0.9662037037037037 0.6458333333333333 0.008333333333333304 0.011111111111111183
0 0.9444444444444444 0.6416666666666666 0.0092592592592593 0.01388888888888895
0 0.6675925925925926 0.6631944444444444 0.005555555555555536 0.012499999999999956
0 0.6935185185185185 0.6708333333333334 0.005555555555555536 0.01388888888888895
0 0.5078703703703704 0.7145833333333333 0.00462962962962965 0.00694444444444442
0 0.5555555555555556 0.7104166666666667 0.0037037037037037646 0.00694444444444442
0 0.4532407407407407 0.7131944444444445 0.002777777777777768 0.004166666666666652
0 0.4708333333333333 0.7173611111111111 0.00462962962962965 0.00694444444444442
0 0.5449074074074074 0.7048611111111112 0.00462962962962965 0.006944444444444531
0 0.7842592592592592 0.6527777777777778 0.005555555555555647 0.011111111111111072
0 0.649537037037037 0.54375 0.017592592592592604 0.03194444444444444
0 0.6851851851851851 0.4083333333333333 0.00925925925925919 0.04999999999999999
