0 0.8773148148148149 0.78125 0.012037037037036957 0.01805555555555549
0 0.9481481481481482 0.7347222222222223 0.011111111111111183 0.022222222222222254
0 0.8111111111111111 0.757638888888889 0.011111111111111072 0.018055555555555602
0 0.675 0.554861111111111 0.020370370370370372 0.03749999999999998
0 0.5703703703703704 0.5756944444444445 0.022222222222222254 0.040277777777777746
0 0.5384259259259259 0.586111111111111 0.025000000000000022 0.0444444444444444
0 0.39722222222222225 0.5756944444444445 0.01481481481481478 0.043055555555555514
0 0.3125 0.6479166666666667 0.030555555555555558 0.04583333333333328
0 0.24305555555555555 0.5409722222222222 0.010185185185185186 0.043055555555555514
0 0.44675925925925924 0.83125 0.00462962962962965 0.006944444444444531
0 0.525 0.8243055555555556 0.0037037037037037646 0.009722222222222299
0 0.6138888888888889 0.8298611111111112 0.0037037037037036535 0.006944444444444531
