0 0.7620370370370371 0.55 0.007407407407407418 0.019444444444444486
0 0.700462962962963 0.5819444444444444 0.01388888888888884 0.019444444444444486
0 0.6902777777777778 0.56875 0.008333333333333304 0.012499999999999956
0 0.6564814814814814 0.5770833333333334 0.005555555555555536 0.009722222222222299
0 0.6143518518518518 0.5770833333333334 0.0064814814814814214 0.015277777777777835
0 0.5662037037037038 0.5895833333333333 0.008333333333333415 0.015277777777777724
0 0.5509259259259259 0.5951388888888889 0.005555555555555536 0.012499999999999956
0 0.5365740740740741 0.59375 0.0064814814814815325 0.012499999999999956
0 0.5222222222222223 0.59375 0.005555555555555536 0.009722222222222188
0 0.5101851851851852 0.5958333333333333 0.005555555555555536 0.011111111111111072
0 0.4916666666666667 0.5805555555555555 0.007407407407407363 0.01666666666666672
0 0.5037037037037038 0.5923611111111111 0.005555555555555647 0.009722222222222188
0 0.5356481481481481 0.5840277777777778 0.00462962962962965 0.00694444444444442
