0 0.5472222222222223 0.5791666666666666 0.011111111111111183 0.022222222222222254
0 0.5819444444444444 0.5833333333333333 0.01388888888888895 0.019444444444444486
0 0.6097222222222223 0.5791666666666666 0.008333333333333415 0.01388888888888895
0 0.637962962962963 0.5722222222222222 0.011111111111111072 0.01666666666666672
0 0.735648148148148 0.5909722222222222 0.010185185185185186 0.012499999999999956
0 0.762962962962963 0.5888888888888889 0.005555555555555536 0.016666666666666607
0 0.7680555555555555 0.5854166666666667 0.008333333333333415 0.015277777777777835
0 0.7861111111111111 0.5868055555555556 0.005555555555555536 0.012499999999999956
0 0.8476851851851852 0.5354166666666667 0.026851851851851904 0.04027777777777786
0 0.30324074074074076 0.5569444444444445 0.010185185185185186 0.016666666666666607
