0 0.7861111111111111 0.55625 0.0037037037037037646 0.00694444444444442
0 0.9115740740740741 0.3340277777777778 0.019444444444444375 0.04305555555555557
0 0.5347222222222223 0.5722222222222222 0.00462962962962965 0.008333333333333304
0 0.6370370370370371 0.5736111111111111 0.0018518518518518823 0.008333333333333304
0 0.6402777777777777 0.5715277777777777 0.002777777777777879 0.004166666666666652
0 0.600462962962963 0.5673611111111111 0.002777777777777768 0.004166666666666652
0 0.6046296296296296 0.5673611111111111 0.0018518518518517713 0.004166666666666652
0 0.5912037037037037 0.5701388888888889 0.002777777777777768 0.004166666666666652
0 0.7958333333333334 0.5527777777777778 0.002777777777777879 0.005555555555555536
0 0.8050925925925926 0.5479166666666666 0.002777777777777768 0.006944444444444531
