0 0.624074074074074 0.5597222222222222 0.031481481481481555 0.05555555555555558
0 0.887962962962963 0.4847222222222222 0.050000000000000044 0.08611111111111114
0 0.8263888888888888 0.5201388888888889 0.045370370370370394 0.0847222222222222
0 0.5546296296296296 0.5756944444444445 0.014814814814814725 0.03749999999999998
0 0.7055555555555555 0.5270833333333333 0.00925925925925919 0.03472222222222221
0 0.5273148148148148 0.5673611111111112 0.03425925925925921 0.03472222222222221
0 0.4564814814814815 0.575 0.012962962962962954 0.019444444444444486
0 0.3101851851851852 0.5618055555555556 0.012962962962962954 0.02083333333333326
0 0.42407407407407405 0.5708333333333333 0.005555555555555591 0.011111111111111072
0 0.3388888888888889 0.5715277777777777 0.003703703703703709 0.00694444444444442
0 0.3449074074074074 0.5756944444444444 0.002777777777777768 0.004166666666666652
0 0.35 0.5743055555555555 0.003703703703703709 0.004166666666666652
0 0.36157407407407405 0.5729166666666666 0.0027777777777778234 0.009722222222222188
0 0.36944444444444446 0.5722222222222222 0.003703703703703709 0.008333333333333304
