0 0.6569444444444444 0.5138888888888888 0.017592592592592604 0.019444444444444486
0 0.6194444444444445 0.523611111111111 0.011111111111111072 0.022222222222222254
0 0.4861111111111111 0.5340277777777778 0.020370370370370372 0.029166666666666674
0 0.36574074074074076 0.5347222222222222 0.007407407407407418 0.01388888888888884
0 0.38842592592592595 0.5743055555555556 0.006481481481481477 0.009722222222222299
0 0.3824074074074074 0.5347222222222222 0.007407407407407418 0.008333333333333304
0 0.3351851851851852 0.5305555555555556 0.005555555555555536 0.008333333333333304
0 0.37777777777777777 0.5333333333333333 0.003703703703703709 0.005555555555555536
0 0.3560185185185185 0.5347222222222222 0.002777777777777768 0.005555555555555536
0 0.3490740740740741 0.5395833333333333 0.005555555555555591 0.00694444444444442
