0 0.37222222222222223 0.5138888888888888 0.0314814814814815 0.04722222222222222
0 0.4027777777777778 0.5166666666666666 0.009259259259259245 0.025000000000000022
0 0.4134259259259259 0.5201388888888889 0.015740740740740722 0.03194444444444444
0 0.31851851851851853 0.5527777777777778 0.011111111111111127 0.022222222222222254
0 0.4981481481481481 0.5847222222222221 0.009259259259259245 0.01388888888888895
0 0.525462962962963 0.5770833333333334 0.008333333333333415 0.015277777777777835
0 0.48518518518518516 0.58125 0.005555555555555591 0.006944444444444531
0 0.4662037037037037 0.56875 0.00833333333333336 0.012499999999999956
0 0.5125 0.5895833333333333 0.00462962962962965 0.009722222222222188
0 0.6175925925925927 0.5916666666666667 0.007407407407407418 0.011111111111111072
