0 0.7513888888888889 0.6722222222222223 0.017592592592592604 0.019444444444444486
0 0.7305555555555556 0.6486111111111111 0.00925925925925919 0.01388888888888884
0 0.7055555555555555 0.6402777777777777 0.007407407407407418 0.011111111111111183
0 0.6953703703703704 0.6472222222222221 0.00925925925925919 0.01666666666666672
0 0.662962962962963 0.6402777777777777 0.007407407407407418 0.011111111111111183
0 0.6462962962962964 0.6361111111111111 0.0037037037037036535 0.011111111111111183
0 0.5606481481481482 0.6381944444444445 0.010185185185185186 0.015277777777777835
0 0.5013888888888889 0.6347222222222222 0.006481481481481477 0.008333333333333304
0 0.4685185185185185 0.625 0.005555555555555536 0.011111111111111072
0 0.4462962962962963 0.6131944444444444 0.007407407407407418 0.012500000000000067
0 0.41574074074074074 0.6166666666666667 0.005555555555555536 0.005555555555555536
0 0.36898148148148147 0.6055555555555556 0.00462962962962965 0.008333333333333415
0 0.33472222222222225 0.6055555555555556 0.004629629629629595 0.008333333333333415
0 0.3875 0.6090277777777777 0.00462962962962965 0.006944444444444531
0 0.48842592592592593 0.6131944444444444 0.006481481481481477 0.012500000000000067
