0 0.011574074074074073 0.6222222222222222 0.010185185185185186 0.016666666666666607
0 0.3134259259259259 0.5923611111111111 0.006481481481481477 0.009722222222222188
0 0.33796296296296297 0.6041666666666666 0.005555555555555536 0.008333333333333304
0 0.4305555555555556 0.6118055555555555 0.009259259259259245 0.012500000000000067
0 0.475 0.6138888888888889 0.011111111111111127 0.01388888888888895
0 0.4462962962962963 0.6076388888888888 0.007407407407407418 0.009722222222222299
0 0.4893518518518518 0.6180555555555556 0.006481481481481477 0.008333333333333304
0 0.5087962962962962 0.6173611111111111 0.010185185185185186 0.015277777777777724
0 0.5 0.6201388888888889 0.005555555555555536 0.009722222222222188
0 0.5333333333333334 0.6347222222222222 0.007407407407407418 0.01388888888888895
0 0.5712962962962963 0.6277777777777778 0.005555555555555536 0.008333333333333304
0 0.5824074074074074 0.6298611111111111 0.0092592592592593 0.009722222222222188
0 0.6662037037037036 0.6340277777777779 0.010185185185185186 0.018055555555555602
0 0.8300925925925926 0.7104166666666667 0.02314814814814814 0.03749999999999998
