0 0.8935185185185185 0.5569444444444445 0.020370370370370372 0.019444444444444375
0 0.6666666666666666 0.5666666666666667 0.025925925925925908 0.03888888888888886
0 0.575925925925926 0.5805555555555555 0.012962962962962954 0.022222222222222254
0 0.5064814814814815 0.5645833333333333 0.011111111111111183 0.01805555555555549
0 0.5550925925925926 0.575 0.0064814814814815325 0.011111111111111183
0 0.4842592592592593 0.5805555555555555 0.007407407407407418 0.01388888888888895
0 0.30462962962962964 0.5833333333333334 0.005555555555555536 0.008333333333333304
0 0.31527777777777777 0.5840277777777778 0.00462962962962965 0.009722222222222188
0 0.3319444444444445 0.58125 0.006481481481481477 0.009722222222222299
0 0.3407407407407408 0.5756944444444444 0.003703703703703709 0.004166666666666652
0 0.37824074074074077 0.5722222222222222 0.004629629629629595 0.008333333333333304
0 0.38657407407407407 0.5722222222222222 0.00462962962962965 0.005555555555555536
0 0.38981481481481484 0.5777777777777777 0.003703703703703709 0.005555555555555647
0 0.45879629629629626 0.575 0.006481481481481477 0.008333333333333415
0 0.6902777777777778 0.5687500000000001 0.019444444444444375 0.023611111111111138
0 0.7222222222222223 0.5590277777777778 0.012962962962962954 0.015277777777777724
0 0.34675925925925927 0.5819444444444445 0.00462962962962965 0.005555555555555536
