0 0.11574074074074074 0.5451388888888888 0.014814814814814808 0.02083333333333337
0 0.15000000000000002 0.5576388888888888 0.022222222222222227 0.03749999999999998
0 0.20370370370370372 0.5548611111111111 0.009259259259259273 0.015277777777777724
0 0.26435185185185184 0.5597222222222222 0.006481481481481477 0.016666666666666607
0 0.35370370370370374 0.5569444444444445 0.009259259259259245 0.011111111111111072
0 0.44212962962962965 0.5590277777777778 0.006481481481481477 0.009722222222222188
0 0.45 0.5659722222222222 0.007407407407407418 0.012499999999999956
0 0.4652777777777778 0.5694444444444444 0.00462962962962965 0.011111111111111072
0 0.47685185185185186 0.5597222222222222 0.007407407407407418 0.008333333333333304
0 0.48518518518518516 0.5673611111111111 0.005555555555555591 0.009722222222222188
0 0.49444444444444446 0.5680555555555555 0.003703703703703709 0.008333333333333304
0 0.5041666666666667 0.5638888888888889 0.00462962962962965 0.008333333333333304
0 0.5138888888888888 0.5638888888888889 0.005555555555555647 0.008333333333333304
0 0.5222222222222223 0.5597222222222222 0.005555555555555536 0.008333333333333304
0 0.5347222222222223 0.5638888888888889 0.00462962962962965 0.008333333333333304
