0 0.16064814814814815 0.6611111111111111 0.00462962962962965 0.005555555555555536
0 0.175 0.6625 0.00740740740740739 0.01388888888888884
0 0.19537037037037036 0.6611111111111111 0.003703703703703709 0.005555555555555536
0 0.399537037037037 0.6631944444444444 0.00462962962962965 0.00694444444444442
0 0.4365740740740741 0.6944444444444444 0.02685185185185185 0.0444444444444444
0 0.611574074074074 0.6763888888888889 0.008333333333333304 0.01388888888888895
0 0.6291666666666667 0.6840277777777778 0.015740740740740722 0.023611111111111027
0 0.6657407407407407 0.6916666666666667 0.011111111111111072 0.025000000000000022
0 0.6990740740740741 0.6736111111111112 0.0092592592592593 0.01666666666666672
0 0.8500000000000001 0.6354166666666667 0.059259259259259234 0.11249999999999993
