0 0.5550925925925926 0.7104166666666667 0.02499999999999991 0.023611111111111138
0 0.6708333333333334 0.6680555555555556 0.01388888888888895 0.01666666666666672
0 0.9703703703703703 0.6923611111111111 0.007407407407407418 0.012499999999999956
0 0.9597222222222221 0.6791666666666667 0.0064814814814814214 0.01388888888888884
0 0.774537037037037 0.6826388888888889 0.0064814814814815325 0.009722222222222188
0 0.7615740740740741 0.66875 0.004629629629629539 0.009722222222222299
0 0.587037037037037 0.6409722222222223 0.005555555555555536 0.006944444444444531
0 0.6356481481481482 0.6451388888888889 0.002777777777777768 0.004166666666666652
0 0.5347222222222223 0.6611111111111111 0.00462962962962965 0.008333333333333304
0 0.3726851851851852 0.6673611111111111 0.002777777777777768 0.00694444444444442
0 0.35509259259259257 0.6736111111111112 0.002777777777777768 0.005555555555555647
0 0.34351851851851856 0.6722222222222223 0.003703703703703709 0.005555555555555647
0 0.337037037037037 0.6715277777777777 0.0018518518518518268 0.004166666666666763
0 0.3300925925925926 0.6729166666666666 0.002777777777777768 0.006944444444444531
0 0.18055555555555558 0.6708333333333334 0.0018518518518518545 0.008333333333333415
0 0.14027777777777778 0.675 0.00462962962962965 0.008333333333333415
