0 0.2125 0.5236111111111111 0.010185185185185186 0.01388888888888884
0 0.25925925925925924 0.5659722222222222 0.014814814814814836 0.023611111111111027
0 0.2652777777777778 0.554861111111111 0.00462962962962965 0.02083333333333337
0 0.3282407407407407 0.5486111111111112 0.013888888888888895 0.022222222222222254
0 0.3490740740740741 0.5645833333333333 0.005555555555555591 0.023611111111111027
0 0.28935185185185186 0.5680555555555555 0.010185185185185186 0.022222222222222254
0 0.3736111111111111 0.5423611111111111 0.00462962962962965 0.004166666666666652
0 0.5671296296296297 0.5708333333333333 0.0064814814814815325 0.008333333333333304
0 0.5773148148148148 0.5666666666666667 0.00462962962962965 0.005555555555555536
0 0.5736111111111111 0.5652777777777778 0.002777777777777768 0.005555555555555536
