0 0.01064814814814815 0.5770833333333334 0.01388888888888889 0.009722222222222299
0 0.0375 0.5722222222222222 0.01203703703703704 0.019444444444444486
0 0.22453703703703703 0.5673611111111111 0.008333333333333331 0.012499999999999956
0 0.24583333333333332 0.5583333333333333 0.012037037037037013 0.016666666666666607
0 0.2652777777777778 0.5680555555555555 0.010185185185185186 0.011111111111111072
0 0.27824074074074073 0.5645833333333333 0.008333333333333304 0.009722222222222188
0 0.3212962962962963 0.5652777777777778 0.005555555555555536 0.008333333333333304
0 0.33564814814814814 0.5708333333333333 0.00462962962962965 0.008333333333333304
0 0.3828703703703704 0.5583333333333333 0.006481481481481477 0.01388888888888884
0 0.4046296296296296 0.5729166666666667 0.012962962962962954 0.015277777777777835
0 0.4273148148148148 0.5479166666666666 0.008333333333333304 0.012500000000000067
0 0.44120370370370365 0.5694444444444444 0.006481481481481477 0.008333333333333304
0 0.4532407407407407 0.5631944444444444 0.004629629629629595 0.012499999999999956
0 0.45046296296296295 0.5680555555555555 0.00462962962962965 0.008333333333333304
0 0.46064814814814814 0.56875 0.006481481481481477 0.00694444444444442
0 0.4671296296296296 0.5548611111111111 0.00462962962962965 0.009722222222222188
0 0.48333333333333334 0.55625 0.005555555555555536 0.009722222222222188
0 0.8449074074074074 0.5381944444444444 0.021296296296296258 0.029166666666666674
0 0.8416666666666667 0.5534722222222221 0.011111111111111072 0.026388888888888906
0 0.8935185185185185 0.5493055555555555 0.025925925925925908 0.04583333333333328
