0 0.6800925925925926 0.6048611111111111 0.01388888888888884 0.02083333333333337
0 0.6611111111111112 0.59375 0.012962962962962954 0.023611111111111027
0 0.5120370370370371 0.6006944444444444 0.014814814814814836 0.02083333333333337
0 0.4717592592592592 0.6 0.013888888888888895 0.01388888888888884
0 0.45092592592592595 0.5854166666666667 0.018518518518518545 0.02083333333333337
0 0.41620370370370374 0.6020833333333333 0.006481481481481477 0.012499999999999956
0 0.40324074074074073 0.6013888888888889 0.00462962962962965 0.011111111111111072
0 0.3902777777777778 0.6006944444444444 0.00462962962962965 0.009722222222222188
0 0.35555555555555557 0.5951388888888889 0.007407407407407418 0.015277777777777724
0 0.3486111111111111 0.6027777777777777 0.010185185185185186 0.008333333333333304
0 0.3300925925925926 0.5993055555555555 0.006481481481481477 0.012499999999999956
0 0.25925925925925924 0.5993055555555555 0.005555555555555536 0.01805555555555549
0 0.3115740740740741 0.6027777777777777 0.006481481481481477 0.008333333333333304
