0 0.30277777777777776 0.6388888888888888 0.012962962962962954 0.019444444444444486
0 0.32731481481481484 0.6354166666666667 0.00833333333333336 0.023611111111111138
0 0.3375 0.6479166666666667 0.012037037037037013 0.026388888888888906
0 0.3550925925925926 0.6354166666666667 0.006481481481481477 0.018055555555555602
0 0.3921296296296296 0.6493055555555556 0.00833333333333336 0.009722222222222188
0 0.36898148148148147 0.6354166666666667 0.00462962962962965 0.012500000000000067
0 0.42453703703703705 0.6409722222222223 0.010185185185185186 0.009722222222222299
0 0.4666666666666667 0.6451388888888889 0.005555555555555536 0.012500000000000067
0 0.4847222222222222 0.6423611111111112 0.00462962962962965 0.006944444444444531
0 0.5097222222222222 0.64375 0.002777777777777768 0.006944444444444531
