0 0.4810185185185185 0.5340277777777778 0.019444444444444486 0.029166666666666674
0 0.45046296296296295 0.5569444444444445 0.008333333333333304 0.01388888888888884
0 0.4152777777777778 0.5465277777777777 0.010185185185185186 0.02083333333333337
0 0.3837962962962963 0.5493055555555555 0.010185185185185186 0.018055555555555602
0 0.43472222222222223 0.5368055555555555 0.012037037037037068 0.01805555555555549
0 0.46898148148148144 0.5416666666666666 0.004629629629629595 0.008333333333333304
0 0.5032407407407408 0.5506944444444445 0.002777777777777768 0.004166666666666652
0 0.5166666666666666 0.5506944444444445 0.0018518518518518823 0.004166666666666652
0 0.5291666666666667 0.5534722222222223 0.002777777777777768 0.004166666666666652
0 0.0125 0.5256944444444445 0.019444444444444445 0.026388888888888906
