0 0.5782407407407407 0.601388888888889 0.017592592592592604 0.02777777777777779
0 0.5171296296296296 0.5701388888888889 0.03240740740740744 0.056944444444444464
0 0.41666666666666663 0.6027777777777779 0.016666666666666663 0.01666666666666672
0 0.4 0.5902777777777778 0.011111111111111127 0.016666666666666607
0 0.3763888888888889 0.60625 0.010185185185185186 0.012500000000000067
0 0.3462962962962963 0.6034722222222222 0.011111111111111127 0.009722222222222188
0 0.3217592592592593 0.6180555555555556 0.006481481481481477 0.008333333333333304
0 0.3282407407407407 0.6034722222222222 0.002777777777777768 0.004166666666666652
0 0.312037037037037 0.5972222222222222 0.005555555555555591 0.008333333333333304
0 0.28101851851851856 0.5895833333333333 0.006481481481481477 0.009722222222222188
0 0.5259259259259259 0.5111111111111111 0.0037037037037037646 0.008333333333333304
