0 0.6754629629629629 0.31666666666666665 0.03425925925925921 0.06666666666666665
0 0.4560185185185185 0.47430555555555554 0.021296296296296313 0.04305555555555557
0 0.05185185185185185 0.6527777777777778 0.009259259259259259 0.016666666666666607
0 0.09027777777777778 0.6888888888888889 0.008333333333333331 0.01388888888888884
0 0.23333333333333334 0.6743055555555555 0.005555555555555536 0.018055555555555602
0 0.21805555555555556 0.6534722222222222 0.00462962962962965 0.02083333333333326
0 0.9060185185185186 0.6770833333333334 0.00462962962962965 0.009722222222222188
0 0.8662037037037037 0.6736111111111112 0.0064814814814815325 0.008333333333333415
0 0.8374999999999999 0.6708333333333334 0.00462962962962965 0.008333333333333415
0 0.8069444444444445 0.7180555555555556 0.0064814814814815325 0.008333333333333304
0 0.8074074074074074 0.6868055555555556 0.005555555555555647 0.009722222222222188
0 0.7925925925925926 0.6916666666666667 0.005555555555555536 0.008333333333333304
0 0.7212962962962963 0.7236111111111111 0.007407407407407418 0.008333333333333304
0 0.5157407407407407 0.6909722222222222 0.005555555555555536 0.009722222222222188
0 0.39722222222222225 0.7027777777777777 0.005555555555555591 0.008333333333333415
0 0.36898148148148147 0.7159722222222222 0.006481481481481477 0.009722222222222188
0 0.25925925925925924 0.7222222222222222 0.005555555555555536 0.008333333333333304
0 0.05879629629629629 0.6826388888888889 0.008333333333333325 0.015277777777777724
