0 0.40324074074074073 0.39375000000000004 0.028703703703703676 0.048611111111111105
0 0.4532407407407407 0.4944444444444444 0.021296296296296313 0.036111111111111094
0 0.6129629629629629 0.5006944444444444 0.0092592592592593 0.02638888888888885
0 0.7194444444444444 0.43194444444444446 0.024074074074074137 0.03888888888888892
0 0.7412037037037038 0.53125 0.010185185185185186 0.01805555555555549
0 0.7800925925925926 0.5881944444444445 0.00462962962962965 0.009722222222222188
0 0.6430555555555555 0.6180555555555556 0.00462962962962965 0.011111111111111072
0 0.5652777777777778 0.6756944444444445 0.004629629629629539 0.00694444444444442
0 0.5541666666666667 0.6777777777777778 0.002777777777777768 0.005555555555555536
0 0.5393518518518519 0.6611111111111111 0.002777777777777768 0.005555555555555536
0 0.5328703703703703 0.6819444444444445 0.002777777777777768 0.005555555555555536
0 0.4902777777777778 0.6548611111111111 0.004629629629629595 0.009722222222222188
0 0.3407407407407408 0.6166666666666667 0.003703703703703709 0.01388888888888884
0 0.21990740740740738 0.6784722222222223 0.0046296296296296224 0.009722222222222188
0 0.1523148148148148 0.7284722222222222 0.0046296296296296224 0.00694444444444442
0 0.13425925925925924 0.7395833333333334 0.0037037037037036813 0.00694444444444442
0 0.014814814814814815 0.6597222222222222 0.014814814814814815 0.019444444444444375
0 0.6652777777777779 0.6277777777777778 0.00462962962962965 0.008333333333333304
0 0.6722222222222223 0.6131944444444445 0.0037037037037036535 0.00694444444444442
0 0.8875 0.5395833333333333 0.012037037037036957 0.018055555555555602
0 0.9101851851851852 0.5576388888888889 0.0037037037037037646 0.015277777777777724
