0 0.6064814814814814 0.5083333333333333 0.01851851851851849 0.02777777777777779
0 0.29398148148148145 0.5722222222222222 0.010185185185185186 0.01666666666666672
0 0.8865740740740741 0.5048611111111112 0.01388888888888884 0.023611111111111138
0 0.8018518518518518 0.64375 0.007407407407407418 0.012500000000000067
0 0.9939814814814816 0.5444444444444445 0.010185185185185186 0.01388888888888895
0 0.9837962962962963 0.5444444444444445 0.008333333333333304 0.01388888888888895
0 0.3472222222222222 0.675 0.009259259259259245 0.01666666666666672
0 0.8546296296296296 0.6388888888888888 0.007407407407407307 0.01388888888888895
0 0.5662037037037038 0.6472222222222223 0.0064814814814814214 0.011111111111111072
0 0.24305555555555555 0.7208333333333333 0.00462962962962965 0.005555555555555536
0 0.28009259259259256 0.5340277777777778 0.006481481481481477 0.029166666666666674
0 0.44212962962962965 0.6909722222222222 0.002777777777777768 0.00694444444444442
0 0.5402777777777779 0.6402777777777777 0.00462962962962965 0.008333333333333415
0 0.6944444444444444 0.6083333333333334 0.005555555555555536 0.011111111111111183
0 0.7828703703703703 0.6034722222222222 0.0064814814814814214 0.009722222222222188
0 0.7648148148148148 0.60625 0.0037037037037037646 0.006944444444444531
0 0.8731481481481482 0.5236111111111111 0.007407407407407418 0.01388888888888884
0 0.8939814814814815 0.5784722222222223 0.008333333333333304 0.012500000000000067
