0 0.9171296296296296 0.5430555555555556 0.028703703703703676 0.0444444444444444
0 0.825462962962963 0.7666666666666666 0.004629629629629539 0.01388888888888895
0 0.7703703703703704 0.7534722222222222 0.0092592592592593 0.015277777777777724
0 0.7439814814814815 0.7694444444444444 0.012037037037037068 0.01388888888888895
0 0.6430555555555555 0.4868055555555556 0.03240740740740733 0.05972222222222229
0 0.4662037037037037 0.6069444444444445 0.024999999999999967 0.04166666666666663
0 0.4537037037037037 0.6222222222222222 0.014814814814814836 0.036111111111111094
0 0.5375000000000001 0.8243055555555556 0.00462962962962965 0.009722222222222299
0 0.5523148148148148 0.8368055555555556 0.004629629629629539 0.00694444444444442
0 0.5791666666666666 0.8263888888888888 0.00462962962962965 0.008333333333333415
0 0.5819444444444444 0.8305555555555555 0.00462962962962965 0.008333333333333415
0 0.6152777777777778 0.83125 0.00462962962962965 0.006944444444444531
0 0.05972222222222222 0.8451388888888889 0.004629629629629629 0.00694444444444442
