0 0.8342592592592593 0.4125 0.024074074074074137 0.030555555555555558
0 0.4666666666666667 0.4791666666666667 0.02407407407407408 0.036111111111111094
0 0.5625 0.5354166666666667 0.015740740740740833 0.023611111111111138
0 0.26249999999999996 0.6604166666666667 0.013888888888888895 0.01805555555555549
0 0.8893518518518518 0.58125 0.008333333333333304 0.012500000000000067
0 0.7375 0.6069444444444445 0.008333333333333415 0.011111111111111183
0 0.8032407407407407 0.6444444444444444 0.0064814814814814214 0.011111111111111183
0 0.8513888888888889 0.6354166666666667 0.008333333333333304 0.012500000000000067
0 0.13518518518518519 0.7291666666666666 0.005555555555555536 0.005555555555555536
0 0.33611111111111114 0.6951388888888889 0.005555555555555591 0.009722222222222188
0 0.6347222222222222 0.4493055555555555 0.00462962962962965 0.020833333333333315
0 0.6810185185185185 0.6048611111111111 0.002777777777777879 0.00694444444444442
0 0.8236111111111111 0.6256944444444444 0.00462962962962965 0.00694444444444442
0 0.9185185185185185 0.6090277777777777 0.0037037037037037646 0.006944444444444531
0 0.9319444444444445 0.6048611111111111 0.00462962962962965 0.00694444444444442
0 0.9625 0.5555555555555556 0.0064814814814815325 0.011111111111111072
0 0.9731481481481481 0.5548611111111111 0.007407407407407418 0.012499999999999956
0 0.9800925925925926 0.5506944444444444 0.008333333333333304 0.012500000000000067
0 0.9935185185185185 0.5409722222222222 0.007407407407407418 0.015277777777777835
0 0.9967592592592593 0.5513888888888889 0.00462962962962965 0.01388888888888895
