0 0.15462962962962962 0.5444444444444445 0.012962962962962982 0.01388888888888895
0 0.18842592592592594 0.5263888888888888 0.023148148148148168 0.033333333333333326
0 0.2361111111111111 0.5409722222222222 0.018518518518518517 0.03194444444444444
0 0.4212962962962963 0.5354166666666667 0.009259259259259245 0.01805555555555549
0 0.43472222222222223 0.5423611111111111 0.006481481481481477 0.018055555555555602
0 0.5481481481481482 0.54375 0.011111111111111072 0.012500000000000067
0 0.5847222222222223 0.5305555555555556 0.008333333333333304 0.005555555555555536
0 0.5962962962962963 0.5347222222222222 0.007407407407407418 0.016666666666666607
0 0.6046296296296296 0.5326388888888889 0.007407407407407307 0.012499999999999956
0 0.6398148148148148 0.5611111111111111 0.012962962962962954 0.016666666666666607
0 0.6939814814814815 0.5465277777777777 0.012037037037036957 0.018055555555555602
0 0.737037037037037 0.55625 0.0092592592592593 0.00694444444444442
0 0.7694444444444445 0.5451388888888888 0.014814814814814836 0.012500000000000067
0 0.8106481481481482 0.5430555555555556 0.00462962962962965 0.008333333333333415
