0 0.32685185185185184 0.6993055555555556 0.020370370370370372 0.029166666666666674
0 0.2666666666666667 0.7041666666666666 0.016666666666666663 0.02777777777777779
0 0.3856481481481482 0.6770833333333333 0.012037037037037013 0.012500000000000067
0 0.4384259259259259 0.6833333333333333 0.00833333333333336 0.01388888888888884
0 0.5120370370370371 0.6854166666666667 0.0092592592592593 0.01805555555555549
0 0.9675925925925926 0.7222222222222223 0.025925925925925908 0.033333333333333326
0 0.45416666666666666 0.6722222222222223 0.008333333333333304 0.01666666666666672
0 0.4712962962962963 0.6743055555555555 0.009259259259259245 0.015277777777777835
0 0.48194444444444445 0.6722222222222223 0.012037037037037068 0.01666666666666672
0 0.49537037037037035 0.6756944444444444 0.009259259259259245 0.012500000000000067
0 0.4236111111111111 0.6777777777777778 0.00462962962962965 0.01388888888888895
0 0.4300925925925926 0.675 0.008333333333333304 0.01388888888888895
0 0.5212962962962964 0.679861111111111 0.00925925925925919 0.018055555555555602
