0 0.8967592592592593 0.7 0.015740740740740833 0.025000000000000022
0 0.850925925925926 0.6986111111111111 0.020370370370370372 0.030555555555555558
0 0.3912037037037037 0.6590277777777778 0.01944444444444443 0.026388888888888906
0 0.5824074074074074 0.6736111111111112 0.0092592592592593 0.01388888888888895
0 0.6087962962962963 0.6777777777777778 0.008333333333333304 0.01388888888888895
0 0.7736111111111111 0.6770833333333333 0.008333333333333304 0.012500000000000067
0 0.6796296296296296 0.6638888888888889 0.005555555555555647 0.008333333333333304
0 0.650462962962963 0.6611111111111111 0.0064814814814814214 0.005555555555555536
0 0.6013888888888889 0.66875 0.008333333333333304 0.012500000000000067
0 0.5375 0.6756944444444444 0.008333333333333304 0.012500000000000067
0 0.7981481481481482 0.6840277777777778 0.0037037037037037646 0.009722222222222188
0 0.7282407407407407 0.6805555555555556 0.004629629629629539 0.008333333333333304
0 0.03333333333333333 0.679861111111111 0.011111111111111113 0.018055555555555602
0 0.08657407407407408 0.6708333333333334 0.002777777777777782 0.008333333333333415
0 0.08333333333333334 0.6638888888888889 0.003703703703703695 0.008333333333333304
0 0.1486111111111111 0.6625 0.00833333333333336 0.011111111111111072
0 0.16759259259259257 0.6638888888888889 0.005555555555555564 0.008333333333333304
0 0.14074074074074072 0.6604166666666667 0.005555555555555564 0.00694444444444442
0 0.18148148148148147 0.6631944444444444 0.0037037037037036813 0.009722222222222188
0 0.4115740740740741 0.6652777777777777 0.006481481481481477 0.011111111111111072
