0 0.9268518518518518 0.5347222222222222 0.04629629629629628 0.06944444444444442
0 0.7921296296296296 0.5673611111111111 0.01388888888888884 0.02083333333333326
0 0.7726851851851851 0.5451388888888888 0.02314814814814814 0.026388888888888906
0 0.6041666666666666 0.5666666666666667 0.008333333333333304 0.016666666666666607
0 0.5662037037037038 0.5597222222222222 0.010185185185185186 0.016666666666666607
0 0.4800925925925926 0.5520833333333334 0.004629629629629595 0.009722222222222188
0 0.24305555555555555 0.5638888888888889 0.006481481481481477 0.011111111111111072
0 0.2847222222222222 0.5645833333333333 0.006481481481481477 0.009722222222222188
0 0.29907407407407405 0.5701388888888889 0.005555555555555591 0.009722222222222188
0 0.3143518518518519 0.56875 0.004629629629629595 0.00694444444444442
0 0.3060185185185185 0.5729166666666666 0.00462962962962965 0.00694444444444442
0 0.3583333333333333 0.5597222222222222 0.003703703703703709 0.005555555555555536
0 0.5351851851851852 0.5652777777777778 0.005555555555555536 0.01388888888888884
0 0.2791666666666667 0.5638888888888889 0.00462962962962965 0.002777777777777768
0 0.30000000000000004 0.5597222222222222 0.003703703703703709 0.008333333333333304
