0 0.22083333333333333 0.5986111111111112 0.021296296296296285 0.030555555555555558
0 0.3462962962962963 0.5673611111111111 0.007407407407407363 0.01805555555555549
0 0.31851851851851853 0.5645833333333333 0.009259259259259245 0.012499999999999956
0 0.3814814814814815 0.5659722222222222 0.011111111111111072 0.01805555555555549
0 0.4550925925925926 0.5618055555555556 0.010185185185185186 0.01805555555555549
0 0.46851851851851856 0.5541666666666667 0.009259259259259245 0.01666666666666672
0 0.8212962962962963 0.5638888888888889 0.0185185185185186 0.02499999999999991
0 0.9287037037037037 0.5722222222222222 0.020370370370370372 0.030555555555555558
0 0.9041666666666667 0.5826388888888889 0.015740740740740833 0.026388888888888906
0 0.00787037037037037 0.5874999999999999 0.01574074074074074 0.036111111111111094
0 0.054629629629629625 0.5958333333333333 0.01851851851851851 0.036111111111111205
0 0.05092592592592592 0.5680555555555555 0.018518518518518517 0.033333333333333326
0 0.27175925925925926 0.5659722222222222 0.010185185185185186 0.02083333333333326
0 0.29120370370370374 0.5729166666666667 0.012037037037037013 0.018055555555555602
0 0.3375 0.5652777777777778 0.00833333333333336 0.01388888888888884
0 0.3310185185185185 0.5569444444444445 0.00833333333333336 0.011111111111111072
0 0.44212962962962965 0.5625 0.00833333333333336 0.011111111111111072
0 0.7847222222222222 0.5791666666666666 0.01388888888888884 0.019444444444444486
