0 0.4009259259259259 0.6125 0.007407407407407418 0.011111111111111183
0 0.41527777777777775 0.6166666666666667 0.006481481481481477 0.005555555555555536
0 0.5083333333333333 0.7256944444444444 0.02777777777777779 0.04861111111111116
0 0.4574074074074074 0.6236111111111111 0.005555555555555591 0.008333333333333304
0 0.4773148148148148 0.6159722222222223 0.00462962962962965 0.00694444444444442
0 0.48750000000000004 0.6173611111111111 0.006481481481481477 0.009722222222222188
0 0.4962962962962963 0.6173611111111111 0.007407407407407418 0.00694444444444442
0 0.5171296296296296 0.6236111111111111 0.008333333333333304 0.008333333333333304
0 0.5282407407407408 0.6479166666666667 0.012037037037036957 0.018055555555555602
0 0.5449074074074074 0.6319444444444444 0.015740740740740722 0.022222222222222254
0 0.5319444444444444 0.6145833333333334 0.004629629629629539 0.009722222222222188
0 0.6069444444444445 0.6194444444444445 0.008333333333333415 0.011111111111111072
0 0.650462962962963 0.6472222222222221 0.025000000000000022 0.04166666666666663
0 0.7069444444444444 0.6263888888888889 0.008333333333333415 0.01388888888888884
0 0.6912037037037038 0.6381944444444445 0.0064814814814814214 0.012500000000000067
0 0.8013888888888889 0.6784722222222221 0.03240740740740733 0.03194444444444444
0 0.8472222222222222 0.6583333333333333 0.0092592592592593 0.01388888888888884
0 0.8611111111111112 0.7104166666666667 0.02962962962962956 0.03194444444444444
0 0.9194444444444445 0.6645833333333333 0.012962962962962954 0.012499999999999956
