0 0.014814814814814815 0.6659722222222222 0.007407407407407406 0.00694444444444442
0 0.1439814814814815 0.6652777777777777 0.002777777777777768 0.005555555555555536
0 0.13703703703703704 0.6673611111111111 0.005555555555555536 0.00694444444444442
0 0.20092592592592595 0.6944444444444444 0.018518518518518517 0.03888888888888886
0 0.26851851851851855 0.6854166666666666 0.020370370370370372 0.03194444444444444
0 0.31342592592592594 0.6625 0.010185185185185186 0.01388888888888884
0 0.32592592592592595 0.6736111111111112 0.005555555555555591 0.005555555555555647
0 0.34490740740740744 0.6729166666666666 0.004629629629629595 0.006944444444444531
0 0.35324074074074074 0.6729166666666666 0.00462962962962965 0.006944444444444531
0 0.3652777777777778 0.6680555555555555 0.004629629629629595 0.005555555555555536
0 0.5013888888888889 0.6618055555555555 0.002777777777777768 0.00694444444444442
0 0.5106481481481482 0.6631944444444444 0.00462962962962965 0.009722222222222188
0 0.5171296296296296 0.6729166666666666 0.008333333333333304 0.009722222222222299
0 0.5365740740740741 0.6569444444444444 0.00462962962962965 0.011111111111111072
0 0.5263888888888888 0.6604166666666667 0.00462962962962965 0.00694444444444442
0 0.5833333333333333 0.675 0.007407407407407418 0.011111111111111183
0 0.6055555555555555 0.6493055555555556 0.005555555555555536 0.00694444444444442
0 0.6634259259259259 0.6881944444444444 0.015740740740740722 0.012499999999999956
0 0.774537037037037 0.6819444444444445 0.0064814814814815325 0.011111111111111072
0 0.8680555555555556 0.7381944444444444 0.028703703703703676 0.05138888888888882
0 0.9453703703703704 0.7111111111111111 0.03703703703703709 0.05555555555555558
