0 0.7041666666666666 0.675 0.02314814814814825 0.030555555555555558
0 0.7842592592592592 0.7006944444444445 0.01666666666666672 0.026388888888888906
0 0.8777777777777778 0.7027777777777777 0.012962962962962954 0.01388888888888895
0 0.7375 0.6756944444444444 0.0064814814814814214 0.012500000000000067
0 0.9537037037037037 0.6826388888888889 0.007407407407407418 0.012499999999999956
0 0.8106481481481482 0.6826388888888889 0.00462962962962965 0.012499999999999956
0 0.663888888888889 0.6638888888888889 0.0037037037037036535 0.011111111111111072
0 0.6245370370370371 0.6611111111111111 0.0064814814814814214 0.008333333333333304
0 0.5541666666666667 0.6763888888888889 0.0064814814814815325 0.011111111111111183
0 0.5407407407407407 0.6715277777777777 0.007407407407407307 0.012500000000000067
0 0.13703703703703704 0.6569444444444444 0.005555555555555536 0.011111111111111072
0 0.13148148148148148 0.6583333333333333 0.005555555555555564 0.011111111111111072
