0 0.1388888888888889 0.6694444444444445 0.005555555555555564 0.011111111111111183
0 0.3217592592592593 0.6722222222222223 0.02685185185185185 0.0444444444444444
0 0.40648148148148144 0.6652777777777777 0.037037037037037035 0.050000000000000044
0 0.6055555555555556 0.675 0.012962962962962954 0.019444444444444486
0 0.6569444444444444 0.7076388888888889 0.028703703703703676 0.04861111111111105
0 0.7185185185185186 0.6729166666666666 0.014814814814814836 0.018055555555555602
0 0.7893518518518519 0.6979166666666667 0.02314814814814814 0.03194444444444444
0 0.6060185185185185 0.5472222222222223 0.002777777777777768 0.005555555555555647
0 0.6268518518518518 0.6770833333333334 0.0037037037037036535 0.009722222222222188
0 0.12731481481481483 0.6701388888888888 0.0027777777777777957 0.004166666666666763
0 0.15 0.6666666666666666 0.003703703703703709 0.005555555555555536
0 0.1439814814814815 0.6666666666666666 0.002777777777777768 0.005555555555555536
