0 0.5726851851851851 0.6847222222222222 0.010185185185185186 0.019444444444444375
0 0.5981481481481481 0.6902777777777778 0.011111111111111183 0.011111111111111072
0 0.5731481481481482 0.6569444444444444 0.005555555555555536 0.008333333333333304
0 0.5532407407407407 0.6611111111111111 0.00462962962962965 0.008333333333333304
0 0.5574074074074074 0.6597222222222222 0.0037037037037036535 0.008333333333333304
0 0.5476851851851852 0.6791666666666667 0.0064814814814815325 0.011111111111111072
0 0.5351851851851852 0.6798611111111111 0.005555555555555536 0.009722222222222188
0 0.6 0.6416666666666666 0.005555555555555536 0.008333333333333415
0 0.4597222222222222 0.6618055555555555 0.010185185185185186 0.01805555555555549
0 0.44999999999999996 0.6673611111111111 0.011111111111111127 0.015277777777777835
