0 0.2523148148148148 0.5951388888888889 0.012037037037037068 0.02083333333333326
0 0.33472222222222225 0.5923611111111111 0.015740740740740777 0.023611111111111027
0 0.41574074074074074 0.5756944444444445 0.012962962962962954 0.023611111111111138
0 0.4981481481481481 0.6444444444444444 0.02407407407407408 0.02777777777777779
0 0.537037037037037 0.5715277777777779 0.00925925925925919 0.015277777777777835
0 0.7759259259259259 0.5715277777777779 0.025925925925925908 0.040277777777777746
0 0.8430555555555556 0.5826388888888889 0.008333333333333304 0.012500000000000067
0 0.3509259259259259 0.56875 0.007407407407407418 0.012499999999999956
0 0.37222222222222223 0.5673611111111111 0.005555555555555536 0.009722222222222188
0 0.44305555555555554 0.5680555555555555 0.006481481481481477 0.008333333333333304
0 0.4305555555555556 0.5645833333333333 0.005555555555555591 0.009722222222222188
