0 0.48796296296296293 0.5291666666666667 0.04629629629629628 0.08333333333333331
0 0.874074074074074 0.5576388888888889 0.02777777777777779 0.043055555555555625
0 0.6583333333333334 0.5631944444444444 0.012962962962962954 0.02083333333333326
0 0.6412037037037037 0.5597222222222222 0.010185185185185186 0.019444444444444375
0 0.6263888888888889 0.5576388888888889 0.0064814814814815325 0.01805555555555549
0 0.374537037037037 0.5666666666666667 0.00833333333333336 0.016666666666666607
0 0.34259259259259256 0.5652777777777778 0.011111111111111127 0.016666666666666607
0 0.2953703703703704 0.5708333333333333 0.011111111111111127 0.01666666666666672
0 0.3162037037037037 0.5743055555555556 0.008333333333333304 0.015277777777777835
0 0.2518518518518519 0.5909722222222222 0.012962962962962982 0.012499999999999956
0 0.2847222222222222 0.5645833333333333 0.00462962962962965 0.00694444444444442
0 0.3023148148148148 0.5659722222222222 0.00462962962962965 0.00694444444444442
0 0.3212962962962963 0.5666666666666667 0.003703703703703709 0.005555555555555536
0 0.35462962962962963 0.5631944444444444 0.005555555555555536 0.009722222222222188
0 0.4375 0.5638888888888889 0.00462962962962965 0.005555555555555536
0 0.687037037037037 0.5625 0.011111111111111072 0.016666666666666607
