0 0.2162037037037037 0.6368055555555556 0.012037037037037013 0.029166666666666674
0 0.2847222222222222 0.6513888888888888 0.01944444444444443 0.025000000000000022
0 0.3638888888888889 0.6569444444444444 0.012962962962962954 0.022222222222222143
0 0.3652777777777778 0.7583333333333333 0.012037037037037013 0.025000000000000022
0 0.4666666666666667 0.6451388888888889 0.003703703703703709 0.009722222222222299
0 0.48703703703703705 0.6472222222222223 0.003703703703703709 0.005555555555555536
0 0.5046296296296297 0.6430555555555555 0.0037037037037037646 0.005555555555555647
0 0.5180555555555556 0.6444444444444445 0.002777777777777768 0.005555555555555536
0 0.512962962962963 0.65625 0.0018518518518517713 0.004166666666666652
0 0.5347222222222222 0.6416666666666666 0.002777777777777768 0.005555555555555647
0 0.5273148148148148 0.6444444444444445 0.002777777777777768 0.002777777777777768
0 0.5305555555555556 0.6465277777777778 0.0018518518518517713 0.004166666666666652
