0 0.9583333333333334 0.7097222222222221 0.07592592592592595 0.2305555555555555
0 0.7217592592592592 0.5729166666666667 0.026851851851851793 0.04861111111111105
0 0.650462962962963 0.5805555555555555 0.021296296296296258 0.05555555555555547
0 0.625925925925926 0.6131944444444445 0.033333333333333326 0.056944444444444464
0 0.2833333333333333 0.5875 0.003703703703703709 0.008333333333333304
0 0.3087962962962963 0.5972222222222222 0.00462962962962965 0.008333333333333304
0 0.33055555555555555 0.5972222222222222 0.007407407407407418 0.011111111111111072
0 0.34259259259259256 0.5972222222222222 0.003703703703703709 0.011111111111111072
0 0.34814814814814815 0.6027777777777777 0.007407407407407418 0.011111111111111072
0 0.375462962962963 0.5944444444444444 0.004629629629629595 0.008333333333333304
0 0.3847222222222222 0.5944444444444444 0.004629629629629595 0.011111111111111072
0 0.3902777777777778 0.5972222222222222 0.002777777777777768 0.002777777777777768
0 0.3976851851851852 0.6048611111111111 0.00462962962962965 0.00694444444444442
0 0.40601851851851856 0.6006944444444444 0.004629629629629595 0.00694444444444442
0 0.4222222222222222 0.6027777777777777 0.005555555555555536 0.005555555555555536
