0 0.2587962962962963 0.83125 0.01944444444444446 0.015277777777777835
0 0.1111111111111111 0.6402777777777777 0.024074074074074067 0.03888888888888886
0 0.20833333333333334 0.6381944444444445 0.016666666666666663 0.029166666666666674
0 0.2583333333333333 0.6458333333333333 0.01296296296296301 0.022222222222222254
0 0.3680555555555556 0.625 0.006481481481481477 0.01388888888888884
0 0.5203703703703704 0.6201388888888889 0.005555555555555536 0.009722222222222188
0 0.5222222222222221 0.6111111111111112 0.0037037037037036535 0.005555555555555647
0 0.5365740740740741 0.6138888888888889 0.00462962962962965 0.008333333333333304
0 0.5611111111111111 0.6111111111111112 0.0037037037037037646 0.005555555555555647
0 0.5694444444444444 0.6055555555555555 0.005555555555555536 0.005555555555555536
0 0.6013888888888889 0.6069444444444445 0.002777777777777768 0.005555555555555647
0 0.6129629629629629 0.5986111111111111 0.0037037037037036535 0.011111111111111072
