0 0.027777777777777776 0.6159722222222221 0.02037037037037037 0.03194444444444444
0 0.07685185185185185 0.6222222222222222 0.014814814814814808 0.02777777777777779
0 0.10277777777777777 0.6229166666666667 0.016666666666666663 0.023611111111111027
0 0.1138888888888889 0.6111111111111112 0.007407407407407404 0.022222222222222254
0 0.14675925925925926 0.6131944444444444 0.006481481481481477 0.009722222222222299
0 0.1597222222222222 0.6041666666666667 0.006481481481481505 0.011111111111111183
0 0.19351851851851853 0.6041666666666667 0.00740740740740739 0.011111111111111183
0 0.23564814814814816 0.6131944444444444 0.006481481481481505 0.009722222222222299
0 0.312962962962963 0.7375 0.06296296296296294 0.11944444444444446
0 0.5324074074074074 0.601388888888889 0.062962962962963 0.1694444444444444
0 0.5777777777777777 0.6375 0.01851851851851849 0.019444444444444486
0 0.6050925925925925 0.6270833333333334 0.015740740740740722 0.029166666666666674
