0 0.7379629629629629 0.47152777777777777 0.020370370370370372 0.03472222222222221
0 0.7800925925925926 0.4722222222222222 0.025000000000000022 0.033333333333333326
0 0.8648148148148148 0.4340277777777778 0.014814814814814836 0.023611111111111138
0 0.8921296296296297 0.4388888888888889 0.021296296296296258 0.030555555555555558
0 0.5356481481481481 0.5180555555555555 0.008333333333333415 0.01666666666666672
0 0.5101851851851852 0.5465277777777777 0.007407407407407307 0.009722222222222299
0 0.4893518518518518 0.5180555555555555 0.00833333333333336 0.01666666666666672
0 0.4583333333333333 0.5381944444444444 0.007407407407407418 0.009722222222222188
0 0.4305555555555556 0.5305555555555556 0.005555555555555591 0.016666666666666607
0 0.5166666666666666 0.49930555555555556 0.005555555555555647 0.009722222222222188
0 0.34490740740740744 0.5986111111111111 0.006481481481481477 0.019444444444444375
0 0.39583333333333337 0.5395833333333333 0.006481481481481477 0.012499999999999956
0 0.3421296296296297 0.5409722222222222 0.006481481481481477 0.009722222222222188
0 0.41435185185185186 0.5409722222222222 0.00462962962962965 0.009722222222222188
0 0.6129629629629629 0.4986111111111111 0.005555555555555536 0.008333333333333304
0 0.04351851851851852 0.6208333333333333 0.00555555555555555 0.01388888888888884
