0 0.17222222222222222 0.6069444444444445 0.005555555555555536 0.011111111111111183
0 0.18287037037037035 0.6097222222222223 0.0046296296296296224 0.008333333333333415
0 0.21203703703703702 0.60625 0.009259259259259273 0.012500000000000067
0 0.23842592592592593 0.6152777777777778 0.0046296296296296224 0.01388888888888895
0 0.3675925925925926 0.6083333333333334 0.005555555555555536 0.008333333333333415
0 0.3486111111111111 0.6083333333333334 0.012037037037037013 0.01388888888888895
0 0.2787037037037037 0.6180555555555556 0.007407407407407363 0.008333333333333304
0 0.7791666666666667 0.58125 0.0064814814814815325 0.02083333333333337
0 0.9347222222222222 0.5979166666666667 0.008333333333333304 0.026388888888888906
0 0.9736111111111112 0.6076388888888888 0.036111111111111094 0.03472222222222221
0 0.9 0.6020833333333333 0.04444444444444451 0.05972222222222223
0 0.8467592592592592 0.617361111111111 0.062037037037037 0.09583333333333333
0 0.7550925925925926 0.6333333333333333 0.03425925925925932 0.050000000000000044
0 0.6773148148148148 0.6381944444444445 0.03981481481481475 0.07083333333333341
0 0.563425925925926 0.6861111111111111 0.06759259259259254 0.11388888888888893
0 0.4842592592592593 0.6881944444444446 0.05555555555555558 0.09305555555555556
0 0.36250000000000004 0.7333333333333334 0.041666666666666685 0.05833333333333324
