0 0.3041666666666667 0.6319444444444444 0.006481481481481477 0.008333333333333304
0 0.3175925925925926 0.6465277777777778 0.0092592592592593 0.015277777777777835
0 0.3319444444444445 0.6277777777777778 0.006481481481481477 0.008333333333333304
0 0.34814814814814815 0.6423611111111112 0.007407407407407418 0.015277777777777835
0 0.32453703703703707 0.6423611111111112 0.004629629629629595 0.009722222222222299
0 0.3560185185185185 0.6340277777777777 0.006481481481481477 0.009722222222222188
0 0.3726851851851852 0.6298611111111111 0.008333333333333304 0.015277777777777724
0 0.3819444444444444 0.6305555555555555 0.010185185185185186 0.016666666666666607
0 0.3949074074074074 0.6215277777777778 0.004629629629629595 0.00694444444444442
0 0.4185185185185185 0.6138888888888889 0.005555555555555536 0.008333333333333304
0 0.4597222222222222 0.6423611111111112 0.010185185185185186 0.026388888888888906
0 0.4981481481481481 0.625 0.020370370370370317 0.03333333333333344
0 0.43333333333333335 0.6069444444444445 0.005555555555555536 0.008333333333333415
