0 0.2657407407407407 0.6284722222222222 0.007407407407407418 0.012499999999999956
0 0.27546296296296297 0.6173611111111111 0.0064814814814815325 0.009722222222222188
0 0.19953703703703704 0.6270833333333333 0.006481481481481477 0.009722222222222188
0 0.29444444444444445 0.6159722222222223 0.007407407407407418 0.012499999999999956
0 0.337037037037037 0.6270833333333333 0.009259259259259245 0.009722222222222188
0 0.3662037037037037 0.6125 0.00462962962962965 0.01388888888888895
0 0.40046296296296297 0.6159722222222221 0.010185185185185186 0.015277777777777835
0 0.4759259259259259 0.6027777777777779 0.007407407407407418 0.01388888888888895
0 0.5194444444444444 0.5972222222222222 0.011111111111111183 0.016666666666666607
0 0.7800925925925926 0.6083333333333334 0.03240740740740744 0.0527777777777777
0 0.8078703703703703 0.6027777777777779 0.019444444444444375 0.0444444444444444
0 0.5078703703703704 0.6513888888888889 0.008333333333333415 0.019444444444444375
