0 0.9870370370370369 0.525 0.007407407407407418 0.008333333333333304
0 0.6634259259259259 0.5680555555555555 0.00462962962962965 0.005555555555555536
0 0.6462962962962964 0.5777777777777777 0.0037037037037036535 0.002777777777777879
0 0.6361111111111111 0.5840277777777778 0.0037037037037036535 0.00694444444444442
0 0.6212962962962962 0.5777777777777777 0.011111111111111183 0.01388888888888895
0 0.55 0.5854166666666667 0.01666666666666672 0.026388888888888906
0 0.5356481481481481 0.5951388888888889 0.008333333333333415 0.009722222222222188
0 0.5143518518518518 0.5986111111111112 0.02129629629629637 0.033333333333333326
0 0.4305555555555556 0.5833333333333333 0.011111111111111127 0.025000000000000022
0 0.3875 0.6166666666666667 0.012037037037037068 0.01666666666666672
0 0.3685185185185185 0.5805555555555555 0.011111111111111072 0.036111111111111094
0 0.5569444444444445 0.6430555555555555 0.025000000000000022 0.04999999999999993
