0 0.12222222222222222 0.6625 0.0111111111111111 0.016666666666666607
0 0.237962962962963 0.6243055555555556 0.014814814814814808 0.02083333333333326
0 0.26944444444444443 0.6243055555555556 0.012962962962962954 0.02083333333333326
0 0.26157407407407407 0.6118055555555555 0.006481481481481477 0.012500000000000067
0 0.28935185185185186 0.6111111111111112 0.008333333333333304 0.01388888888888895
0 0.29907407407407405 0.6208333333333333 0.009259259259259245 0.01388888888888884
0 0.33333333333333337 0.6298611111111111 0.009259259259259245 0.015277777777777724
0 0.3416666666666667 0.6097222222222223 0.007407407407407418 0.011111111111111183
0 0.3666666666666667 0.6069444444444445 0.01481481481481478 0.022222222222222254
0 0.5064814814814815 0.5993055555555555 0.005555555555555647 0.009722222222222188
0 0.5898148148148148 0.6215277777777778 0.022222222222222254 0.02083333333333326
