0 0.28194444444444444 0.6368055555555556 0.006481481481481477 0.009722222222222299
0 0.33055555555555555 0.6319444444444444 0.005555555555555536 0.008333333333333304
0 0.3800925925925926 0.6326388888888889 0.0064814814814815325 0.009722222222222188
0 0.38981481481481484 0.6305555555555555 0.005555555555555591 0.011111111111111072
0 0.4101851851851852 0.6291666666666667 0.005555555555555591 0.008333333333333304
0 0.47916666666666663 0.6131944444444445 0.004629629629629595 0.00694444444444442
0 0.4842592592592593 0.6125 0.003703703703703709 0.005555555555555536
0 0.5212962962962964 0.6138888888888889 0.007407407407407418 0.008333333333333304
0 0.8199074074074074 0.5791666666666666 0.06388888888888888 0.06666666666666676
0 0.9851851851851852 0.5395833333333333 0.025925925925925908 0.03472222222222221
0 0.2986111111111111 0.6368055555555555 0.00462962962962965 0.00694444444444442
0 0.37129629629629635 0.6229166666666667 0.003703703703703709 0.00694444444444442
0 0.33472222222222225 0.6298611111111111 0.0027777777777778234 0.00694444444444442
0 0.2226851851851852 0.6840277777777778 0.008333333333333331 0.012499999999999956
