0 0.22314814814814815 0.6819444444444445 0.005555555555555536 0.008333333333333304
0 0.27361111111111114 0.6472222222222223 0.004629629629629595 0.005555555555555536
0 0.2814814814814815 0.6361111111111111 0.005555555555555536 0.005555555555555536
0 0.29120370370370374 0.6375 0.006481481481481477 0.008333333333333415
0 0.43194444444444446 0.625 0.004629629629629595 0.005555555555555536
0 0.5037037037037038 0.5972222222222222 0.0037037037037036535 0.008333333333333304
0 0.5166666666666666 0.6152777777777778 0.005555555555555647 0.01388888888888895
0 0.5310185185185186 0.6090277777777777 0.010185185185185186 0.018055555555555602
0 0.675 0.5993055555555555 0.01851851851851849 0.023611111111111138
0 0.9787037037037037 0.5736111111111111 0.025925925925925908 0.022222222222222254
0 0.39537037037037037 0.6138888888888889 0.005555555555555536 0.011111111111111183
