0 0.2583333333333333 0.6125 0.009259259259259245 0.01666666666666672
0 0.2523148148148148 0.6006944444444444 0.006481481481481449 0.012499999999999956
0 0.26666666666666666 0.6041666666666667 0.007407407407407418 0.01388888888888895
0 0.2851851851851852 0.6083333333333334 0.009259259259259245 0.01388888888888895
0 0.31666666666666665 0.6111111111111112 0.007407407407407418 0.01388888888888895
0 0.33935185185185185 0.6173611111111111 0.008333333333333304 0.015277777777777724
0 0.3523148148148148 0.6180555555555556 0.008333333333333304 0.016666666666666607
0 0.36712962962962964 0.6125 0.008333333333333304 0.01666666666666672
0 0.10555555555555556 0.6111111111111112 0.005555555555555564 0.008333333333333415
0 0.2962962962962963 0.6180555555555556 0.007407407407407418 0.011111111111111072
0 0.5532407407407407 0.59375 0.0064814814814814214 0.015277777777777724
0 0.5601851851851851 0.6 0.007407407407407418 0.01388888888888884
0 0.6041666666666667 0.6159722222222221 0.0064814814814814214 0.018055555555555602
0 0.6203703703703705 0.5909722222222222 0.012962962962962954 0.01805555555555549
0 0.6481481481481481 0.5972222222222222 0.012962962962962954 0.016666666666666607
0 0.6708333333333334 0.5923611111111111 0.012037037037036957 0.02083333333333326
0 0.7250000000000001 0.6048611111111111 0.01851851851851849 0.023611111111111138
0 0.8069444444444445 0.6180555555555556 0.01388888888888884 0.01388888888888884
0 0.8611111111111112 0.6041666666666667 0.020370370370370372 0.02777777777777779
0 0.8925925925925926 0.6069444444444445 0.0185185185185186 0.025000000000000022
0 0.9277777777777778 0.5909722222222222 0.022222222222222254 0.023611111111111027
