0 0.525 0.6194444444444445 0.014814814814814836 0.019444444444444375
0 0.5101851851851852 0.6076388888888888 0.011111111111111072 0.02083333333333337
0 0.45416666666666666 0.5958333333333333 0.012037037037037068 0.022222222222222143
0 0.5597222222222222 0.586111111111111 0.0064814814814815325 0.019444444444444486
0 0.3949074074074074 0.6104166666666666 0.006481481481481477 0.018055555555555602
0 0.3351851851851852 0.6256944444444444 0.012962962962962954 0.015277777777777724
0 0.15324074074074073 0.6111111111111112 0.01574074074074075 0.022222222222222254
0 0.19398148148148148 0.6118055555555555 0.01203703703703704 0.02083333333333337
0 0.08611111111111111 0.6159722222222221 0.0111111111111111 0.018055555555555602
0 0.7310185185185185 0.6604166666666667 0.026851851851851904 0.03194444444444444
0 0.23842592592592593 0.6020833333333333 0.006481481481481477 0.009722222222222188
