0 0.8870370370370371 0.47152777777777777 0.04629629629629628 0.07361111111111107
0 0.3490740740740741 0.5638888888888889 0.005555555555555591 0.008333333333333304
0 0.34259259259259256 0.5673611111111111 0.007407407407407363 0.00694444444444442
0 0.3592592592592593 0.5645833333333333 0.005555555555555591 0.00694444444444442
0 0.42962962962962964 0.55625 0.007407407407407418 0.009722222222222188
0 0.5277777777777778 0.5451388888888888 0.005555555555555536 0.012500000000000067
0 0.6199074074074074 0.5340277777777778 0.00462962962962965 0.009722222222222188
0 0.4449074074074074 0.5604166666666667 0.006481481481481477 0.009722222222222188
0 0.48194444444444445 0.5458333333333334 0.002777777777777768 0.005555555555555647
0 0.563425925925926 0.5326388888888889 0.012037037037036957 0.015277777777777724
0 0.5175925925925926 0.5451388888888888 0.012962962962962954 0.02083333333333337
