0 0.025925925925925925 0.6791666666666667 0.005555555555555557 0.008333333333333304
0 0.2810185185185185 0.6444444444444444 0.015740740740740722 0.02777777777777779
0 0.38101851851851853 0.6270833333333333 0.012037037037037013 0.012499999999999956
0 0.425 0.6229166666666667 0.012962962962962954 0.02083333333333326
0 0.44212962962962965 0.61875 0.002777777777777768 0.00694444444444442
0 0.4550925925925926 0.6263888888888889 0.010185185185185186 0.022222222222222143
0 0.48842592592592593 0.6138888888888889 0.012037037037037068 0.01666666666666672
0 0.5287037037037037 0.6034722222222222 0.007407407407407418 0.009722222222222188
0 0.5375 0.6166666666666667 0.01388888888888884 0.01666666666666672
0 0.5518518518518518 0.6076388888888888 0.011111111111111183 0.015277777777777835
0 0.6018518518518519 0.5965277777777778 0.012962962962962954 0.023611111111111027
0 0.6425925925925926 0.6069444444444445 0.0185185185185186 0.02777777777777779
0 0.7046296296296296 0.5763888888888888 0.016666666666666607 0.02777777777777779
0 0.7972222222222223 0.5527777777777778 0.022222222222222254 0.030555555555555558
0 0.8046296296296296 0.5881944444444445 0.020370370370370372 0.029166666666666674
0 0.8449074074074074 0.5604166666666666 0.015740740740740722 0.029166666666666674
0 0.8842592592592593 0.6090277777777777 0.04999999999999993 0.08194444444444449
