0 0.724537037037037 0.5930555555555556 0.028703703703703787 0.04166666666666674
0 0.8277777777777777 0.5916666666666666 0.014814814814814725 0.030555555555555558
0 0.8004629629629629 0.5729166666666667 0.010185185185185186 0.023611111111111138
0 0.662037037037037 0.6083333333333334 0.00925925925925919 0.02777777777777779
0 0.6342592592592593 0.6131944444444444 0.007407407407407418 0.015277777777777835
0 0.6564814814814814 0.6201388888888889 0.011111111111111183 0.02083333333333326
0 0.7060185185185185 0.5944444444444444 0.008333333333333304 0.022222222222222143
0 0.7430555555555556 0.5888888888888888 0.012037037037037068 0.025000000000000022
0 0.33379629629629626 0.6944444444444444 0.03425925925925927 0.050000000000000044
0 0.12222222222222223 0.6069444444444445 0.00555555555555555 0.008333333333333415
0 0.10370370370370371 0.6083333333333334 0.00555555555555555 0.005555555555555647
0 0.09166666666666667 0.6138888888888889 0.003703703703703695 0.008333333333333304
0 0.5717592592592593 0.6215277777777777 0.0064814814814814214 0.026388888888888906
0 0.3486111111111111 0.6 0.002777777777777768 0.005555555555555536
0 0.046296296296296294 0.6090277777777777 0.003703703703703702 0.006944444444444531
