0 0.2087962962962963 0.6243055555555556 0.008333333333333331 0.00694444444444442
0 0.2625 0.625 0.00462962962962965 0.011111111111111072
0 0.27083333333333337 0.6145833333333334 0.004629629629629595 0.009722222222222188
0 0.28101851851851856 0.6166666666666667 0.00833333333333336 0.008333333333333304
0 0.2791666666666667 0.6256944444444444 0.008333333333333304 0.012499999999999956
0 0.36296296296296293 0.6263888888888889 0.007407407407407363 0.011111111111111072
0 0.4009259259259259 0.6104166666666666 0.007407407407407418 0.015277777777777835
0 0.4212962962962963 0.6104166666666666 0.009259259259259245 0.018055555555555602
0 0.47453703703703703 0.6013888888888889 0.0064814814814815325 0.01388888888888884
0 0.6180555555555556 0.5833333333333333 0.012037037037037068 0.01388888888888895
0 0.7240740740740741 0.5701388888888889 0.005555555555555536 0.009722222222222188
0 0.9467592592592593 0.5458333333333334 0.04907407407407405 0.07500000000000007
0 0.7055555555555555 0.5791666666666666 0.005555555555555647 0.005555555555555647
