0 0.8675925925925926 0.44027777777777777 0.10555555555555562 0.1777777777777778
0 0.0912037037037037 0.5298611111111111 0.02314814814814814 0.026388888888888795
0 0.125 0.5409722222222222 0.02592592592592592 0.040277777777777746
0 0.1837962962962963 0.5340277777777778 0.028703703703703703 0.04027777777777786
0 0.4185185185185185 0.5541666666666667 0.012962962962962954 0.01388888888888884
0 0.4759259259259259 0.5541666666666667 0.0092592592592593 0.01666666666666672
0 0.5074074074074073 0.5465277777777777 0.012962962962962954 0.023611111111111138
0 0.5375000000000001 0.5583333333333333 0.00462962962962965 0.008333333333333304
0 0.5597222222222222 0.5583333333333333 0.002777777777777768 0.008333333333333304
0 0.5740740740740741 0.55625 0.0037037037037037646 0.00694444444444442
0 0.5986111111111111 0.5590277777777778 0.002777777777777768 0.004166666666666652
0 0.6148148148148148 0.5576388888888889 0.005555555555555536 0.00694444444444442
