0 0.48703703703703705 0.6444444444444444 0.012962962962962954 0.019444444444444486
0 0.4949074074074074 0.63125 0.010185185185185186 0.01805555555555549
0 0.5337962962962963 0.6298611111111111 0.010185185185185186 0.02083333333333326
0 0.5467592592592592 0.6340277777777779 0.010185185185185186 0.015277777777777835
0 0.8583333333333334 0.6187499999999999 0.00925925925925919 0.023611111111111138
0 0.5550925925925926 0.6416666666666666 0.0064814814814815325 0.011111111111111183
0 0.5773148148148148 0.6388888888888888 0.00462962962962965 0.008333333333333415
0 0.5935185185185186 0.6388888888888888 0.0037037037037036535 0.008333333333333415
0 0.5671296296296297 0.6381944444444445 0.002777777777777768 0.006944444444444531
0 0.625925925925926 0.6291666666666667 0.007407407407407418 0.01388888888888884
0 0.6449074074074075 0.6368055555555555 0.00462962962962965 0.00694444444444442
