0 0.6995370370370371 0.5256944444444445 0.008333333333333304 0.012499999999999956
0 0.6810185185185185 0.5229166666666667 0.0064814814814814214 0.012499999999999956
0 0.6634259259259259 0.5270833333333333 0.00462962962962965 0.009722222222222188
0 0.6736111111111112 0.5326388888888889 0.0064814814814814214 0.009722222222222188
0 0.6328703703703704 0.5215277777777778 0.00462962962962965 0.009722222222222188
0 0.6189814814814815 0.5340277777777778 0.0064814814814815325 0.009722222222222188
0 0.3675925925925926 0.5201388888888889 0.005555555555555536 0.00694444444444442
0 0.3476851851851852 0.51875 0.006481481481481477 0.012500000000000067
0 0.2865740740740741 0.5256944444444445 0.00833333333333336 0.009722222222222188
0 0.2986111111111111 0.525 0.008333333333333304 0.005555555555555536
