0 0.6819444444444445 0.5847222222222223 0.036111111111111094 0.06944444444444442
0 0.6064814814814814 0.5604166666666667 0.02777777777777779 0.04027777777777786
0 0.4703703703703704 0.5736111111111111 0.014814814814814836 0.02777777777777779
0 0.7842592592592592 0.55625 0.007407407407407418 0.012499999999999956
0 0.6444444444444444 0.5576388888888889 0.011111111111111183 0.015277777777777724
0 0.5194444444444444 0.5763888888888888 0.01666666666666672 0.02777777777777779
0 0.4134259259259259 0.5972222222222222 0.010185185185185186 0.019444444444444375
0 0.44814814814814813 0.5972222222222222 0.012962962962962954 0.019444444444444375
0 0.9134259259259259 0.5138888888888888 0.010185185185185186 0.01666666666666672
0 0.962962962962963 0.5027777777777778 0.00925925925925919 0.019444444444444375
