0 0.9152777777777777 0.4236111111111111 0.054629629629629584 0.061111111111111116
0 0.46111111111111114 0.47291666666666665 0.020370370370370317 0.026388888888888906
0 0.35462962962962963 0.5208333333333333 0.007407407407407418 0.01388888888888895
0 0.4037037037037037 0.5305555555555556 0.011111111111111127 0.01388888888888884
0 0.3351851851851852 0.5243055555555556 0.005555555555555536 0.00694444444444442
0 0.49768518518518523 0.47638888888888886 0.01759259259259266 0.024999999999999967
0 0.3712962962962963 0.5270833333333333 0.007407407407407418 0.009722222222222188
0 0.38425925925925924 0.51875 0.005555555555555536 0.009722222222222299
0 0.33796296296296297 0.5513888888888889 0.005555555555555536 0.008333333333333304
0 0.41203703703703703 0.5222222222222223 0.005555555555555536 0.008333333333333304
0 0.3472222222222222 0.5229166666666667 0.007407407407407418 0.009722222222222188
