0 0.6412037037037037 0.5465277777777777 0.0064814814814815325 0.012500000000000067
0 0.9819444444444445 0.44375 0.015740740740740722 0.023611111111111083
0 0.7333333333333334 0.4951388888888889 0.00925925925925919 0.020833333333333315
0 0.6523148148148148 0.4951388888888889 0.00462962962962965 0.009722222222222243
0 0.6189814814814815 0.5208333333333333 0.008333333333333304 0.011111111111111183
0 0.5925925925925926 0.5256944444444445 0.0037037037037036535 0.009722222222222188
0 0.5685185185185185 0.5222222222222223 0.005555555555555536 0.008333333333333304
0 0.5439814814814815 0.5222222222222221 0.012037037037037068 0.019444444444444486
0 0.48518518518518516 0.5159722222222223 0.01481481481481478 0.02083333333333337
0 0.4662037037037037 0.5180555555555555 0.012037037037037013 0.01666666666666672
0 0.44351851851851853 0.5388888888888889 0.005555555555555536 0.011111111111111072
0 0.4203703703703704 0.5465277777777777 0.003703703703703709 0.006944444444444531
0 0.774537037037037 0.5104166666666666 0.008333333333333304 0.009722222222222188
