0 0.22592592592592592 0.6541666666666666 0.025925925925925936 0.02777777777777779
0 0.16203703703703703 0.6604166666666667 0.025925925925925908 0.029166666666666674
0 0.032407407407407406 0.6423611111111112 0.018518518518518517 0.029166666666666674
0 0.27314814814814814 0.6347222222222222 0.012962962962962954 0.01666666666666672
0 0.31574074074074077 0.6159722222222221 0.01481481481481478 0.029166666666666674
0 0.3597222222222222 0.6256944444444444 0.008333333333333304 0.012499999999999956
0 0.46805555555555556 0.617361111111111 0.010185185185185186 0.018055555555555602
0 0.5037037037037038 0.6166666666666667 0.011111111111111127 0.019444444444444486
0 0.523611111111111 0.6125 0.00462962962962965 0.01388888888888895
0 0.5560185185185185 0.5986111111111111 0.010185185185185186 0.016666666666666607
0 0.6125 0.6006944444444444 0.002777777777777768 0.009722222222222188
0 0.5777777777777777 0.60625 0.0037037037037036535 0.006944444444444531
0 0.575462962962963 0.6083333333333334 0.0009259259259259967 0.002777777777777879
0 0.4949074074074074 0.6854166666666667 0.010185185185185186 0.015277777777777724
0 0.586111111111111 0.6048611111111111 0.0037037037037036535 0.004166666666666652
