0 0.28101851851851856 0.4534722222222222 0.024999999999999967 0.06805555555555554
0 0.37129629629629635 0.5180555555555556 0.016666666666666663 0.06666666666666671
0 0.5300925925925926 0.6277777777777778 0.017592592592592604 0.02777777777777779
0 0.5800925925925926 0.6194444444444445 0.017592592592592604 0.036111111111111094
0 0.7407407407407407 0.6666666666666667 0.00925925925925919 0.01666666666666672
0 0.7550925925925926 0.6756944444444444 0.0064814814814814214 0.012500000000000067
0 0.7726851851851853 0.6708333333333334 0.008333333333333415 0.011111111111111183
0 0.7800925925925926 0.6701388888888888 0.0064814814814814214 0.009722222222222299
0 0.799074074074074 0.6715277777777777 0.007407407407407418 0.012500000000000067
0 0.8583333333333334 0.663888888888889 0.00925925925925919 0.01666666666666672
