0 0.7782407407407408 0.5118055555555556 0.0064814814814814214 0.009722222222222299
0 0.725462962962963 0.5131944444444445 0.002777777777777768 0.006944444444444531
0 0.5125 0.5104166666666666 0.00462962962962965 0.009722222222222188
0 0.4875 0.5236111111111111 0.008333333333333304 0.011111111111111072
0 0.4638888888888889 0.5118055555555556 0.007407407407407418 0.009722222222222299
0 0.49351851851851847 0.5166666666666666 0.003703703703703709 0.008333333333333415
0 0.4194444444444444 0.49097222222222225 0.003703703703703709 0.006944444444444475
0 0.33564814814814814 0.5097222222222222 0.00462962962962965 0.008333333333333304
0 0.27361111111111114 0.5173611111111112 0.004629629629629595 0.012500000000000067
0 0.25601851851851853 0.47430555555555554 0.002777777777777768 0.009722222222222243
0 0.19583333333333333 0.46875 0.010185185185185186 0.009722222222222188
0 0.18472222222222223 0.4847222222222222 0.0027777777777777957 0.011111111111111072
0 0.19722222222222222 0.48125 0.003703703703703709 0.00694444444444442
0 0.15833333333333333 0.46944444444444444 0.003703703703703709 0.008333333333333304
0 0.15462962962962962 0.4708333333333333 0.0037037037037036813 0.011111111111111072
0 0.1050925925925926 0.5180555555555555 0.004629629629629636 0.011111111111111183
0 0.06296296296296296 0.5034722222222222 0.005555555555555557 0.015277777777777724
0 0.04814814814814815 0.46597222222222223 0.007407407407407404 0.009722222222222188
0 0.02638888888888889 0.5097222222222222 0.004629629629629629 0.01388888888888895
