0 0.43287037037037035 0.3368055555555556 0.02870370370370373 0.05694444444444441
0 0.031018518518518515 0.6826388888888889 0.010185185185185183 0.012499999999999956
0 0.008333333333333333 0.6701388888888888 0.01111111111111111 0.015277777777777835
0 0.8546296296296296 0.54375 0.016666666666666607 0.03194444444444444
0 0.34305555555555556 0.30347222222222225 0.01388888888888884 0.04583333333333334
0 0.6800925925925927 0.6875 0.00462962962962965 0.008333333333333304
0 0.6990740740740741 0.6868055555555556 0.0037037037037037646 0.00694444444444442
0 0.700462962962963 0.6840277777777778 0.004629629629629539 0.00694444444444442
0 0.6157407407407407 0.6986111111111111 0.005555555555555536 0.011111111111111183
0 0.5675925925925926 0.7090277777777778 0.0037037037037036535 0.00694444444444442
0 0.10046296296296296 0.7361111111111112 0.002777777777777768 0.005555555555555647
0 0.1050925925925926 0.7354166666666666 0.002777777777777782 0.004166666666666763
