0 0.3023148148148148 0.5118055555555556 0.017592592592592604 0.03749999999999998
0 0.42083333333333334 0.5652777777777778 0.015740740740740722 0.02777777777777779
0 0.5902777777777778 0.5479166666666666 0.012037037037037068 0.026388888888888906
0 0.7865740740740741 0.5111111111111111 0.017592592592592604 0.030555555555555558
0 0.8425925925925926 0.570138888888889 0.01851851851851849 0.026388888888888906
0 0.6273148148148149 0.5673611111111111 0.0064814814814814214 0.02083333333333326
0 0.9851851851851852 0.6291666666666667 0.007407407407407418 0.01388888888888884
0 0.9175925925925925 0.6548611111111111 0.007407407407407418 0.012499999999999956
0 0.1439814814814815 0.73125 0.0046296296296296224 0.006944444444444531
0 0.4189814814814815 0.6784722222222223 0.004629629629629595 0.009722222222222188
0 0.45787037037037037 0.7166666666666667 0.002777777777777768 0.005555555555555536
0 0.48703703703703705 0.7138888888888889 0.003703703703703709 0.005555555555555536
