0 0.13611111111111113 0.6458333333333333 0.00740740740740739 0.019444444444444486
0 0.2949074074074074 0.5270833333333333 0.021296296296296313 0.03472222222222221
0 0.48564814814814816 0.5097222222222222 0.01944444444444443 0.033333333333333326
0 0.5439814814814814 0.5145833333333334 0.015740740740740722 0.029166666666666674
0 0.6171296296296296 0.4888888888888889 0.019444444444444486 0.02777777777777779
0 0.021759259259259256 0.7166666666666667 0.012037037037037037 0.016666666666666607
0 0.9587962962962964 0.5534722222222223 0.010185185185185186 0.009722222222222188
0 0.7671296296296296 0.61875 0.0064814814814815325 0.009722222222222188
0 0.7402777777777778 0.6138888888888889 0.0064814814814814214 0.011111111111111183
0 0.8569444444444445 0.5868055555555556 0.008333333333333415 0.009722222222222188
0 0.8763888888888889 0.5847222222222223 0.0064814814814815325 0.011111111111111072
0 0.9157407407407407 0.5604166666666667 0.011111111111111072 0.009722222222222188
0 0.8518518518518519 0.6222222222222222 0.0037037037037037646 0.008333333333333304
0 0.1648148148148148 0.725 0.0037037037037036813 0.008333333333333304
0 0.11527777777777778 0.7402777777777778 0.004629629629629636 0.008333333333333304
