0 0.4027777777777778 0.5201388888888889 0.01851851851851849 0.023611111111111138
0 0.5662037037037038 0.5201388888888889 0.012037037037036957 0.029166666666666674
0 0.6986111111111111 0.45069444444444445 0.015740740740740722 0.029166666666666674
0 0.09722222222222222 0.6520833333333333 0.012962962962962954 0.01805555555555549
0 0.9055555555555556 0.3833333333333333 0.022222222222222143 0.03611111111111115
0 0.8847222222222222 0.6208333333333333 0.0064814814814814214 0.008333333333333304
0 0.8708333333333333 0.6368055555555556 0.008333333333333304 0.012500000000000067
0 0.850462962962963 0.6347222222222222 0.010185185185185186 0.011111111111111072
0 0.8027777777777778 0.64375 0.007407407407407418 0.012500000000000067
0 0.6699074074074074 0.6159722222222223 0.0064814814814815325 0.009722222222222188
0 0.5083333333333333 0.6840277777777778 0.0037037037037036535 0.00694444444444442
0 0.060648148148148145 0.7368055555555555 0.0046296296296296224 0.006944444444444531
0 0.1287037037037037 0.7395833333333334 0.003703703703703709 0.00694444444444442
