0 0.3134259259259259 0.6340277777777777 0.0398148148148148 0.06805555555555554
0 0.39675925925925926 0.6013888888888889 0.02314814814814814 0.047222222222222276
0 0.45046296296296295 0.5972222222222222 0.03425925925925927 0.05555555555555558
0 0.8212962962962963 0.5347222222222222 0.040740740740740744 0.06944444444444442
0 0.5305555555555556 0.5736111111111111 0.02777777777777768 0.0527777777777777
0 0.5898148148148148 0.6020833333333333 0.020370370370370372 0.03472222222222221
0 0.4921296296296296 0.6055555555555556 0.01759259259259255 0.033333333333333326
0 0.37407407407407406 0.6069444444444445 0.020370370370370372 0.025000000000000022
0 0.6694444444444445 0.5868055555555556 0.022222222222222254 0.04583333333333339
0 0.9162037037037037 0.5923611111111111 0.028703703703703676 0.029166666666666674
0 0.7097222222222221 0.6048611111111111 0.030555555555555558 0.02083333333333337
