0 0.9879629629629629 0.39305555555555555 0.022222222222222254 0.033333333333333326
0 0.9495370370370371 0.5486111111111112 0.010185185185185186 0.01666666666666672
0 0.9180555555555556 0.575 0.010185185185185186 0.01666666666666672
0 0.7731481481481481 0.4625 0.0185185185185186 0.030555555555555558
0 0.7300925925925925 0.5708333333333333 0.010185185185185186 0.019444444444444486
0 0.673148148148148 0.6166666666666667 0.007407407407407418 0.01388888888888884
0 0.6347222222222222 0.6416666666666666 0.0064814814814814214 0.011111111111111183
0 0.6208333333333333 0.6305555555555555 0.0064814814814815325 0.011111111111111072
0 0.6152777777777778 0.6409722222222223 0.0064814814814814214 0.009722222222222299
0 0.6 0.6215277777777778 0.005555555555555536 0.012499999999999956
0 0.5810185185185185 0.6736111111111112 0.002777777777777768 0.005555555555555647
0 0.538888888888889 0.6791666666666667 0.0037037037037036535 0.005555555555555536
0 0.5629629629629629 0.6715277777777777 0.0037037037037036535 0.006944444444444531
0 0.312037037037037 0.6708333333333334 0.009259259259259245 0.01666666666666672
0 0.22268518518518518 0.6458333333333333 0.010185185185185186 0.01388888888888895
0 0.09814814814814815 0.7423611111111111 0.003703703703703709 0.00694444444444442
0 0.8449074074074074 0.6 0.0064814814814814214 0.011111111111111072
0 0.5268518518518519 0.6951388888888889 0.0018518518518518823 0.004166666666666652
0 0.5125 0.6944444444444444 0.002777777777777768 0.005555555555555536
