0 0.36064814814814816 0.42708333333333337 0.02314814814814814 0.0402777777777778
0 0.4273148148148148 0.4840277777777778 0.019444444444444486 0.04583333333333328
0 0.5050925925925926 0.48680555555555555 0.019444444444444486 0.03749999999999998
0 0.6199074074074074 0.523611111111111 0.02314814814814825 0.030555555555555558
0 0.7884259259259259 0.4826388888888889 0.015740740740740722 0.03749999999999998
0 0.19583333333333333 0.575 0.017592592592592604 0.036111111111111094
0 0.03657407407407407 0.6652777777777779 0.012037037037037037 0.019444444444444486
0 0.11759259259259258 0.6930555555555555 0.007407407407407404 0.01388888888888884
0 0.3550925925925926 0.4666666666666667 0.01944444444444443 0.025000000000000022
0 0.5564814814814815 0.6986111111111111 0.005555555555555536 0.008333333333333304
0 0.5967592592592592 0.6888888888888889 0.00462962962962965 0.008333333333333304
0 0.6092592592592593 0.6854166666666667 0.0037037037037037646 0.009722222222222188
0 0.7222222222222222 0.7215277777777778 0.005555555555555536 0.009722222222222188
0 0.6981481481481482 0.7243055555555555 0.005555555555555536 0.009722222222222188
0 0.762962962962963 0.6916666666666667 0.005555555555555536 0.008333333333333304
0 0.7967592592592592 0.6791666666666667 0.00462962962962965 0.011111111111111072
0 0.7962962962962963 0.7180555555555556 0.005555555555555536 0.008333333333333304
0 0.8374999999999999 0.6743055555555555 0.00462962962962965 0.009722222222222299
