0 0.045370370370370366 0.6541666666666667 0.01296296296296296 0.019444444444444375
0 0.08009259259259259 0.6395833333333334 0.013888888888888895 0.02083333333333337
0 0.23333333333333334 0.6229166666666667 0.011111111111111127 0.02083333333333326
0 0.4037037037037037 0.2875 0.018518518518518545 0.04722222222222222
0 0.5435185185185185 0.38888888888888884 0.02777777777777779 0.04999999999999999
0 0.6851851851851851 0.4361111111111111 0.024074074074074026 0.033333333333333326
0 0.8018518518518518 0.45625 0.01851851851851849 0.029166666666666674
0 0.12407407407407406 0.7381944444444445 0.003703703703703695 0.00694444444444442
0 0.42638888888888893 0.5430555555555556 0.012037037037037013 0.022222222222222254
0 0.7662037037037037 0.5979166666666667 0.008333333333333304 0.009722222222222188
0 0.7407407407407407 0.6034722222222222 0.007407407407407418 0.009722222222222188
0 0.6407407407407408 0.6305555555555555 0.007407407407407418 0.011111111111111072
0 0.6152777777777778 0.5986111111111111 0.00462962962962965 0.011111111111111072
0 0.9648148148148148 0.5493055555555555 0.0092592592592593 0.015277777777777835
0 0.9041666666666666 0.5701388888888889 0.010185185185185186 0.012499999999999956
