0 0.9615740740740741 0.5472222222222223 0.0064814814814814214 0.01388888888888895
0 0.9671296296296297 0.5486111111111112 0.0064814814814814214 0.01388888888888895
0 0.9157407407407407 0.5708333333333333 0.0092592592592593 0.01388888888888884
0 0.8587962962962963 0.44166666666666665 0.019444444444444375 0.02777777777777779
0 0.8 0.6340277777777777 0.007407407407407418 0.012499999999999956
0 0.7453703703703703 0.4486111111111111 0.020370370370370372 0.030555555555555558
0 0.6893518518518518 0.6131944444444444 0.0064814814814814214 0.012500000000000067
0 0.6592592592592592 0.6131944444444444 0.007407407407407418 0.012500000000000067
0 0.6532407407407408 0.6298611111111111 0.008333333333333415 0.009722222222222188
0 0.5916666666666667 0.6340277777777777 0.005555555555555536 0.009722222222222188
0 0.6194444444444445 0.66875 0.0037037037037037646 0.004166666666666652
0 0.5833333333333333 0.6333333333333333 0.0037037037037036535 0.008333333333333304
0 0.5287037037037037 0.6472222222222223 0.007407407407407418 0.011111111111111072
0 0.4388888888888889 0.44999999999999996 0.02407407407407408 0.041666666666666685
0 0.3648148148148148 0.5298611111111111 0.022222222222222254 0.03750000000000009
0 0.3800925925925926 0.5354166666666667 0.010185185185185186 0.02083333333333326
0 0.28194444444444444 0.4638888888888889 0.015740740740740722 0.041666666666666685
0 0.08888888888888888 0.6263888888888889 0.011111111111111113 0.016666666666666607
