0 0.49722222222222223 0.47291666666666665 0.016666666666666663 0.03749999999999998
0 0.5773148148148148 0.4722222222222222 0.012037037037037068 0.030555555555555558
0 0.6282407407407407 0.4875 0.025000000000000022 0.03888888888888886
0 0.986574074074074 0.4270833333333333 0.02314814814814814 0.03472222222222221
0 0.1837962962962963 0.65625 0.010185185185185186 0.015277777777777724
0 0.7375 0.6131944444444444 0.008333333333333415 0.015277777777777835
0 0.6657407407407407 0.6256944444444444 0.007407407407407307 0.009722222222222188
0 0.6828703703703703 0.6145833333333333 0.008333333333333304 0.015277777777777835
0 0.9439814814814815 0.5444444444444445 0.008333333333333415 0.01666666666666672
0 0.9601851851851851 0.5625 0.005555555555555536 0.01388888888888884
0 0.8083333333333333 0.6263888888888889 0.005555555555555536 0.01388888888888884
0 0.675 0.6173611111111111 0.005555555555555536 0.009722222222222188
0 0.4847222222222222 0.47152777777777777 0.015740740740740722 0.03472222222222221
