0 0.9861111111111112 0.5444444444444445 0.011111111111111183 0.01666666666666672
0 0.9712962962962963 0.5611111111111111 0.0092592592592593 0.011111111111111072
0 0.9537037037037037 0.5340277777777778 0.005555555555555536 0.012499999999999956
0 0.8944444444444444 0.5777777777777777 0.011111111111111183 0.01388888888888895
0 0.8768518518518519 0.6159722222222223 0.005555555555555536 0.009722222222222188
0 0.8550925925925926 0.6395833333333334 0.008333333333333304 0.012500000000000067
0 0.8013888888888889 0.6444444444444444 0.008333333333333304 0.011111111111111183
0 0.7981481481481482 0.6048611111111111 0.0037037037037037646 0.009722222222222299
0 0.6893518518518519 0.44027777777777777 0.008333333333333304 0.02777777777777779
0 0.6731481481481482 0.6166666666666667 0.005555555555555536 0.011111111111111072
0 0.5791666666666666 0.6444444444444444 0.00462962962962965 0.011111111111111183
0 0.514351851851852 0.5138888888888888 0.015740740740740722 0.02777777777777779
0 0.4930555555555556 0.5041666666666667 0.013888888888888895 0.027777777777777846
0 0.34444444444444444 0.5243055555555556 0.020370370370370372 0.03194444444444444
0 0.2949074074074074 0.4326388888888889 0.030555555555555558 0.0402777777777778
