0 0.18148148148148147 0.8180555555555555 0.024074074074074053 0.03888888888888886
0 0.19398148148148148 0.6569444444444444 0.024999999999999994 0.050000000000000044
0 0.41759259259259257 0.6458333333333333 0.012962962962962954 0.022222222222222254
0 0.4703703703703703 0.6451388888888889 0.009259259259259245 0.018055555555555602
0 0.48842592592592593 0.6479166666666667 0.002777777777777768 0.004166666666666652
0 0.500462962962963 0.6583333333333333 0.0027777777777778234 0.002777777777777768
0 0.5296296296296297 0.6402777777777777 0.0037037037037036535 0.005555555555555647
0 0.5199074074074074 0.6458333333333334 0.002777777777777768 0.002777777777777768
0 0.5111111111111111 0.6458333333333334 0.0037037037037036535 0.002777777777777768
0 0.5449074074074074 0.64375 0.002777777777777768 0.004166666666666652
0 0.538888888888889 0.6472222222222223 0.0018518518518518823 0.002777777777777768
