0 0.5416666666666667 0.5902777777777778 0.007407407407407418 0.011111111111111072
0 0.5319444444444444 0.6125 0.004629629629629539 0.005555555555555536
0 0.4652777777777778 0.5618055555555556 0.002777777777777768 0.00694444444444442
0 0.43425925925925923 0.5472222222222223 0.020370370370370372 0.025000000000000022
0 0.3162037037037037 0.5340277777777778 0.017592592592592604 0.026388888888888906
0 0.26342592592592595 0.5284722222222222 0.021296296296296313 0.029166666666666674
0 0.15000000000000002 0.5270833333333333 0.014814814814814808 0.03194444444444444
0 0.1125 0.5159722222222223 0.02314814814814814 0.040277777777777746
0 0.4013888888888889 0.5673611111111111 0.00833333333333336 0.009722222222222188
0 0.5569444444444445 0.5881944444444445 0.0009259259259259967 0.004166666666666652
