0 0.5416666666666667 0.5923611111111111 0.0037037037037036535 0.004166666666666652
0 0.5384259259259259 0.6125 0.00462962962962965 0.008333333333333415
0 0.45833333333333337 0.5784722222222223 0.005555555555555591 0.006944444444444531
0 0.4282407407407407 0.56875 0.006481481481481477 0.009722222222222188
0 0.42083333333333334 0.5694444444444444 0.008333333333333304 0.008333333333333304
0 0.37453703703703706 0.5263888888888888 0.02314814814814814 0.033333333333333326
0 0.2550925925925926 0.5215277777777778 0.02314814814814814 0.03472222222222221
0 0.20185185185185184 0.5354166666666667 0.022222222222222227 0.026388888888888906
0 0.14305555555555555 0.5069444444444444 0.02685185185185185 0.03888888888888892
0 0.024074074074074074 0.5104166666666666 0.02407407407407407 0.0402777777777778
0 0.46759259259259256 0.5604166666666667 0.003703703703703709 0.009722222222222188
0 0.5587962962962962 0.5881944444444445 0.008333333333333415 0.012499999999999956
