0 0.19444444444444445 0.5868055555555556 0.02777777777777779 0.040277777777777746
0 0.12314814814814815 0.6090277777777777 0.027777777777777776 0.04583333333333328
0 0.47870370370370374 0.6375 0.011111111111111127 0.01666666666666672
0 0.4546296296296296 0.6319444444444444 0.011111111111111127 0.019444444444444486
0 0.4194444444444444 0.6340277777777777 0.009259259259259245 0.012499999999999956
0 0.5467592592592592 0.6451388888888889 0.010185185185185186 0.015277777777777835
0 0.6199074074074074 0.64375 0.0064814814814814214 0.012500000000000067
0 0.5898148148148148 0.6458333333333333 0.007407407407407418 0.01666666666666672
0 0.5115740740740742 0.6395833333333334 0.010185185185185186 0.02083333333333337
0 0.3486111111111111 0.6131944444444444 0.006481481481481477 0.012500000000000067
