0 0.37129629629629635 0.5520833333333333 0.016666666666666663 0.026388888888888906
0 0.42407407407407405 0.5791666666666666 0.011111111111111127 0.019444444444444486
0 0.46111111111111114 0.575 0.01296296296296301 0.019444444444444486
0 0.3944444444444445 0.5659722222222222 0.011111111111111127 0.02083333333333326
0 0.6449074074074074 0.5527777777777778 0.017592592592592604 0.025000000000000022
0 0.8226851851851852 0.5916666666666667 0.02314814814814814 0.022222222222222143
0 0.7 0.5673611111111111 0.00925925925925919 0.009722222222222188
0 0.6828703703703703 0.5763888888888888 0.0064814814814815325 0.01388888888888895
0 0.24398148148148147 0.5784722222222223 0.0046296296296296224 0.006944444444444531
0 0.4986111111111111 0.5701388888888889 0.008333333333333304 0.012499999999999956
0 0.6671296296296296 0.5652777777777778 0.008333333333333304 0.011111111111111072
0 0.6773148148148148 0.5729166666666666 0.004629629629629539 0.009722222222222188
0 0.8662037037037037 0.5506944444444444 0.008333333333333304 0.015277777777777835
0 0.8787037037037038 0.5354166666666667 0.012962962962962954 0.01805555555555549
