0 0.7143518518518519 0.6784722222222221 0.008333333333333415 0.018055555555555602
0 0.5902777777777778 0.69375 0.012037037037037068 0.01805555555555549
0 0.5833333333333333 0.6805555555555556 0.00925925925925919 0.008333333333333304
0 0.5462962962962963 0.6736111111111112 0.0092592592592593 0.01666666666666672
0 0.5685185185185185 0.6597222222222222 0.005555555555555536 0.008333333333333304
0 0.5300925925925926 0.6763888888888889 0.00462962962962965 0.011111111111111183
0 0.811574074074074 0.675 0.00462962962962965 0.011111111111111183
0 0.8439814814814814 0.6770833333333334 0.00462962962962965 0.009722222222222188
0 0.27175925925925926 0.6645833333333333 0.010185185185185186 0.015277777777777835
0 0.23518518518518516 0.6736111111111112 0.0111111111111111 0.01666666666666672
0 0.014351851851851852 0.6715277777777777 0.010185185185185186 0.018055555555555602
0 0.3486111111111111 0.6784722222222223 0.00462962962962965 0.00694444444444442
0 0.3384259259259259 0.6729166666666666 0.002777777777777768 0.006944444444444531
0 0.32592592592592595 0.6680555555555556 0.005555555555555591 0.008333333333333415
0 0.312037037037037 0.6729166666666666 0.003703703703703709 0.006944444444444531
0 0.6069444444444445 0.6659722222222222 0.00462962962962965 0.00694444444444442
0 0.8296296296296296 0.6791666666666667 0.005555555555555536 0.008333333333333304
