0 0.6805555555555556 0.6791666666666667 0.011111111111111072 0.019444444444444486
0 0.6199074074074074 0.6791666666666667 0.015740740740740722 0.02777777777777779
0 0.45231481481481484 0.6791666666666667 0.012037037037037013 0.019444444444444486
0 0.4291666666666667 0.6736111111111112 0.012037037037037013 0.019444444444444486
0 0.8217592592592593 0.6826388888888889 0.010185185185185186 0.015277777777777724
0 0.8439814814814814 0.6888888888888889 0.010185185185185186 0.01388888888888884
0 0.9157407407407407 0.6798611111111111 0.005555555555555536 0.015277777777777724
0 0.6166666666666667 0.6430555555555555 0.007407407407407418 0.008333333333333415
0 0.5680555555555555 0.6381944444444445 0.008333333333333304 0.012500000000000067
0 0.5606481481481482 0.6701388888888888 0.0064814814814814214 0.012500000000000067
0 0.5458333333333334 0.6743055555555555 0.008333333333333415 0.012500000000000067
0 0.5027777777777778 0.6611111111111111 0.0037037037037037646 0.008333333333333304
0 0.5337962962962963 0.6527777777777778 0.0064814814814815325 0.011111111111111072
0 0.17824074074074076 0.6694444444444445 0.006481481481481505 0.011111111111111183
0 0.1824074074074074 0.6645833333333333 0.005555555555555536 0.009722222222222188
0 0.16342592592592592 0.6631944444444444 0.0046296296296296224 0.009722222222222188
0 0.09907407407407406 0.6715277777777777 0.007407407407407404 0.012500000000000067
0 0.012962962962962963 0.6666666666666666 0.005555555555555553 0.008333333333333304
0 0.033796296296296297 0.6819444444444445 0.008333333333333331 0.011111111111111072
0 0.054629629629629625 0.6708333333333334 0.007407407407407411 0.011111111111111183
