0 0.12824074074074074 0.5138888888888888 0.013888888888888895 0.030555555555555558
0 0.2222222222222222 0.5131944444444445 0.0111111111111111 0.018055555555555602
0 0.2675925925925926 0.5104166666666667 0.020370370370370372 0.026388888888888906
0 0.29953703703703705 0.5416666666666667 0.012037037037037068 0.022222222222222254
0 0.34814814814814815 0.54375 0.011111111111111072 0.026388888888888906
0 0.38703703703703707 0.5354166666666667 0.01296296296296301 0.015277777777777724
0 0.42268518518518516 0.5277777777777778 0.013888888888888895 0.022222222222222143
0 0.4513888888888889 0.5416666666666667 0.00462962962962965 0.01666666666666672
0 0.5564814814814816 0.5805555555555555 0.01851851851851849 0.022222222222222254
0 0.6361111111111111 0.5347222222222222 0.00925925925925919 0.01388888888888884
0 0.6435185185185185 0.5395833333333333 0.005555555555555536 0.012499999999999956
0 0.6546296296296297 0.5361111111111111 0.005555555555555536 0.01388888888888884
0 0.6634259259259259 0.5458333333333334 0.01388888888888895 0.011111111111111183
0 0.7106481481481481 0.54375 0.0064814814814815325 0.009722222222222299
0 0.7305555555555556 0.5423611111111111 0.00925925925925919 0.00694444444444442
0 0.7189814814814814 0.5541666666666667 0.010185185185185186 0.005555555555555536
0 0.7717592592592593 0.5534722222222223 0.0064814814814815325 0.009722222222222188
