0 0.024999999999999998 0.5756944444444445 0.01296296296296296 0.012500000000000067
0 0.29583333333333334 0.5659722222222222 0.00462962962962965 0.00694444444444442
0 0.36111111111111116 0.5701388888888889 0.003703703703703709 0.009722222222222188
0 0.3925925925925926 0.5715277777777779 0.009259259259259245 0.023611111111111138
0 0.5212962962962963 0.5479166666666666 0.025925925925925908 0.03194444444444444
0 0.5666666666666667 0.5597222222222222 0.0092592592592593 0.016666666666666607
0 0.6027777777777777 0.5368055555555555 0.020370370370370372 0.029166666666666674
0 0.6268518518518518 0.5583333333333333 0.022222222222222254 0.036111111111111094
0 0.6898148148148149 0.5298611111111111 0.02962962962962956 0.04027777777777786
0 0.7296296296296296 0.554861111111111 0.011111111111111072 0.03194444444444444
0 0.7768518518518519 0.5465277777777777 0.020370370370370372 0.03194444444444444
0 0.9337962962962962 0.5472222222222223 0.01388888888888895 0.025000000000000022
