0 0.13240740740740742 0.6256944444444444 0.016666666666666677 0.023611111111111027
0 0.29583333333333334 0.5756944444444445 0.012037037037037068 0.018055555555555602
0 0.31157407407407406 0.5736111111111111 0.002777777777777768 0.005555555555555536
0 0.38657407407407407 0.5736111111111111 0.00462962962962965 0.005555555555555536
0 0.4888888888888889 0.5277777777777778 0.03888888888888886 0.061111111111111116
0 0.5824074074074075 0.5493055555555556 0.033333333333333326 0.05972222222222223
0 0.7439814814814816 0.5777777777777777 0.015740740740740722 0.022222222222222254
0 0.7916666666666667 0.5520833333333333 0.01666666666666672 0.023611111111111138
0 0.6861111111111111 0.5701388888888889 0.007407407407407307 0.012499999999999956
0 0.8648148148148148 0.5513888888888889 0.007407407407407307 0.01666666666666672
