0 0.3773148148148148 0.49375 0.002777777777777768 0.004166666666666707
0 0.461574074074074 0.49444444444444446 0.006481481481481477 0.00833333333333336
0 0.4962962962962963 0.5027777777777778 0.005555555555555536 0.008333333333333304
0 0.5314814814814814 0.5076388888888889 0.01851851851851849 0.0319444444444445
0 0.5893518518518519 0.50625 0.002777777777777879 0.004166666666666652
0 0.6513888888888889 0.5645833333333334 0.02129629629629637 0.029166666666666674
0 0.6129629629629629 0.4986111111111111 0.005555555555555536 0.008333333333333304
0 0.9375 0.5222222222222223 0.004629629629629539 0.005555555555555536
0 0.2912037037037037 0.49722222222222223 0.002777777777777768 0.005555555555555536
0 0.32592592592592595 0.34444444444444444 0.0018518518518518268 0.005555555555555536
