0 0.5652777777777778 0.6090277777777777 0.017592592592592604 0.029166666666666674
0 0.5944444444444444 0.5847222222222221 0.020370370370370372 0.033333333333333326
0 0.5393518518518519 0.6180555555555556 0.01388888888888884 0.016666666666666607
0 0.4800925925925926 0.6027777777777779 0.00833333333333336 0.01666666666666672
0 0.5120370370370371 0.6138888888888889 0.0037037037037036535 0.005555555555555536
0 0.46898148148148144 0.6145833333333334 0.006481481481481477 0.009722222222222188
0 0.3662037037037037 0.6159722222222223 0.006481481481481477 0.009722222222222188
0 0.39537037037037037 0.61875 0.005555555555555536 0.009722222222222188
0 0.39537037037037037 0.6055555555555555 0.0018518518518518823 0.002777777777777768
0 0.43148148148148147 0.6145833333333334 0.0018518518518518268 0.004166666666666652
0 0.525 0.6090277777777777 0.005555555555555536 0.004166666666666763
