0 0.5898148148148148 0.6409722222222223 0.005555555555555536 0.009722222222222299
0 0.5060185185185185 0.6743055555555555 0.008333333333333304 0.012500000000000067
0 0.5217592592592593 0.6729166666666666 0.0064814814814815325 0.004166666666666763
0 0.775 0.68125 0.0037037037037037646 0.009722222222222188
0 0.7657407407407408 0.68125 0.007407407407407418 0.009722222222222188
0 0.8342592592592593 0.6708333333333334 0.011111111111111072 0.01388888888888895
0 0.36574074074074076 0.6708333333333334 0.005555555555555536 0.011111111111111183
0 0.35370370370370374 0.6736111111111112 0.003703703703703709 0.008333333333333415
0 0.37824074074074077 0.6673611111111111 0.004629629629629595 0.00694444444444442
0 0.3731481481481481 0.6736111111111112 0.003703703703703709 0.005555555555555647
0 0.3337962962962963 0.6680555555555555 0.002777777777777768 0.005555555555555536
0 0.14074074074074072 0.6784722222222223 0.005555555555555564 0.009722222222222188
0 0.08796296296296297 0.6673611111111111 0.005555555555555564 0.00694444444444442
0 0.08055555555555555 0.6666666666666666 0.007407407407407404 0.008333333333333304
0 0.03888888888888889 0.6729166666666666 0.007407407407407404 0.009722222222222299
