0 0.42314814814814816 0.5895833333333333 0.02777777777777779 0.03749999999999998
0 0.21064814814814814 0.5430555555555556 0.01203703703703704 0.030555555555555558
0 0.374537037037037 0.53125 0.013888888888888895 0.026388888888888795
0 0.4013888888888889 0.54375 0.010185185185185186 0.018055555555555602
0 0.44907407407407407 0.5222222222222221 0.012962962962962954 0.025000000000000022
0 0.6231481481481481 0.5451388888888888 0.020370370370370372 0.012500000000000067
0 0.18981481481481483 0.51875 0.012962962962962982 0.026388888888888906
0 0.24398148148148147 0.525 0.01203703703703704 0.01388888888888884
0 0.33194444444444443 0.5493055555555555 0.010185185185185186 0.018055555555555602
0 0.4222222222222222 0.5326388888888889 0.0092592592592593 0.015277777777777724
0 0.4555555555555556 0.5465277777777777 0.009259259259259245 0.018055555555555602
0 0.6356481481481482 0.5381944444444444 0.00462962962962965 0.012499999999999956
0 0.6412037037037037 0.5361111111111111 0.0064814814814815325 0.016666666666666607
0 0.6541666666666667 0.5347222222222222 0.008333333333333304 0.016666666666666607
0 0.6685185185185185 0.5423611111111111 0.005555555555555536 0.015277777777777835
0 0.7314814814814815 0.5409722222222222 0.0092592592592593 0.00694444444444442
0 0.7310185185185185 0.5625 0.008333333333333304 0.011111111111111072
