0 0.8842592592592593 0.5562499999999999 0.02962962962962956 0.043055555555555514
0 0.7324074074074074 0.5569444444444445 0.011111111111111072 0.025000000000000022
0 0.625462962962963 0.5576388888888889 0.008333333333333304 0.02083333333333326
0 0.6444444444444444 0.54375 0.011111111111111183 0.023611111111111138
0 0.28194444444444444 0.5701388888888889 0.008333333333333304 0.009722222222222188
0 0.287962962962963 0.5652777777777778 0.003703703703703709 0.005555555555555536
0 0.29814814814814816 0.5611111111111111 0.003703703703703709 0.008333333333333304
0 0.312962962962963 0.5680555555555555 0.005555555555555591 0.008333333333333304
0 0.33055555555555555 0.5666666666666667 0.005555555555555536 0.005555555555555536
0 0.3208333333333333 0.5604166666666667 0.004629629629629595 0.00694444444444442
0 0.3194444444444444 0.56875 0.003703703703703709 0.00694444444444442
0 0.34675925925925927 0.5618055555555556 0.00462962962962965 0.009722222222222188
0 0.6037037037037036 0.5555555555555556 0.007407407407407418 0.01388888888888884
0 0.9231481481481482 0.5395833333333333 0.011111111111111072 0.018055555555555602
0 0.9379629629629629 0.5479166666666666 0.012962962962962954 0.023611111111111138
