0 0.6351851851851852 0.5625 0.022222222222222143 0.04444444444444451
0 0.7425925925925926 0.6027777777777779 0.024074074074074137 0.04166666666666663
0 0.8134259259259259 0.5159722222222222 0.028703703703703676 0.05972222222222218
0 0.8666666666666667 0.5354166666666667 0.014814814814814836 0.03472222222222221
0 0.5347222222222222 0.570138888888889 0.01388888888888884 0.029166666666666674
0 0.6981481481481482 0.5527777777777778 0.01851851851851849 0.033333333333333326
0 0.5046296296296297 0.5534722222222221 0.014814814814814836 0.03472222222222221
0 0.30879629629629635 0.5583333333333333 0.013888888888888895 0.022222222222222143
0 0.35138888888888886 0.5645833333333333 0.015740740740740777 0.023611111111111027
0 0.4125 0.54375 0.013888888888888895 0.023611111111111138
0 0.4671296296296296 0.554861111111111 0.010185185185185186 0.02083333333333337
0 0.9050925925925926 0.50625 0.02314814814814814 0.0402777777777778
0 0.3824074074074074 0.5555555555555556 0.011111111111111127 0.019444444444444486
0 0.42962962962962964 0.5590277777777778 0.007407407407407418 0.015277777777777724
0 0.2925925925925926 0.5590277777777778 0.009259259259259245 0.02083333333333326
0 0.2587962962962963 0.5631944444444444 0.006481481481481477 0.009722222222222188
