0 0.525462962962963 0.570138888888889 0.008333333333333415 0.018055555555555602
0 0.5671296296296297 0.5631944444444444 0.0064814814814815325 0.009722222222222188
0 0.6092592592592593 0.5770833333333334 0.005555555555555536 0.009722222222222299
0 0.6300925925925926 0.5652777777777778 0.0064814814814814214 0.01388888888888884
0 0.637962962962963 0.5729166666666666 0.005555555555555536 0.004166666666666652
0 0.6606481481481481 0.5763888888888888 0.008333333333333415 0.01388888888888895
0 0.6754629629629629 0.5743055555555556 0.012037037037037068 0.015277777777777835
0 0.6962962962962963 0.5777777777777777 0.0037037037037037646 0.005555555555555647
0 0.7097222222222221 0.5659722222222222 0.0064814814814814214 0.012499999999999956
0 0.6689814814814814 0.575 0.00462962962962965 0.008333333333333415
0 0.7268518518518519 0.5694444444444444 0.007407407407407418 0.008333333333333304
