0 0.8643518518518518 0.6041666666666666 0.07314814814814818 0.05833333333333335
0 0.9828703703703703 0.5944444444444444 0.030555555555555558 0.05277777777777781
0 0.7731481481481481 0.5458333333333334 0.04814814814814816 0.08611111111111114
0 0.44074074074074077 0.6319444444444444 0.020370370370370372 0.02777777777777779
0 0.34074074074074073 0.6777777777777778 0.02777777777777779 0.03888888888888886
0 0.0763888888888889 0.5583333333333333 0.015740740740740736 0.019444444444444375
0 0.5240740740740741 0.586111111111111 0.01666666666666672 0.019444444444444486
0 0.3768518518518519 0.5944444444444444 0.003703703703703709 0.008333333333333304
0 0.3907407407407407 0.5986111111111111 0.003703703703703709 0.005555555555555536
0 0.32361111111111107 0.6013888888888889 0.006481481481481477 0.008333333333333304
0 0.30925925925925923 0.5972222222222222 0.005555555555555591 0.005555555555555536
