0 0.7217592592592592 0.5847222222222221 0.025000000000000022 0.04166666666666663
0 0.6254629629629629 0.5756944444444445 0.015740740740740722 0.015277777777777835
0 0.4305555555555556 0.6006944444444444 0.005555555555555591 0.00694444444444442
0 0.42314814814814816 0.6006944444444444 0.005555555555555536 0.00694444444444442
0 0.4023148148148148 0.6048611111111111 0.0027777777777778234 0.00694444444444442
0 0.37592592592592594 0.5972222222222222 0.005555555555555536 0.008333333333333304
0 0.3902777777777778 0.6006944444444444 0.002777777777777768 0.001388888888888884
0 0.3449074074074074 0.6013888888888889 0.002777777777777768 0.008333333333333304
0 0.3134259259259259 0.5972222222222222 0.006481481481481477 0.008333333333333304
0 0.2833333333333333 0.5881944444444445 0.003703703703703709 0.00694444444444442
0 0.35694444444444445 0.59375 0.00462962962962965 0.004166666666666652
