0 0.4662037037037037 0.5826388888888889 0.01944444444444443 0.03749999999999998
0 0.5273148148148148 0.5805555555555555 0.021296296296296258 0.036111111111111094
0 0.5958333333333333 0.5493055555555555 0.02314814814814814 0.043055555555555514
0 0.41944444444444445 0.5944444444444444 0.0018518518518518823 0.005555555555555536
0 0.41203703703703703 0.5958333333333333 0.0037037037037036535 0.008333333333333304
0 0.40324074074074073 0.6006944444444444 0.00462962962962965 0.00694444444444442
0 0.39861111111111114 0.6020833333333333 0.0027777777777778234 0.004166666666666652
0 0.350462962962963 0.6020833333333333 0.00462962962962965 0.009722222222222188
0 0.31574074074074077 0.5972222222222222 0.003703703703703709 0.008333333333333304
0 0.2847222222222222 0.5881944444444445 0.00462962962962965 0.00694444444444442
0 0.37222222222222223 0.6013888888888889 0.0018518518518518823 0.005555555555555536
0 0.39305555555555555 0.6 0.002777777777777768 0.005555555555555536
