0 0.5425925925925926 0.5604166666666667 0.040740740740740744 0.06527777777777777
0 0.625925925925926 0.49930555555555556 0.03703703703703709 0.06805555555555554
0 0.4550925925925926 0.6006944444444444 0.010185185185185186 0.015277777777777724
0 0.413425925925926 0.5819444444444444 0.013888888888888895 0.022222222222222254
0 0.4277777777777778 0.5944444444444444 0.005555555555555591 0.005555555555555536
0 0.39768518518518514 0.5986111111111111 0.006481481481481477 0.008333333333333304
0 0.38703703703703707 0.6006944444444444 0.005555555555555591 0.009722222222222188
0 0.3731481481481481 0.5944444444444444 0.007407407407407363 0.011111111111111072
0 0.36157407407407405 0.5965277777777778 0.004629629629629595 0.00694444444444442
0 0.3564814814814815 0.6 0.005555555555555591 0.011111111111111072
0 0.3333333333333333 0.5972222222222222 0.007407407407407418 0.008333333333333304
0 0.31574074074074077 0.5965277777777778 0.005555555555555591 0.00694444444444442
0 0.2847222222222222 0.5881944444444445 0.006481481481481477 0.009722222222222188
