0 0.9060185185185186 0.4840277777777778 0.021296296296296258 0.040277777777777746
0 0.4203703703703704 0.5458333333333334 0.009259259259259245 0.01666666666666672
0 0.44398148148148153 0.5423611111111111 0.006481481481481477 0.012500000000000067
0 0.37175925925925923 0.5520833333333334 0.004629629629629595 0.00694444444444442
0 0.38657407407407407 0.5506944444444445 0.00462962962962965 0.00694444444444442
0 0.7124999999999999 0.5097222222222222 0.021296296296296258 0.033333333333333326
0 0.5601851851851851 0.5444444444444445 0.00925925925925919 0.01388888888888895
0 0.8060185185185185 0.47152777777777777 0.01388888888888895 0.04305555555555557
0 0.7416666666666667 0.6569444444444444 0.01851851851851849 0.047222222222222276
0 0.36342592592592593 0.5506944444444445 0.00462962962962965 0.00694444444444442
