0 0.7666666666666666 0.5680555555555555 0.01666666666666672 0.05277777777777781
0 0.8060185185185185 0.6006944444444444 0.026851851851851793 0.043055555555555514
0 0.40555555555555556 0.6006944444444444 0.01851851851851849 0.02083333333333337
0 0.374537037037037 0.6055555555555556 0.006481481481481477 0.011111111111111183
0 0.3296296296296296 0.6055555555555556 0.005555555555555591 0.008333333333333415
0 0.3407407407407408 0.6027777777777777 0.003703703703703709 0.005555555555555536
0 0.3564814814814815 0.6041666666666667 0.009259259259259245 0.011111111111111183
0 0.37962962962962965 0.5958333333333333 0.003703703703703709 0.008333333333333304
0 0.3944444444444445 0.5993055555555555 0.009259259259259245 0.01805555555555549
0 0.4291666666666667 0.6013888888888889 0.00833333333333336 0.01388888888888884
0 0.30972222222222223 0.5958333333333333 0.006481481481481477 0.008333333333333304
0 0.2814814814814815 0.5861111111111111 0.005555555555555536 0.008333333333333304
0 0.34675925925925927 0.5993055555555555 0.002777777777777768 0.001388888888888884
0 0.33425925925925926 0.5979166666666667 0.003703703703703709 0.004166666666666652
