0 0.06481481481481481 0.6215277777777777 0.016666666666666663 0.026388888888888906
0 0.18611111111111112 0.5798611111111112 0.011111111111111127 0.018055555555555602
0 0.5324074074074074 0.5006944444444444 0.01666666666666672 0.0319444444444445
0 0.6041666666666666 0.5034722222222222 0.017592592592592604 0.03750000000000003
0 0.6518518518518519 0.46805555555555556 0.020370370370370372 0.036111111111111094
0 0.6296296296296297 0.4847222222222222 0.014814814814814836 0.019444444444444486
0 0.7537037037037038 0.4708333333333333 0.01666666666666672 0.030555555555555558
0 0.7763888888888889 0.4534722222222223 0.01388888888888884 0.015277777777777779
0 0.5652777777777778 0.5111111111111111 0.012037037037037068 0.025000000000000022
0 0.5486111111111112 0.5138888888888888 0.010185185185185186 0.019444444444444486
0 0.36388888888888893 0.56875 0.009259259259259245 0.012499999999999956
0 0.4013888888888889 0.5430555555555556 0.00833333333333336 0.011111111111111183
0 0.41527777777777775 0.5423611111111111 0.006481481481481477 0.012500000000000067
0 0.42592592592592593 0.5354166666666667 0.005555555555555536 0.012499999999999956
0 0.4388888888888889 0.5270833333333333 0.005555555555555536 0.009722222222222188
0 0.45 0.5284722222222222 0.007407407407407418 0.009722222222222188
0 0.4597222222222222 0.5305555555555556 0.010185185185185186 0.01388888888888884
0 0.48333333333333334 0.5256944444444445 0.0092592592592593 0.012499999999999956
0 0.5078703703703704 0.5229166666666667 0.012037037037036957 0.018055555555555602
0 0.6111111111111112 0.49583333333333335 0.00925925925925919 0.024999999999999967
