0 0.275 0.6388888888888888 0.003703703703703709 0.008333333333333415
0 0.337037037037037 0.6305555555555555 0.012962962962962954 0.019444444444444375
0 0.38287037037037036 0.6215277777777778 0.00462962962962965 0.012499999999999956
0 0.3925925925925926 0.625 0.011111111111111127 0.019444444444444375
0 0.41435185185185186 0.6319444444444444 0.008333333333333304 0.016666666666666607
0 0.4393518518518519 0.6166666666666667 0.004629629629629595 0.008333333333333304
0 0.45416666666666666 0.6166666666666667 0.008333333333333304 0.008333333333333304
0 0.46435185185185185 0.6256944444444444 0.008333333333333304 0.015277777777777724
0 0.4898148148148148 0.6159722222222221 0.007407407407407418 0.015277777777777835
0 0.5217592592592593 0.6090277777777777 0.010185185185185186 0.018055555555555602
0 0.55 0.6354166666666667 0.01851851851851849 0.040277777777777746
0 0.5722222222222222 0.6034722222222222 0.0092592592592593 0.009722222222222188
0 0.5925925925925926 0.5965277777777778 0.011111111111111072 0.01805555555555549
0 0.6018518518518519 0.5965277777777778 0.007407407407407418 0.012499999999999956
0 0.625925925925926 0.6090277777777777 0.012962962962962954 0.018055555555555602
0 0.6995370370370371 0.5805555555555555 0.010185185185185186 0.025000000000000022
0 0.7893518518518519 0.6131944444444445 0.028703703703703676 0.06527777777777777
0 0.8314814814814815 0.5715277777777779 0.012962962962962954 0.018055555555555602
0 0.9708333333333333 0.7847222222222222 0.04166666666666674 0.050000000000000044
0 0.737037037037037 0.6187499999999999 0.020370370370370372 0.043055555555555514
0 0.6518518518518519 0.5902777777777778 0.01851851851851849 0.022222222222222143
