0 0.22361111111111112 0.6819444444444445 0.006481481481481477 0.008333333333333304
0 0.2777777777777778 0.6416666666666666 0.005555555555555536 0.008333333333333415
0 0.2828703703703704 0.6333333333333333 0.00462962962962965 0.008333333333333304
0 0.29953703703703705 0.6375 0.006481481481481477 0.008333333333333415
0 0.3944444444444445 0.6263888888888889 0.003703703703703709 0.005555555555555536
0 0.46851851851851856 0.6069444444444445 0.003703703703703709 0.005555555555555647
0 0.4736111111111111 0.60625 0.002777777777777768 0.004166666666666652
0 0.5041666666666667 0.5972222222222222 0.00462962962962965 0.005555555555555536
0 0.6597222222222223 0.6020833333333333 0.010185185185185186 0.023611111111111138
0 0.6805555555555556 0.5874999999999999 0.011111111111111072 0.022222222222222254
