0 0.2962962962962963 0.6111111111111112 0.011111111111111127 0.01666666666666672
0 0.27222222222222225 0.6 0.007407407407407363 0.01388888888888884
0 0.28240740740740744 0.5944444444444444 0.007407407407407363 0.01388888888888884
0 0.3138888888888889 0.6145833333333333 0.007407407407407418 0.015277777777777835
0 0.32361111111111107 0.6027777777777779 0.00833333333333336 0.01388888888888895
0 0.33611111111111114 0.5965277777777778 0.011111111111111127 0.015277777777777724
0 0.35694444444444445 0.5986111111111111 0.008333333333333304 0.01388888888888884
0 0.3060185185185185 0.6034722222222222 0.008333333333333304 0.012500000000000067
0 0.45694444444444443 0.6104166666666666 0.010185185185185186 0.015277777777777835
0 0.4773148148148148 0.6 0.012037037037037068 0.01388888888888884
0 0.5625 0.60625 0.0064814814814815325 0.015277777777777835
0 0.6148148148148148 0.59375 0.0092592592592593 0.01805555555555549
0 0.6499999999999999 0.6131944444444444 0.012962962962962954 0.02083333333333337
0 0.6643518518518519 0.6076388888888888 0.01388888888888884 0.02083333333333337
0 0.7300925925925925 0.5895833333333333 0.010185185185185186 0.02083333333333326
0 0.7657407407407407 0.6 0.0092592592592593 0.016666666666666607
0 0.8439814814814814 0.5986111111111111 0.010185185185185186 0.016666666666666607
0 0.8074074074074074 0.6201388888888889 0.011111111111111183 0.02083333333333326
0 0.5685185185185184 0.6111111111111112 0.007407407407407418 0.008333333333333415
0 0.24074074074074076 0.6090277777777777 0.005555555555555564 0.009722222222222299
