0 0.48194444444444445 0.5361111111111112 0.017592592592592604 0.025000000000000022
0 0.4101851851851852 0.55 0.020370370370370372 0.025000000000000022
0 0.42361111111111116 0.5402777777777777 0.006481481481481477 0.011111111111111072
0 0.3976851851851852 0.5263888888888888 0.015740740740740722 0.02777777777777779
0 0.3106481481481482 0.55 0.010185185185185186 0.019444444444444486
0 0.3263888888888889 0.5638888888888889 0.00462962962962965 0.008333333333333304
0 0.2851851851851852 0.5611111111111111 0.003703703703703709 0.008333333333333304
0 0.2523148148148148 0.5645833333333333 0.00462962962962965 0.00694444444444442
0 0.24583333333333335 0.5652777777777778 0.0027777777777777957 0.005555555555555536
0 0.29861111111111116 0.5513888888888889 0.006481481481481477 0.011111111111111183
