0 0.6643518518518519 0.5770833333333334 0.010185185185185186 0.018055555555555602
0 0.6861111111111111 0.5680555555555555 0.012962962962962954 0.022222222222222254
0 0.7199074074074074 0.5652777777777778 0.0064814814814814214 0.01388888888888884
0 0.7041666666666666 0.5680555555555555 0.00462962962962965 0.005555555555555536
0 0.6277777777777778 0.5659722222222222 0.007407407407407418 0.012499999999999956
0 0.6217592592592592 0.5770833333333334 0.0064814814814815325 0.006944444444444531
0 0.6092592592592593 0.5777777777777777 0.0037037037037037646 0.011111111111111183
0 0.48888888888888893 0.5715277777777779 0.009259259259259245 0.018055555555555602
0 0.5486111111111112 0.5645833333333333 0.008333333333333415 0.015277777777777724
0 0.5851851851851853 0.5729166666666667 0.00925925925925919 0.015277777777777835
