0 0.04722222222222222 0.5 0.009259259259259259 0.01388888888888884
0 0.2134259259259259 0.46944444444444444 0.008333333333333331 0.011111111111111072
0 0.18564814814814817 0.5076388888888889 0.008333333333333331 0.012499999999999956
0 0.2287037037037037 0.5083333333333333 0.009259259259259273 0.01388888888888884
0 0.25555555555555554 0.4736111111111111 0.003703703703703709 0.011111111111111127
0 0.29027777777777775 0.5090277777777777 0.0027777777777778234 0.009722222222222188
0 0.5125 0.5111111111111111 0.0064814814814814214 0.008333333333333304
0 0.4555555555555556 0.5138888888888888 0.003703703703703709 0.008333333333333415
0 0.5773148148148148 0.5111111111111111 0.00462962962962965 0.008333333333333304
0 0.6087962962962963 0.5145833333333334 0.00462962962962965 0.006944444444444531
0 0.5921296296296297 0.5097222222222222 0.002777777777777768 0.005555555555555536
0 0.9060185185185186 0.5131944444444444 0.002777777777777768 0.004166666666666652
