0 0.38796296296296295 0.5305555555555556 0.02777777777777779 0.047222222222222276
0 0.42314814814814816 0.5298611111111111 0.016666666666666663 0.03472222222222232
0 0.45879629629629626 0.5249999999999999 0.013888888888888895 0.030555555555555558
0 0.2796296296296296 0.5590277777777778 0.007407407407407418 0.012499999999999956
0 0.2967592592592593 0.5541666666666667 0.00833333333333336 0.008333333333333304
0 0.3041666666666667 0.5506944444444444 0.004629629629629595 0.009722222222222299
0 0.8444444444444444 0.4083333333333333 0.12962962962962954 0.1388888888888889
0 0.18888888888888888 0.5402777777777779 0.014814814814814808 0.02777777777777779
0 0.25046296296296294 0.5625 0.0046296296296296224 0.008333333333333304
0 0.40509259259259256 0.5416666666666666 0.006481481481481477 0.008333333333333304
0 0.6708333333333334 0.54375 0.025000000000000022 0.03472222222222221
