0 0.9597222222222221 0.5909722222222222 0.06018518518518523 0.10694444444444451
0 0.8333333333333333 0.6097222222222223 0.05740740740740746 0.11666666666666659
0 0.4671296296296296 0.6 0.008333333333333304 0.01388888888888884
0 0.4532407407407407 0.6034722222222222 0.004629629629629595 0.012500000000000067
0 0.4351851851851852 0.6152777777777778 0.007407407407407418 0.011111111111111072
0 0.42824074074074076 0.6152777777777778 0.00462962962962965 0.005555555555555536
0 0.41481481481481486 0.6152777777777778 0.003703703703703709 0.005555555555555536
0 0.3939814814814815 0.6152777777777778 0.00462962962962965 0.011111111111111072
0 0.7069444444444444 0.5847222222222221 0.0064814814814814214 0.019444444444444486
0 0.3657407407407407 0.6145833333333334 0.003703703703703709 0.009722222222222188
