0 0.19166666666666665 0.5854166666666667 0.048148148148148134 0.10138888888888886
0 0.25462962962962965 0.6104166666666666 0.01481481481481478 0.02083333333333337
0 0.27175925925925926 0.6166666666666667 0.012037037037037068 0.01666666666666672
0 0.3143518518518519 0.6118055555555555 0.012037037037037013 0.018055555555555602
0 0.3375 0.6034722222222222 0.012037037037037013 0.018055555555555602
0 0.35694444444444445 0.6319444444444444 0.010185185185185186 0.01388888888888884
0 0.3833333333333333 0.6138888888888889 0.01296296296296301 0.022222222222222254
0 0.43333333333333335 0.60625 0.016666666666666663 0.02083333333333337
0 0.44675925925925924 0.6076388888888888 0.010185185185185186 0.02083333333333337
0 0.4513888888888889 0.6541666666666667 0.02314814814814814 0.05833333333333335
0 0.49398148148148147 0.6208333333333333 0.012037037037037013 0.019444444444444375
0 0.5291666666666666 0.617361111111111 0.010185185185185186 0.02083333333333337
0 0.5361111111111112 0.601388888888889 0.012962962962962954 0.022222222222222254
0 0.5782407407407407 0.6152777777777778 0.02129629629629637 0.030555555555555558
0 0.6509259259259259 0.6090277777777777 0.024074074074074137 0.03194444444444444
0 0.6782407407407407 0.5979166666666667 0.025000000000000022 0.04583333333333339
0 0.7023148148148148 0.570138888888889 0.028703703703703676 0.040277777777777746
0 0.7351851851851852 0.5958333333333333 0.022222222222222254 0.02499999999999991
0 0.7560185185185185 0.6270833333333334 0.019444444444444375 0.03194444444444444
0 0.8125 0.5902777777777777 0.02499999999999991 0.033333333333333326
