0 0.11157407407407408 0.51875 0.008333333333333331 0.015277777777777835
0 0.1601851851851852 0.5097222222222222 0.005555555555555564 0.01388888888888895
0 0.2138888888888889 0.507638888888889 0.005555555555555564 0.018055555555555602
0 0.2199074074074074 0.5090277777777777 0.006481481481481477 0.012499999999999956
0 0.26157407407407407 0.5090277777777777 0.006481481481481477 0.009722222222222188
0 0.2865740740740741 0.5361111111111111 0.013888888888888895 0.01388888888888884
0 0.2726851851851852 0.5069444444444444 0.008333333333333304 0.008333333333333304
0 0.37037037037037035 0.47777777777777775 0.005555555555555591 0.00833333333333336
0 0.4662037037037037 0.46875 0.006481481481481477 0.009722222222222188
0 0.4888888888888889 0.46875 0.007407407407407418 0.009722222222222188
0 0.4828703703703704 0.48124999999999996 0.006481481481481477 0.015277777777777779
0 0.5064814814814815 0.47986111111111107 0.0037037037037036535 0.012500000000000011
0 0.525462962962963 0.4979166666666667 0.008333333333333415 0.012500000000000011
0 0.600462962962963 0.4625 0.008333333333333304 0.005555555555555591
0 0.7152777777777778 0.4965277777777778 0.008333333333333304 0.012500000000000011
0 0.712962962962963 0.5041666666666667 0.005555555555555647 0.008333333333333304
0 0.7555555555555555 0.47777777777777775 0.005555555555555536 0.00833333333333336
0 0.8111111111111111 0.48958333333333337 0.005555555555555536 0.009722222222222243
0 0.7518518518518519 0.49930555555555556 0.005555555555555536 0.015277777777777779
