0 0.05694444444444444 0.5298611111111111 0.013888888888888881 0.01805555555555549
0 0.09259259259259259 0.5201388888888889 0.00555555555555555 0.012500000000000067
0 0.10277777777777777 0.51875 0.011111111111111113 0.018055555555555602
0 0.5171296296296296 0.4756944444444444 0.008333333333333304 0.012500000000000011
0 0.4569444444444445 0.46805555555555556 0.00833333333333336 0.01388888888888884
0 0.6203703703703705 0.4701388888888889 0.007407407407407418 0.015277777777777779
0 0.7097222222222221 0.4604166666666667 0.0064814814814814214 0.009722222222222243
0 0.8148148148148149 0.46805555555555556 0.007407407407407418 0.011111111111111072
0 0.21990740740740738 0.46875 0.0046296296296296224 0.00694444444444442
0 0.49768518518518523 0.46597222222222223 0.00833333333333336 0.012500000000000011
0 0.950925925925926 0.46805555555555556 0.005555555555555536 0.01388888888888884
