0 0.12268518518518517 0.5152777777777777 0.004629629629629636 0.011111111111111183
0 0.13148148148148148 0.5048611111111111 0.007407407407407418 0.009722222222222188
0 0.18472222222222223 0.5194444444444444 0.006481481481481477 0.011111111111111183
0 0.19814814814814816 0.5194444444444444 0.003703703703703709 0.01388888888888895
0 0.2199074074074074 0.50625 0.006481481481481477 0.012499999999999956
0 0.27083333333333337 0.5166666666666666 0.004629629629629595 0.01666666666666672
0 0.2833333333333333 0.5034722222222222 0.003703703703703709 0.012499999999999956
0 0.4032407407407408 0.5076388888888889 0.006481481481481477 0.015277777777777724
0 0.35416666666666663 0.4979166666666667 0.004629629629629595 0.009722222222222188
0 0.4574074074074074 0.5125 0.003703703703703709 0.005555555555555536
0 0.4527777777777778 0.47152777777777777 0.0037037037037036535 0.00694444444444442
0 0.499537037037037 0.4701388888888889 0.006481481481481477 0.009722222222222188
0 0.5268518518518519 0.48888888888888893 0.0037037037037036535 0.00833333333333336
0 0.55 0.4979166666666667 0.007407407407407418 0.015277777777777779
0 0.5875 0.49930555555555556 0.002777777777777768 0.012499999999999956
0 0.7143518518518519 0.4638888888888889 0.0064814814814814214 0.00833333333333336
0 0.7476851851851851 0.46875 0.00462962962962965 0.00694444444444442
0 0.8138888888888889 0.4881944444444445 0.005555555555555536 0.009722222222222243
