0 0.060648148148148145 0.49236111111111114 0.0046296296296296224 0.009722222222222243
0 0.16342592592592592 0.4673611111111111 0.010185185185185186 0.009722222222222188
0 0.1824074074074074 0.4701388888888889 0.0018518518518518268 0.009722222222222188
0 0.2013888888888889 0.4652777777777778 0.010185185185185186 0.011111111111111127
0 0.19490740740740742 0.4986111111111111 0.0046296296296296224 0.008333333333333304
0 0.2550925925925926 0.47291666666666665 0.002777777777777768 0.009722222222222243
0 0.24583333333333335 0.5076388888888889 0.0046296296296296224 0.009722222222222188
0 0.475 0.5152777777777777 0.007407407407407418 0.011111111111111183
0 0.4837962962962963 0.5180555555555555 0.00462962962962965 0.005555555555555647
0 0.49675925925925923 0.5194444444444444 0.0027777777777778234 0.011111111111111183
0 0.5138888888888888 0.5097222222222222 0.0037037037037036535 0.008333333333333304
0 0.4875 0.48680555555555555 0.00462962962962965 0.00694444444444442
0 0.7518518518518518 0.5013888888888889 0.0018518518518518823 0.008333333333333304
0 0.775462962962963 0.5138888888888888 0.002777777777777879 0.008333333333333415
0 0.8722222222222222 0.5173611111111112 0.005555555555555536 0.006944444444444531
0 0.9356481481481481 0.5215277777777778 0.002777777777777768 0.00694444444444442
0 0.9402777777777778 0.5236111111111111 0.002777777777777768 0.005555555555555536
0 0.7222222222222222 0.5201388888888889 0.005555555555555536 0.009722222222222299
