0 0.8703703703703703 0.56875 0.024074074074074137 0.05138888888888893
0 0.4560185185185185 0.46805555555555556 0.00833333333333336 0.008333333333333304
0 0.2587962962962963 0.5208333333333334 0.002777777777777768 0.008333333333333304
0 0.2212962962962963 0.5069444444444444 0.005555555555555536 0.011111111111111072
0 0.18842592592592594 0.5048611111111111 0.006481481481481505 0.00694444444444442
0 0.17731481481481481 0.5145833333333334 0.006481481481481477 0.012500000000000067
0 0.13240740740740742 0.5180555555555555 0.005555555555555564 0.01388888888888895
0 0.23472222222222222 0.5145833333333334 0.00462962962962965 0.006944444444444531
0 0.4527777777777778 0.5159722222222223 0.0037037037037036535 0.006944444444444531
0 0.4949074074074074 0.5090277777777777 0.00462962962962965 0.012499999999999956
0 0.5685185185185185 0.5020833333333333 0.0037037037037037646 0.009722222222222188
0 0.700462962962963 0.4951388888888889 0.004629629629629539 0.006944444444444475
0 0.7740740740740741 0.4826388888888889 0.0037037037037036535 0.009722222222222188
0 0.7717592592592593 0.5041666666666667 0.0064814814814815325 0.008333333333333304
0 0.813425925925926 0.48888888888888893 0.0064814814814814214 0.011111111111111127
0 0.7810185185185186 0.525 0.008333333333333304 0.011111111111111072
0 0.5990740740740741 0.47152777777777777 0.0037037037037037646 0.00694444444444442
0 0.7138888888888888 0.46319444444444446 0.007407407407407418 0.009722222222222243
