0 0.8263888888888888 0.5409722222222222 0.04351851851851851 0.018055555555555602
0 0.5967592592592592 0.5590277777777778 0.00462962962962965 0.00694444444444442
0 0.5708333333333333 0.5555555555555556 0.00462962962962965 0.008333333333333304
0 0.5296296296296297 0.5576388888888889 0.005555555555555536 0.009722222222222188
0 0.537037037037037 0.5583333333333333 0.0037037037037036535 0.005555555555555536
0 0.4916666666666667 0.5513888888888889 0.005555555555555591 0.011111111111111183
0 0.3509259259259259 0.5527777777777778 0.014814814814814836 0.022222222222222254
0 0.2902777777777778 0.5409722222222222 0.010185185185185186 0.012500000000000067
0 0.199537037037037 0.5326388888888889 0.008333333333333331 0.023611111111111027
0 0.1587962962962963 0.5381944444444444 0.012037037037037013 0.026388888888888906
0 0.12037037037037036 0.5340277777777778 0.018518518518518517 0.023611111111111027
0 0.4583333333333333 0.5395833333333333 0.012962962962962954 0.026388888888888906
