0 0.034722222222222224 0.6256944444444444 0.006481481481481484 0.01805555555555549
0 0.14583333333333334 0.6729166666666666 0.010185185185185186 0.015277777777777835
0 0.2087962962962963 0.6659722222222222 0.008333333333333331 0.012500000000000067
0 0.4722222222222222 0.4951388888888889 0.005555555555555536 0.023611111111111083
0 0.5990740740740741 0.4888888888888889 0.0092592592592593 0.033333333333333326
0 0.49907407407407406 0.7194444444444444 0.0037037037037036535 0.005555555555555536
0 0.5023148148148148 0.7194444444444444 0.002777777777777768 0.005555555555555536
0 0.512962962962963 0.7131944444444445 0.0037037037037037646 0.00694444444444442
0 0.5180555555555556 0.7131944444444445 0.002777777777777768 0.00694444444444442
0 0.5296296296296297 0.7201388888888889 0.0037037037037036535 0.004166666666666652
0 0.5337962962962963 0.70625 0.002777777777777768 0.004166666666666652
0 0.5541666666666667 0.7111111111111111 0.002777777777777768 0.005555555555555536
0 0.6370370370370371 0.6805555555555556 0.0037037037037036535 0.005555555555555536
0 0.6550925925925926 0.6861111111111111 0.0064814814814814214 0.008333333333333304
0 0.6236111111111111 0.7013888888888888 0.002777777777777768 0.005555555555555647
0 0.7231481481481481 0.7201388888888889 0.005555555555555647 0.009722222222222188
0 0.7564814814814815 0.6791666666666667 0.005555555555555647 0.011111111111111072
0 0.7736111111111111 0.6743055555555555 0.0064814814814815325 0.012500000000000067
0 0.7976851851851852 0.71875 0.0064814814814815325 0.009722222222222188
0 0.8129629629629629 0.69375 0.0037037037037036535 0.00694444444444442
0 0.8296296296296296 0.6888888888888889 0.0037037037037037646 0.008333333333333304
0 0.8384259259259259 0.6729166666666666 0.0064814814814815325 0.009722222222222299
0 0.861574074074074 0.6895833333333333 0.00462962962962965 0.00694444444444442
0 0.8736111111111111 0.6743055555555555 0.002777777777777768 0.006944444444444531
0 0.6870370370370371 0.586111111111111 0.01666666666666672 0.025000000000000022
0 0.9217592592592593 0.6833333333333333 0.002777777777777768 0.005555555555555536
0 0.9013888888888889 0.4666666666666667 0.0064814814814815325 0.022222222222222254
