0 0.9736111111111112 0.5472222222222223 0.010185185185185186 0.01666666666666672
0 0.9953703703703705 0.5340277777777778 0.007407407407407418 0.015277777777777724
0 0.9583333333333333 0.5305555555555556 0.00925925925925919 0.019444444444444375
0 0.8171296296296297 0.5076388888888889 0.0064814814814815325 0.015277777777777724
0 0.8680555555555556 0.6173611111111111 0.00462962962962965 0.009722222222222188
0 0.7935185185185185 0.6291666666666667 0.005555555555555536 0.008333333333333304
0 0.8 0.5930555555555556 0.005555555555555536 0.011111111111111072
0 0.7629629629629631 0.5993055555555555 0.007407407407407418 0.015277777777777724
0 0.7046296296296296 0.5333333333333333 0.0092592592592593 0.019444444444444375
0 0.6578703703703703 0.4791666666666667 0.017592592592592604 0.030555555555555558
0 0.5365740740740741 0.6020833333333333 0.008333333333333304 0.015277777777777835
0 0.4666666666666667 0.4756944444444444 0.012962962962962954 0.02916666666666662
0 0.4273148148148148 0.4472222222222222 0.012037037037037068 0.03611111111111115
0 0.35185185185185186 0.6305555555555555 0.007407407407407418 0.01388888888888884
0 0.10925925925925925 0.6930555555555555 0.011111111111111113 0.016666666666666607
0 0.12962962962962962 0.7381944444444445 0.003703703703703709 0.00694444444444442
0 0.04953703703703704 0.64375 0.010185185185185186 0.02083333333333337
