0 0.887962962962963 0.554861111111111 0.016666666666666607 0.023611111111111138
0 0.8847222222222222 0.6548611111111111 0.008333333333333304 0.012499999999999956
0 0.8634259259259258 0.7083333333333333 0.010185185185185186 0.011111111111111183
0 0.7370370370370369 0.6652777777777777 0.007407407407407418 0.011111111111111072
0 0.7078703703703704 0.6611111111111111 0.0064814814814815325 0.011111111111111072
0 0.7046296296296296 0.6694444444444445 0.005555555555555536 0.011111111111111183
0 0.7574074074074074 0.5333333333333334 0.011111111111111072 0.02777777777777779
0 0.6587962962962963 0.5479166666666666 0.00462962962962965 0.02083333333333337
0 0.6287037037037038 0.5743055555555556 0.00925925925925919 0.02083333333333337
0 0.6199074074074074 0.5729166666666667 0.012037037037036957 0.03194444444444444
0 0.5958333333333333 0.5034722222222222 0.015740740740740833 0.02916666666666673
0 0.5435185185185185 0.7048611111111112 0.0037037037037037646 0.006944444444444531
0 0.36296296296296293 0.7305555555555556 0.0018518518518518268 0.008333333333333415
0 0.10416666666666666 0.7319444444444445 0.002777777777777782 0.005555555555555647
0 0.11249999999999999 0.74375 0.002777777777777782 0.004166666666666652
0 0.19861111111111113 0.7569444444444444 0.0027777777777777957 0.005555555555555536
