0 0.9569444444444444 0.5055555555555555 0.012037037037036957 0.016666666666666607
0 0.6958333333333333 0.5208333333333333 0.025000000000000022 0.036111111111111094
0 0.6375 0.5076388888888889 0.025000000000000022 0.0402777777777778
0 0.37175925925925923 0.5659722222222222 0.013888888888888895 0.01805555555555549
0 0.3939814814814815 0.5673611111111111 0.008333333333333304 0.02083333333333326
0 0.4087962962962963 0.5583333333333333 0.00833333333333336 0.022222222222222143
0 0.4263888888888889 0.5625 0.010185185185185186 0.01388888888888884
0 0.5208333333333333 0.5743055555555556 0.010185185185185186 0.018055555555555602
0 0.5393518518518519 0.5763888888888888 0.010185185185185186 0.01388888888888895
0 0.32685185185185184 0.5701388888888889 0.007407407407407418 0.012499999999999956
