0 0.7796296296296297 0.5097222222222222 0.03518518518518521 0.05833333333333329
0 0.6833333333333333 0.5333333333333333 0.033333333333333326 0.050000000000000044
0 0.7324074074074074 0.554861111111111 0.005555555555555536 0.029166666666666674
0 0.6041666666666667 0.5722222222222222 0.015740740740740722 0.019444444444444486
0 0.5703703703703704 0.5833333333333333 0.00925925925925919 0.01388888888888895
0 0.5504629629629629 0.5458333333333334 0.010185185185185186 0.02777777777777779
0 0.4662037037037037 0.5631944444444444 0.013888888888888895 0.026388888888888795
0 0.374537037037037 0.5854166666666667 0.012037037037037013 0.018055555555555602
0 0.5583333333333333 0.5888888888888889 0.005555555555555536 0.008333333333333304
0 0.5791666666666666 0.5791666666666666 0.002777777777777879 0.005555555555555647
0 0.7398148148148148 0.5451388888888888 0.007407407407407307 0.023611111111111138
