0 0.7013888888888888 0.5826388888888889 0.017592592592592604 0.02083333333333337
0 0.6421296296296296 0.5659722222222222 0.012037037037037068 0.01805555555555549
0 0.610648148148148 0.5666666666666667 0.010185185185185186 0.019444444444444375
0 0.5731481481481482 0.5868055555555556 0.007407407407407418 0.015277777777777724
0 0.5611111111111111 0.586111111111111 0.0092592592592593 0.01666666666666672
0 0.5421296296296296 0.5777777777777777 0.010185185185185186 0.022222222222222254
0 0.5143518518518518 0.5847222222222221 0.012037037037037068 0.019444444444444486
0 0.5310185185185186 0.5833333333333333 0.0064814814814814214 0.01666666666666672
0 0.675 0.5604166666666666 0.020370370370370372 0.03194444444444444
0 0.7180555555555556 0.5659722222222222 0.015740740740740833 0.02083333333333326
0 0.7615740740740741 0.55 0.008333333333333304 0.022222222222222254
