0 0.5935185185185186 0.4916666666666667 0.0444444444444444 0.06388888888888894
0 0.6837962962962962 0.4986111111111111 0.036111111111111094 0.050000000000000044
0 0.9449074074074074 0.6256944444444444 0.03240740740740744 0.043055555555555625
0 0.8138888888888889 0.5347222222222222 0.011111111111111072 0.022222222222222143
0 0.7763888888888889 0.5222222222222221 0.008333333333333304 0.02777777777777779
0 0.837962962962963 0.5201388888888889 0.00925925925925919 0.023611111111111138
0 0.39537037037037037 0.5520833333333333 0.012962962962962954 0.02083333333333337
0 0.3296296296296296 0.5645833333333333 0.007407407407407363 0.02083333333333326
0 0.3597222222222222 0.5666666666666667 0.010185185185185186 0.016666666666666607
0 0.1486111111111111 0.55 0.00833333333333336 0.01666666666666672
0 0.5078703703703704 0.5548611111111111 0.0064814814814814214 0.015277777777777724
0 0.3759259259259259 0.5597222222222222 0.009259259259259245 0.016666666666666607
0 0.3680555555555556 0.5458333333333334 0.004629629629629595 0.008333333333333415
0 0.3564814814814815 0.5472222222222223 0.003703703703703709 0.008333333333333415
0 0.3453703703703704 0.5506944444444444 0.005555555555555536 0.009722222222222299
0 0.4263888888888889 0.5597222222222222 0.00462962962962965 0.005555555555555536
0 0.4990740740740741 0.5604166666666667 0.005555555555555591 0.009722222222222188
