0 0.17083333333333334 0.6618055555555555 0.015740740740740722 0.02083333333333337
0 0.19814814814814813 0.6152777777777778 0.005555555555555564 0.008333333333333304
0 0.2134259259259259 0.6208333333333333 0.0046296296296296224 0.008333333333333304
0 0.25 0.625 0.014814814814814836 0.022222222222222143
0 0.2675925925925926 0.6201388888888889 0.007407407407407418 0.012499999999999956
0 0.27685185185185185 0.6270833333333333 0.012962962962962954 0.02083333333333326
0 0.2986111111111111 0.6097222222222223 0.008333333333333304 0.011111111111111183
0 0.3111111111111111 0.6090277777777777 0.0092592592592593 0.012500000000000067
0 0.3199074074074074 0.6229166666666667 0.012037037037037068 0.012499999999999956
0 0.3699074074074074 0.6138888888888889 0.0064814814814815325 0.008333333333333304
0 0.375 0.6256944444444444 0.011111111111111072 0.01805555555555549
0 0.4134259259259259 0.6034722222222222 0.017592592592592604 0.029166666666666674
0 0.5185185185185185 0.6041666666666667 0.005555555555555536 0.011111111111111183
0 0.5074074074074073 0.5993055555555555 0.007407407407407418 0.009722222222222188
0 0.7268518518518519 0.6215277777777778 0.016666666666666607 0.02083333333333326
0 0.7731481481481481 0.6111111111111112 0.031481481481481444 0.030555555555555558
0 0.8138888888888889 0.5576388888888889 0.0037037037037037646 0.00694444444444442
0 0.8425925925925926 0.55625 0.0037037037037036535 0.004166666666666652
