0 0.47962962962962963 0.5354166666666667 0.024074074074074026 0.04027777777777786
0 0.5856481481481481 0.5034722222222222 0.02129629629629637 0.0402777777777778
0 0.8962962962962964 0.5270833333333333 0.012962962962962954 0.023611111111111138
0 0.950925925925926 0.5138888888888888 0.011111111111111072 0.022222222222222254
0 0.4356481481481481 0.5666666666666667 0.00833333333333336 0.01388888888888884
0 0.4013888888888889 0.5736111111111111 0.00833333333333336 0.01666666666666672
0 0.3837962962962963 0.55625 0.012037037037037068 0.01805555555555549
0 0.33425925925925926 0.5930555555555556 0.0018518518518518823 0.002777777777777768
0 0.34259259259259256 0.5916666666666667 0.0018518518518518268 0.002777777777777768
0 0.35 0.5909722222222222 0.0018518518518518268 0.001388888888888884
