0 0.06898148148148148 0.5756944444444445 0.07500000000000001 0.08750000000000002
0 0.13194444444444442 0.5034722222222222 0.01203703703703704 0.02083333333333326
0 0.21574074074074073 0.5395833333333333 0.0111111111111111 0.023611111111111138
0 0.4212962962962963 0.5423611111111111 0.014814814814814836 0.02083333333333337
0 0.4736111111111111 0.5263888888888889 0.01944444444444443 0.01388888888888884
0 0.6347222222222222 0.5326388888888889 0.008333333333333304 0.015277777777777724
0 0.6606481481481481 0.5402777777777777 0.0064814814814814214 0.011111111111111072
0 0.674074074074074 0.5423611111111111 0.007407407407407418 0.015277777777777835
0 0.686574074074074 0.5402777777777779 0.012037037037036957 0.01388888888888895
0 0.15833333333333333 0.54375 0.0111111111111111 0.018055555555555602
0 0.6560185185185186 0.5347222222222222 0.00462962962962965 0.016666666666666607
