0 0.8666666666666667 0.6819444444444445 0.06666666666666665 0.1527777777777778
0 0.5087962962962963 0.7263888888888889 0.024999999999999967 0.047222222222222276
0 0.5078703703703704 0.6854166666666667 0.023148148148148195 0.015277777777777724
0 0.4912037037037037 0.6666666666666667 0.010185185185185186 0.01666666666666672
0 0.5231481481481481 0.6652777777777779 0.012962962962962954 0.019444444444444486
0 0.5805555555555555 0.6923611111111111 0.012962962962962954 0.01805555555555549
0 0.6171296296296296 0.6881944444444444 0.008333333333333415 0.015277777777777724
0 0.7013888888888888 0.6805555555555556 0.008333333333333415 0.016666666666666607
0 0.6666666666666667 0.6715277777777777 0.0037037037037036535 0.006944444444444531
0 0.5722222222222222 0.6722222222222223 0.007407407407407418 0.01388888888888895
0 0.5699074074074073 0.6409722222222223 0.00462962962962965 0.006944444444444531
0 0.6060185185185185 0.6736111111111112 0.002777777777777768 0.005555555555555647
0 0.5328703703703703 0.6611111111111111 0.00462962962962965 0.008333333333333304
0 0.1300925925925926 0.6673611111111111 0.00462962962962965 0.00694444444444442
0 0.1425925925925926 0.6756944444444444 0.0037037037037036813 0.009722222222222299
0 0.02962962962962963 0.6708333333333334 0.005555555555555553 0.008333333333333415
