0 0.004166666666666667 0.5763888888888888 0.008333333333333333 0.011111111111111183
0 0.0412037037037037 0.570138888888889 0.015740740740740743 0.023611111111111138
0 0.2324074074074074 0.5611111111111111 0.018518518518518517 0.02777777777777768
0 0.27175925925925926 0.5756944444444445 0.013888888888888895 0.023611111111111138
0 0.31018518518518523 0.5652777777777778 0.003703703703703709 0.005555555555555536
0 0.34490740740740744 0.5611111111111111 0.004629629629629595 0.008333333333333304
0 0.37777777777777777 0.5256944444444445 0.037037037037037035 0.06527777777777777
0 0.44537037037037036 0.5625 0.022222222222222254 0.03888888888888897
0 0.4930555555555556 0.5534722222222221 0.010185185185185186 0.018055555555555602
0 0.5111111111111111 0.5513888888888889 0.00925925925925919 0.01388888888888895
0 0.5782407407407408 0.5645833333333333 0.00462962962962965 0.015277777777777724
0 0.5967592592592592 0.5694444444444444 0.008333333333333415 0.011111111111111072
0 0.6717592592592593 0.5416666666666667 0.017592592592592604 0.030555555555555558
0 0.8009259259259259 0.5597222222222222 0.007407407407407307 0.016666666666666607
0 0.8180555555555555 0.5513888888888889 0.00462962962962965 0.01388888888888895
0 0.8856481481481482 0.5451388888888888 0.02314814814814814 0.040277777777777746
