0 0.3907407407407407 0.6861111111111111 0.012962962962962954 0.02777777777777768
0 0.4550925925925926 0.6694444444444445 0.015740740740740722 0.02777777777777779
0 0.625462962962963 0.6840277777777778 0.008333333333333304 0.023611111111111027
0 0.6611111111111112 0.6833333333333333 0.012962962962962954 0.022222222222222143
0 0.7925925925925926 0.7173611111111111 0.014814814814814836 0.023611111111111027
0 0.5685185185185185 0.6375 0.005555555555555536 0.011111111111111183
0 0.6509259259259259 0.6770833333333333 0.007407407407407418 0.015277777777777835
0 0.6907407407407407 0.6756944444444444 0.007407407407407418 0.012500000000000067
0 0.10925925925925925 0.6659722222222222 0.003703703703703695 0.00694444444444442
0 0.1388888888888889 0.6659722222222222 0.005555555555555564 0.00694444444444442
0 0.031018518518518518 0.6722222222222223 0.004629629629629629 0.008333333333333415
0 0.014351851851851852 0.6673611111111111 0.006481481481481482 0.00694444444444442
0 0.5518518518518518 0.6638888888888889 0.0037037037037036535 0.011111111111111072
0 0.5342592592592592 0.6604166666666667 0.0037037037037036535 0.00694444444444442
0 0.3282407407407407 0.6722222222222223 0.006481481481481477 0.008333333333333415
0 0.3375 0.6729166666666666 0.004629629629629595 0.006944444444444531
0 0.375 0.6736111111111112 0.0037037037037036535 0.005555555555555647
