0 0.5050925925925926 0.6284722222222223 0.019444444444444486 0.03194444444444444
0 0.7597222222222222 0.6152777777777778 0.015740740740740722 0.036111111111111094
0 0.8958333333333334 0.5888888888888888 0.017592592592592604 0.036111111111111094
0 0.5708333333333333 0.6104166666666666 0.025000000000000022 0.029166666666666674
0 0.6430555555555555 0.5854166666666667 0.01388888888888895 0.02083333333333337
0 0.3490740740740741 0.5673611111111111 0.007407407407407418 0.012499999999999956
0 0.37407407407407406 0.5673611111111111 0.005555555555555536 0.00694444444444442
0 0.42361111111111116 0.5777777777777777 0.006481481481481477 0.01388888888888895
0 0.4375 0.575 0.008333333333333304 0.011111111111111183
0 0.8449074074074074 0.5868055555555556 0.012037037037037068 0.018055555555555602
