0 0.8592592592592592 0.6715277777777777 0.012962962962962954 0.023611111111111138
0 0.8384259259259259 0.6611111111111111 0.010185185185185186 0.019444444444444375
0 0.7476851851851852 0.6493055555555556 0.017592592592592604 0.023611111111111138
0 0.7199074074074074 0.6597222222222222 0.010185185185185186 0.016666666666666607
0 0.5851851851851853 0.6298611111111111 0.00925925925925919 0.015277777777777724
0 0.5712962962962963 0.6256944444444444 0.0092592592592593 0.012499999999999956
0 0.5560185185185185 0.6180555555555556 0.008333333333333415 0.016666666666666607
0 0.5314814814814814 0.6277777777777778 0.005555555555555536 0.011111111111111072
0 0.6041666666666667 0.63125 0.0064814814814814214 0.009722222222222188
0 0.4643518518518519 0.6152777777777778 0.006481481481481477 0.011111111111111072
0 0.45092592592592595 0.6222222222222222 0.005555555555555591 0.011111111111111072
0 0.24907407407407406 0.625 0.01666666666666669 0.02499999999999991
0 0.8787037037037038 0.6854166666666667 0.00925925925925919 0.012499999999999956
