0 0.5583333333333333 0.6847222222222222 0.0092592592592593 0.019444444444444375
0 0.44027777777777777 0.6666666666666667 0.010185185185185186 0.019444444444444486
0 0.46759259259259256 0.6659722222222222 0.01481481481481478 0.018055555555555602
0 0.3592592592592593 0.6694444444444445 0.007407407407407418 0.022222222222222254
0 0.5819444444444444 0.6881944444444444 0.012037037037036957 0.012499999999999956
0 0.5708333333333333 0.6555555555555556 0.0064814814814815325 0.008333333333333304
0 0.563425925925926 0.6583333333333333 0.00462962962962965 0.011111111111111072
0 0.32916666666666666 0.6715277777777777 0.00462962962962965 0.006944444444444531
0 0.32499999999999996 0.6673611111111111 0.003703703703703709 0.00694444444444442
0 0.2791666666666667 0.6680555555555555 0.00462962962962965 0.005555555555555536
