0 0.788425925925926 0.6833333333333333 0.04351851851851851 0.06666666666666665
0 0.8837962962962963 0.73125 0.03240740740740744 0.043055555555555514
0 0.8638888888888889 0.7298611111111111 0.01666666666666672 0.04861111111111105
0 0.9347222222222222 0.6604166666666667 0.019444444444444375 0.029166666666666674
0 0.8986111111111111 0.6548611111111111 0.01388888888888884 0.03472222222222232
0 0.8527777777777779 0.6722222222222223 0.022222222222222254 0.033333333333333326
0 0.8300925925925926 0.6666666666666667 0.02314814814814814 0.033333333333333326
0 0.812962962962963 0.6701388888888888 0.011111111111111072 0.02083333333333337
0 0.7611111111111111 0.6819444444444445 0.011111111111111183 0.022222222222222254
0 0.7560185185185185 0.6458333333333333 0.019444444444444375 0.01666666666666672
0 0.649537037037037 0.6708333333333334 0.030555555555555558 0.04166666666666663
0 0.5847222222222221 0.6868055555555556 0.026851851851851793 0.04583333333333339
0 0.49768518518518523 0.6375 0.023148148148148195 0.025000000000000022
0 0.42083333333333334 0.6791666666666667 0.019444444444444486 0.05833333333333335
0 0.39629629629629626 0.6833333333333333 0.02407407407407408 0.050000000000000044
0 0.3421296296296297 0.6979166666666667 0.013888888888888895 0.04583333333333328
0 0.3555555555555555 0.6381944444444445 0.02407407407407408 0.03194444444444444
0 0.38611111111111107 0.6361111111111111 0.016666666666666663 0.02777777777777779
0 0.41712962962962963 0.6298611111111112 0.021296296296296258 0.03194444444444444
0 0.21666666666666667 0.632638888888889 0.016666666666666663 0.029166666666666674
0 0.1587962962962963 0.6173611111111111 0.00833333333333336 0.015277777777777724
