0 0.14583333333333331 0.5048611111111111 0.017592592592592576 0.02083333333333326
0 0.1550925925925926 0.54375 0.010185185185185186 0.015277777777777835
0 0.21712962962962962 0.538888888888889 0.01574074074074075 0.022222222222222254
0 0.2986111111111111 0.5409722222222222 0.017592592592592604 0.026388888888888906
0 0.35277777777777775 0.5284722222222222 0.018518518518518545 0.026388888888888906
0 0.5027777777777778 0.5736111111111111 0.0222222222222222 0.019444444444444486
0 0.6111111111111112 0.5388888888888889 0.0037037037037036535 0.01388888888888884
0 0.6541666666666667 0.5395833333333333 0.0064814814814815325 0.015277777777777835
0 0.6606481481481481 0.5326388888888889 0.008333333333333415 0.012499999999999956
0 0.6759259259259259 0.5388888888888889 0.011111111111111072 0.01388888888888884
0 0.6958333333333333 0.5388888888888889 0.0064814814814815325 0.01388888888888884
0 0.7412037037037038 0.5618055555555556 0.010185185185185186 0.02083333333333326
