0 0.8731481481481482 0.5576388888888889 0.02777777777777779 0.043055555555555625
0 0.8490740740740741 0.5263888888888888 0.016666666666666607 0.02777777777777779
0 0.7546296296296297 0.5395833333333333 0.016666666666666607 0.023611111111111138
0 0.9930555555555556 0.538888888888889 0.012037037037037068 0.033333333333333326
0 0.5152777777777777 0.5687500000000001 0.01388888888888895 0.026388888888888906
0 0.6236111111111111 0.5590277777777778 0.0064814814814815325 0.012499999999999956
0 0.6365740740740741 0.5625 0.0064814814814815325 0.011111111111111072
0 0.39675925925925926 0.5625 0.00462962962962965 0.008333333333333304
0 0.38796296296296295 0.5645833333333333 0.003703703703703709 0.00694444444444442
0 0.32175925925925924 0.5708333333333333 0.00462962962962965 0.008333333333333304
0 0.33611111111111114 0.5715277777777777 0.005555555555555591 0.009722222222222188
0 0.3412037037037037 0.575 0.004629629629629595 0.005555555555555536
0 0.29444444444444445 0.5694444444444444 0.005555555555555536 0.008333333333333304
0 0.30324074074074076 0.5694444444444444 0.00462962962962965 0.008333333333333304
0 0.3486111111111111 0.5701388888888889 0.00462962962962965 0.00694444444444442
0 0.2777777777777778 0.5666666666666667 0.003703703703703709 0.005555555555555536
0 0.7342592592592592 0.55625 0.007407407407407418 0.01805555555555549
