0 0.21666666666666667 0.6284722222222223 0.020370370370370372 0.03194444444444444
0 0.3597222222222222 0.6430555555555555 0.008333333333333304 0.01388888888888895
0 0.40648148148148144 0.6465277777777778 0.009259259259259245 0.018055555555555602
0 0.4388888888888889 0.64375 0.007407407407407418 0.012500000000000067
0 0.45972222222222225 0.6402777777777777 0.00833333333333336 0.01666666666666672
0 0.47685185185185186 0.64375 0.003703703703703709 0.006944444444444531
0 0.49027777777777776 0.6451388888888889 0.002777777777777768 0.009722222222222299
0 0.5421296296296296 0.6493055555555556 0.004629629629629539 0.009722222222222188
0 0.5481481481481482 0.64375 0.0037037037037037646 0.006944444444444531
0 0.5328703703703703 0.6430555555555555 0.002777777777777768 0.005555555555555647
0 0.499537037037037 0.6423611111111112 0.0027777777777777124 0.006944444444444531
