0 0.23981481481481481 0.6020833333333333 0.007407407407407418 0.012499999999999956
0 0.26435185185185184 0.5965277777777778 0.006481481481481477 0.009722222222222188
0 0.28101851851851856 0.6041666666666666 0.006481481481481477 0.008333333333333304
0 0.29166666666666663 0.6069444444444445 0.009259259259259245 0.01388888888888895
0 0.30833333333333335 0.6006944444444444 0.014814814814814836 0.02083333333333337
0 0.35833333333333334 0.6222222222222222 0.012962962962962954 0.01388888888888884
0 0.4634259259259259 0.6027777777777779 0.01944444444444443 0.022222222222222254
0 0.47916666666666663 0.6138888888888889 0.012037037037037013 0.019444444444444486
0 0.5402777777777779 0.5895833333333333 0.010185185185185186 0.009722222222222188
0 0.5768518518518518 0.6111111111111112 0.0092592592592593 0.025000000000000022
0 0.7018518518518518 0.56875 0.005555555555555536 0.012499999999999956
0 0.6990740740740741 0.5763888888888888 0.005555555555555536 0.008333333333333415
0 0.7351851851851852 0.5729166666666667 0.005555555555555536 0.012500000000000067
0 0.7532407407407407 0.5708333333333333 0.00462962962962965 0.008333333333333304
0 0.7800925925925926 0.5729166666666666 0.0064814814814814214 0.00694444444444442
0 0.7953703703703704 0.6076388888888888 0.011111111111111072 0.03194444444444444
0 0.9300925925925926 0.575 0.0064814814814815325 0.008333333333333415
0 0.513425925925926 0.6090277777777777 0.010185185185185186 0.02083333333333337
