0 0.18564814814814815 0.6097222222222223 0.006481481481481477 0.008333333333333415
0 0.21296296296296297 0.6090277777777777 0.009259259259259245 0.009722222222222299
0 0.23287037037037037 0.6090277777777777 0.006481481481481477 0.009722222222222299
0 0.23935185185185184 0.6006944444444444 0.006481481481481477 0.009722222222222188
0 0.25277777777777777 0.6152777777777778 0.005555555555555536 0.008333333333333304
0 0.9694444444444444 0.6673611111111111 0.05555555555555558 0.09027777777777779
0 0.8972222222222223 0.5666666666666667 0.011111111111111072 0.036111111111111094
0 0.8666666666666667 0.6131944444444444 0.033333333333333326 0.03194444444444444
0 0.8689814814814815 0.6791666666666667 0.04907407407407405 0.08333333333333337
0 0.8125 0.6020833333333333 0.019444444444444375 0.03194444444444444
0 0.6412037037037037 0.6083333333333334 0.025000000000000022 0.03888888888888886
0 0.6921296296296297 0.6215277777777777 0.019444444444444375 0.03472222222222221
0 0.7143518518518519 0.6076388888888888 0.010185185185185186 0.029166666666666674
0 0.7384259259259259 0.5916666666666666 0.02129629629629637 0.033333333333333326
0 0.7314814814814814 0.6131944444444444 0.024074074074074026 0.043055555555555514
0 0.7083333333333333 0.6708333333333334 0.024074074074074026 0.019444444444444486
0 0.7800925925925926 0.6111111111111112 0.030555555555555558 0.0444444444444444
0 0.7731481481481481 0.6375 0.029629629629629672 0.047222222222222165
0 0.4837962962962963 0.6409722222222223 0.01944444444444443 0.08194444444444449
0 0.2777777777777778 0.6555555555555556 0.0648148148148148 0.12222222222222223
0 0.16666666666666669 0.7041666666666666 0.029629629629629645 0.033333333333333326
