0 0.8518518518518519 0.5951388888888889 0.02777777777777779 0.10138888888888897
0 0.6537037037037037 0.5527777777777778 0.042592592592592626 0.05833333333333335
0 0.7726851851851853 0.5756944444444445 0.015740740740740722 0.03749999999999998
0 0.40601851851851856 0.6118055555555555 0.006481481481481477 0.009722222222222299
0 0.4217592592592593 0.6194444444444445 0.0009259259259259411 0.002777777777777768
0 0.4236111111111111 0.6118055555555556 0.002777777777777768 0.004166666666666652
0 0.4351851851851852 0.6166666666666667 0.005555555555555536 0.011111111111111072
0 0.4393518518518519 0.6076388888888888 0.0027777777777778234 0.006944444444444531
0 0.45185185185185184 0.6159722222222223 0.003703703703703709 0.009722222222222188
0 0.45925925925925926 0.6166666666666667 0.003703703703703709 0.008333333333333304
0 0.4722222222222222 0.6118055555555555 0.005555555555555536 0.009722222222222299
0 0.5162037037037037 0.6104166666666666 0.00462962962962965 0.006944444444444531
