0 0.3134259259259259 0.6194444444444445 0.01944444444444443 0.022222222222222254
0 0.2791666666666667 0.6451388888888889 0.012037037037037068 0.023611111111111138
0 0.43194444444444446 0.6215277777777778 0.010185185185185186 0.01805555555555549
0 0.4722222222222222 0.61875 0.007407407407407418 0.01805555555555549
0 0.5041666666666667 0.6111111111111112 0.0064814814814815325 0.008333333333333415
0 0.5231481481481481 0.6083333333333334 0.005555555555555536 0.011111111111111183
0 0.5361111111111111 0.6083333333333334 0.0037037037037037646 0.002777777777777879
0 0.5805555555555555 0.60625 0.005555555555555647 0.012500000000000067
0 0.6444444444444445 0.5958333333333333 0.005555555555555536 0.011111111111111072
0 0.6212962962962962 0.6041666666666666 0.0018518518518518823 0.005555555555555536
0 0.6152777777777778 0.6041666666666666 0.002777777777777768 0.005555555555555536
0 0.6046296296296296 0.6048611111111111 0.0018518518518517713 0.004166666666666652
0 0.5574074074074074 0.60625 0.0037037037037036535 0.001388888888888884
