0 0.650462962962963 0.6041666666666666 0.0064814814814814214 0.005555555555555536
0 0.5212962962962964 0.6166666666666667 0.0018518518518518823 0.008333333333333304
0 0.4800925925925926 0.6104166666666666 0.004629629629629595 0.006944444444444531
0 0.46111111111111114 0.6111111111111112 0.003703703703703709 0.005555555555555647
0 0.4652777777777778 0.63125 0.00462962962962965 0.00694444444444442
0 0.4439814814814815 0.6159722222222223 0.00462962962962965 0.00694444444444442
0 0.44953703703703707 0.6097222222222223 0.004629629629629595 0.005555555555555647
0 0.4277777777777778 0.6166666666666667 0.003703703703703709 0.005555555555555536
0 0.42962962962962964 0.6166666666666667 0.0018518518518518823 0.005555555555555536
0 0.4236111111111111 0.6180555555555556 0.00462962962962965 0.005555555555555536
0 0.40694444444444444 0.6125 0.00462962962962965 0.005555555555555536
0 0.7032407407407407 0.586111111111111 0.008333333333333304 0.01666666666666672
0 0.736574074074074 0.5854166666666667 0.008333333333333304 0.009722222222222188
0 0.39861111111111114 0.6152777777777778 0.004629629629629595 0.005555555555555536
