0 0.17685185185185187 0.6423611111111112 0.005555555555555564 0.018055555555555602
0 0.2185185185185185 0.6166666666666667 0.012962962962962982 0.03888888888888886
0 0.3675925925925926 0.6194444444444445 0.016666666666666663 0.02777777777777779
0 0.4560185185185185 0.6319444444444444 0.015740740740740777 0.022222222222222254
0 0.49074074074074076 0.6125 0.007407407407407418 0.01666666666666672
0 0.43287037037037035 0.7208333333333333 0.013888888888888895 0.022222222222222143
0 0.5416666666666667 0.6118055555555555 0.00925925925925919 0.018055555555555602
0 0.5703703703703704 0.59375 0.012962962962962954 0.01805555555555549
0 0.5976851851851852 0.6048611111111111 0.002777777777777768 0.00694444444444442
0 0.6009259259259259 0.6034722222222222 0.0037037037037036535 0.00694444444444442
0 0.6143518518518518 0.6 0.00462962962962965 0.011111111111111072
0 0.5902777777777778 0.6069444444444445 0.002777777777777768 0.005555555555555647
