0 0.0763888888888889 0.65625 0.023148148148148154 0.012499999999999956
0 0.1875 0.5993055555555555 0.037962962962962976 0.03749999999999998
0 0.36064814814814816 0.6243055555555556 0.00833333333333336 0.012499999999999956
0 0.4652777777777778 0.5958333333333333 0.013888888888888895 0.019444444444444375
0 0.4814814814814815 0.61875 0.005555555555555591 0.001388888888888884
0 0.5032407407407408 0.60625 0.0064814814814815325 0.009722222222222299
0 0.5259259259259259 0.6097222222222223 0.007407407407407418 0.008333333333333415
0 0.5708333333333333 0.6034722222222222 0.008333333333333304 0.012500000000000067
0 0.5787037037037037 0.6027777777777777 0.0037037037037037646 0.005555555555555536
0 0.5967592592592592 0.6055555555555556 0.00462962962962965 0.008333333333333415
