0 0.649537037037037 0.6180555555555556 0.026851851851851904 0.03888888888888886
0 0.7106481481481481 0.5930555555555556 0.028703703703703676 0.050000000000000044
0 0.7416666666666667 0.5951388888888889 0.01666666666666672 0.026388888888888795
0 0.5458333333333334 0.6159722222222221 0.010185185185185186 0.015277777777777835
0 0.5120370370370371 0.61875 0.0092592592592593 0.012499999999999956
0 0.475462962962963 0.6 0.013888888888888895 0.016666666666666607
0 0.42268518518518516 0.6069444444444445 0.00833333333333336 0.008333333333333415
0 0.4388888888888889 0.6152777777777778 0.003703703703703709 0.005555555555555536
0 0.4097222222222222 0.6152777777777778 0.00462962962962965 0.005555555555555536
0 0.5032407407407408 0.6097222222222223 0.002777777777777768 0.002777777777777879
