0 0.5296296296296297 0.4833333333333333 0.03703703703703709 0.05277777777777776
0 0.5810185185185186 0.5041666666666667 0.010185185185185186 0.022222222222222143
0 0.500925925925926 0.5104166666666667 0.011111111111111183 0.015277777777777835
0 0.4356481481481481 0.5062500000000001 0.012037037037037013 0.026388888888888906
0 0.7837962962962963 0.47291666666666665 0.019444444444444486 0.05138888888888887
0 0.46064814814814814 0.5055555555555555 0.008333333333333304 0.022222222222222254
0 0.47175925925925927 0.49930555555555556 0.012037037037037068 0.020833333333333315
0 0.48009259259259257 0.5222222222222221 0.010185185185185186 0.019444444444444486
0 0.5666666666666667 0.5104166666666667 0.011111111111111072 0.023611111111111138
0 0.35833333333333334 0.5173611111111112 0.005555555555555536 0.009722222222222299
0 0.37037037037037035 0.5145833333333334 0.005555555555555591 0.009722222222222299
0 0.37777777777777777 0.5180555555555555 0.005555555555555536 0.011111111111111183
