0 0.4662037037037037 0.4930555555555555 0.023148148148148195 0.03888888888888886
0 0.42500000000000004 0.5138888888888888 0.011111111111111127 0.019444444444444486
0 0.44583333333333336 0.5034722222222222 0.010185185185185186 0.01805555555555549
0 0.6282407407407408 0.48958333333333337 0.012037037037037068 0.018055555555555547
0 0.6532407407407408 0.48958333333333337 0.008333333333333415 0.018055555555555547
0 0.7824074074074074 0.4840277777777778 0.014814814814814836 0.029166666666666674
0 0.537962962962963 0.507638888888889 0.0092592592592593 0.018055555555555602
0 0.37222222222222223 0.5145833333333334 0.005555555555555536 0.009722222222222299
0 0.36203703703703705 0.5173611111111112 0.005555555555555536 0.006944444444444531
0 0.39675925925925926 0.5125 0.002777777777777768 0.008333333333333415
0 0.38657407407407407 0.5166666666666666 0.00462962962962965 0.008333333333333415
