0 0.8444444444444444 0.55 0.03333333333333344 0.0527777777777777
0 0.33935185185185185 0.5493055555555555 0.025000000000000022 0.054166666666666585
0 0.4277777777777778 0.5555555555555556 0.025925925925925963 0.03888888888888886
0 0.9300925925925926 0.5479166666666666 0.028703703703703676 0.05694444444444435
0 0.6129629629629629 0.5368055555555555 0.011111111111111072 0.02083333333333337
0 0.5546296296296296 0.5298611111111111 0.022222222222222254 0.03194444444444444
0 0.5125 0.5673611111111112 0.01388888888888895 0.026388888888888906
0 0.45046296296296295 0.5472222222222223 0.013888888888888895 0.030555555555555558
0 0.38749999999999996 0.5423611111111111 0.01944444444444443 0.03194444444444444
0 0.28703703703703703 0.55625 0.0092592592592593 0.01805555555555549
0 0.3675925925925926 0.5493055555555555 0.005555555555555536 0.015277777777777835
0 0.23657407407407408 0.5673611111111111 0.00462962962962965 0.004166666666666652
0 0.3115740740740741 0.5569444444444445 0.00833333333333336 0.01388888888888884
