0 0.2787037037037037 0.6756944444444444 0.025925925925925963 0.043055555555555514
0 0.44027777777777777 0.6118055555555555 0.008333333333333304 0.012500000000000067
0 0.475 0.6479166666666667 0.037037037037037035 0.056944444444444464
0 0.5 0.6076388888888888 0.003703703703703709 0.012500000000000067
0 0.5402777777777779 0.6152777777777778 0.025000000000000022 0.030555555555555558
0 0.5740740740740741 0.5993055555555555 0.03518518518518521 0.04861111111111116
0 0.6222222222222222 0.6041666666666666 0.03888888888888897 0.06666666666666665
0 0.6731481481481482 0.5715277777777779 0.025925925925925908 0.04583333333333328
0 0.7490740740740741 0.6020833333333333 0.014814814814814836 0.018055555555555602
0 0.7791666666666667 0.5756944444444445 0.03425925925925921 0.04861111111111105
