0 0.11851851851851852 0.6347222222222222 0.037037037037037035 0.06388888888888888
0 0.04259259259259259 0.6215277777777777 0.022222222222222227 0.03194444444444444
0 0.07824074074074074 0.6270833333333333 0.010185185185185186 0.015277777777777724
0 0.16296296296296298 0.6104166666666666 0.005555555555555564 0.009722222222222299
0 0.18796296296296294 0.60625 0.0111111111111111 0.015277777777777835
0 0.2050925925925926 0.6104166666666666 0.0046296296296296224 0.004166666666666763
0 0.21435185185185185 0.6131944444444444 0.006481481481481477 0.009722222222222299
0 0.23657407407407408 0.6145833333333334 0.00462962962962965 0.00694444444444442
0 0.2564814814814815 0.6104166666666666 0.005555555555555536 0.009722222222222299
0 0.287962962962963 0.6083333333333334 0.005555555555555536 0.008333333333333415
0 0.29305555555555557 0.6076388888888888 0.002777777777777768 0.006944444444444531
0 0.3472222222222222 0.6034722222222222 0.003703703703703709 0.004166666666666652
0 0.34259259259259256 0.6055555555555555 0.0018518518518518268 0.005555555555555536
0 0.6453703703703704 0.6444444444444444 0.03333333333333344 0.047222222222222165
0 0.6875 0.6041666666666667 0.01388888888888884 0.02777777777777779
0 0.7638888888888888 0.5881944444444445 0.020370370370370372 0.040277777777777746
0 0.7319444444444445 0.5854166666666667 0.012037037037036957 0.029166666666666674
0 0.5796296296296296 0.61875 0.0092592592592593 0.01805555555555549
0 0.9245370370370369 0.6020833333333333 0.010185185185185186 0.012499999999999956
0 0.3842592592592593 0.6125 0.0018518518518518268 0.002777777777777768
0 0.37870370370370365 0.6104166666666666 0.003703703703703709 0.004166666666666763
