0 0.6152777777777778 0.6756944444444444 0.028703703703703676 0.05138888888888882
0 0.937037037037037 0.5743055555555556 0.005555555555555536 0.009722222222222299
0 0.7583333333333333 0.5708333333333333 0.0037037037037036535 0.008333333333333304
0 0.7041666666666666 0.575 0.00462962962962965 0.008333333333333415
0 0.5986111111111111 0.5923611111111111 0.002777777777777768 0.012499999999999956
0 0.5333333333333334 0.575 0.007407407407407418 0.011111111111111183
0 0.5009259259259259 0.5819444444444445 0.00555555555555548 0.005555555555555536
0 0.499537037037037 0.6083333333333334 0.008333333333333304 0.011111111111111183
0 0.4638888888888889 0.5993055555555555 0.003703703703703709 0.00694444444444442
0 0.4111111111111111 0.6006944444444444 0.011111111111111127 0.018055555555555602
0 0.3731481481481481 0.6048611111111111 0.01481481481481478 0.02083333333333337
0 0.36018518518518516 0.6034722222222222 0.011111111111111127 0.018055555555555602
0 0.3277777777777778 0.6138888888888889 0.0092592592592593 0.011111111111111183
0 0.30694444444444446 0.6083333333333334 0.00833333333333336 0.019444444444444486
0 0.27685185185185185 0.60625 0.014814814814814836 0.015277777777777835
0 0.25925925925925924 0.6034722222222222 0.012962962962962954 0.018055555555555602
0 0.24212962962962964 0.6284722222222222 0.010185185185185186 0.01805555555555549
0 0.2138888888888889 0.5986111111111111 0.012962962962962982 0.019444444444444375
0 0.20601851851851852 0.6090277777777777 0.006481481481481477 0.018055555555555602
0 0.17916666666666667 0.6083333333333334 0.013888888888888895 0.019444444444444486
0 0.07361111111111111 0.6048611111111111 0.0046296296296296224 0.00694444444444442
