0 0.24907407407407406 0.5694444444444444 0.012962962962962954 0.019444444444444486
0 0.3486111111111111 0.5618055555555556 0.00462962962962965 0.009722222222222188
0 0.38842592592592595 0.5673611111111111 0.00833333333333336 0.015277777777777724
0 0.42824074074074076 0.5569444444444445 0.00462962962962965 0.008333333333333304
0 0.4773148148148148 0.5527777777777778 0.00462962962962965 0.008333333333333304
0 0.5773148148148148 0.5409722222222222 0.002777777777777768 0.004166666666666652
0 0.587037037037037 0.5416666666666666 0.005555555555555536 0.008333333333333304
0 0.48703703703703705 0.5506944444444444 0.007407407407407418 0.009722222222222299
0 0.6763888888888889 0.5361111111111111 0.010185185185185186 0.019444444444444375
0 0.6574074074074074 0.5291666666666667 0.0092592592592593 0.01388888888888884
0 0.851388888888889 0.5152777777777777 0.00462962962962965 0.005555555555555647
0 0.5296296296296297 0.5451388888888888 0.005555555555555536 0.012500000000000067
