0 0.10231481481481482 0.6229166666666667 0.0046296296296296224 0.009722222222222188
0 0.18981481481481483 0.6118055555555555 0.005555555555555564 0.006944444444444531
0 0.20046296296296295 0.6104166666666666 0.0046296296296296224 0.004166666666666763
0 0.2152777777777778 0.6083333333333334 0.008333333333333331 0.005555555555555647
0 0.23981481481481481 0.6006944444444444 0.005555555555555536 0.009722222222222188
0 0.24027777777777778 0.6097222222222223 0.006481481481481477 0.008333333333333415
0 0.2592592592592593 0.6152777777777778 0.003703703703703709 0.008333333333333304
0 0.29444444444444445 0.6069444444444445 0.005555555555555536 0.005555555555555647
0 0.512962962962963 0.6819444444444445 0.03888888888888892 0.08611111111111114
0 0.6370370370370371 0.6277777777777778 0.061111111111111116 0.10000000000000009
0 0.7115740740740741 0.6118055555555555 0.021296296296296258 0.02083333333333337
0 0.7296296296296296 0.6055555555555556 0.012962962962963065 0.025000000000000022
0 0.7550925925925926 0.6270833333333333 0.02314814814814825 0.043055555555555625
0 0.7620370370370371 0.5979166666666667 0.024074074074074026 0.026388888888888906
0 0.8398148148148148 0.6576388888888889 0.033333333333333326 0.056944444444444464
0 0.8912037037037037 0.5687500000000001 0.01388888888888884 0.026388888888888906
0 0.9537037037037037 0.6319444444444444 0.04444444444444451 0.061111111111111116
