0 0.15324074074074073 0.6680555555555556 0.028703703703703703 0.04999999999999993
0 0.17314814814814816 0.6076388888888888 0.00740740740740739 0.015277777777777835
0 0.18101851851851852 0.6090277777777777 0.010185185185185186 0.018055555555555602
0 0.18611111111111112 0.6055555555555556 0.007407407407407418 0.011111111111111183
0 0.20833333333333331 0.6055555555555556 0.0111111111111111 0.01388888888888895
0 0.22037037037037038 0.6152777777777778 0.0111111111111111 0.01388888888888895
0 0.24166666666666667 0.6048611111111111 0.011111111111111127 0.018055555555555602
0 0.25 0.6090277777777777 0.007407407407407418 0.018055555555555602
0 0.29305555555555557 0.60625 0.010185185185185186 0.012500000000000067
0 0.3175925925925926 0.6166666666666667 0.0092592592592593 0.01666666666666672
0 0.32731481481481484 0.6041666666666667 0.010185185185185186 0.019444444444444486
0 0.34490740740740744 0.6138888888888889 0.006481481481481477 0.01666666666666672
0 0.37592592592592594 0.6152777777777778 0.014814814814814836 0.019444444444444486
0 0.45416666666666666 0.6069444444444445 0.015740740740740722 0.01666666666666672
0 0.48194444444444445 0.66875 0.03240740740740744 0.07361111111111118
0 0.4814814814814815 0.601388888888889 0.01296296296296301 0.019444444444444486
0 0.5101851851851852 0.5888888888888888 0.0185185185185186 0.02777777777777779
0 0.5361111111111112 0.5972222222222222 0.01851851851851849 0.022222222222222143
0 0.5787037037037037 0.6006944444444444 0.020370370370370372 0.029166666666666674
0 0.6333333333333333 0.6194444444444445 0.01851851851851849 0.033333333333333326
0 0.7402777777777778 0.5965277777777778 0.010185185185185186 0.015277777777777724
0 0.799074074074074 0.6152777777777778 0.007407407407407418 0.01388888888888895
0 0.8782407407407408 0.617361111111111 0.028703703703703676 0.03749999999999998
0 0.9342592592592592 0.6006944444444444 0.014814814814814836 0.02083333333333337
0 0.8453703703703703 0.5944444444444444 0.0037037037037036535 0.008333333333333304
