0 0.21203703703703702 0.6548611111111111 0.009259259259259273 0.015277777777777724
0 0.2375 0.6465277777777778 0.010185185185185186 0.018055555555555602
0 0.26481481481481484 0.6388888888888888 0.007407407407407418 0.008333333333333415
0 0.2782407407407408 0.6319444444444444 0.006481481481481477 0.008333333333333304
0 0.29074074074074074 0.6368055555555556 0.005555555555555536 0.009722222222222299
0 0.3018518518518518 0.6319444444444444 0.003703703703703709 0.008333333333333304
0 0.3291666666666667 0.6270833333333333 0.006481481481481477 0.009722222222222188
0 0.3402777777777778 0.6298611111111111 0.008333333333333304 0.009722222222222188
0 0.37175925925925923 0.6229166666666667 0.006481481481481477 0.009722222222222188
0 0.45555555555555555 0.6034722222222222 0.007407407407407418 0.009722222222222188
0 0.4837962962962963 0.6076388888888888 0.00833333333333336 0.015277777777777835
0 0.5310185185185186 0.6076388888888888 0.008333333333333304 0.012500000000000067
0 0.5319444444444444 0.5923611111111111 0.004629629629629539 0.00694444444444442
0 0.5662037037037038 0.6013888888888889 0.010185185185185186 0.01388888888888884
0 0.5513888888888889 0.5833333333333334 0.002777777777777768 0.005555555555555536
0 0.5805555555555555 0.6034722222222222 0.012962962962962954 0.029166666666666674
