0 0.006481481481481481 0.6131944444444444 0.012962962962962963 0.029166666666666674
0 0.3194444444444444 0.5548611111111111 0.007407407407407363 0.012499999999999956
0 0.3462962962962963 0.5409722222222222 0.009259259259259245 0.009722222222222188
0 0.43101851851851847 0.5277777777777778 0.006481481481481477 0.011111111111111072
0 0.3305555555555556 0.5534722222222223 0.003703703703703709 0.004166666666666652
0 0.3074074074074074 0.5590277777777778 0.005555555555555536 0.00694444444444442
0 0.49722222222222223 0.5180555555555555 0.003703703703703709 0.008333333333333415
0 0.5097222222222222 0.5159722222222223 0.002777777777777768 0.006944444444444531
0 0.5513888888888889 0.5055555555555555 0.002777777777777768 0.005555555555555536
0 0.5689814814814815 0.5201388888888889 0.00462962962962965 0.004166666666666652
0 0.5791666666666666 0.5152777777777777 0.00462962962962965 0.005555555555555647
