0 0.09768518518518518 0.4798611111111111 0.056481481481481466 0.08750000000000002
0 0.2189814814814815 0.5652777777777778 0.0046296296296296224 0.008333333333333304
0 0.23657407407407408 0.5756944444444445 0.006481481481481477 0.009722222222222299
0 0.25462962962962965 0.5541666666666667 0.003703703703703709 0.005555555555555536
0 0.33518518518518514 0.5645833333333333 0.009259259259259245 0.009722222222222188
0 0.3138888888888889 0.5534722222222223 0.005555555555555536 0.004166666666666652
0 0.4564814814814815 0.5298611111111111 0.005555555555555536 0.00694444444444442
0 0.49907407407407406 0.5201388888888889 0.007407407407407418 0.00694444444444442
0 0.5194444444444444 0.5180555555555555 0.011111111111111183 0.01666666666666672
0 0.5296296296296297 0.5083333333333333 0.005555555555555536 0.008333333333333304
0 0.5453703703703704 0.5159722222222223 0.0092592592592593 0.012500000000000067
0 0.5842592592592593 0.5125 0.011111111111111072 0.019444444444444486
0 0.6861111111111111 0.49583333333333335 0.011111111111111072 0.013888888888888895
0 0.8430555555555556 0.475 0.026851851851851904 0.03888888888888892
0 0.4449074074074074 0.5395833333333333 0.002777777777777768 0.00694444444444442
0 0.4800925925925926 0.5229166666666667 0.004629629629629595 0.00694444444444442
0 0.5046296296296297 0.5194444444444445 0.0037037037037037646 0.005555555555555536
