0 0.8342592592592593 0.6479166666666667 0.03518518518518521 0.040277777777777746
0 0.8138888888888889 0.6034722222222222 0.012962962962962954 0.029166666666666674
0 0.7861111111111111 0.6256944444444444 0.020370370370370372 0.03472222222222232
0 0.6930555555555555 0.5986111111111112 0.026851851851851904 0.03888888888888886
0 0.663888888888889 0.6944444444444444 0.024074074074074026 0.04166666666666663
0 0.5972222222222222 0.6354166666666667 0.016666666666666607 0.02083333333333337
0 0.9291666666666667 0.5743055555555555 0.0064814814814815325 0.00694444444444442
0 0.7800925925925926 0.5715277777777777 0.0064814814814814214 0.00694444444444442
0 0.7356481481481482 0.5722222222222222 0.0064814814814815325 0.011111111111111072
0 0.5925925925925926 0.5909722222222222 0.005555555555555536 0.009722222222222188
0 0.5814814814814815 0.5979166666666667 0.005555555555555536 0.00694444444444442
0 0.5282407407407408 0.5743055555555556 0.008333333333333415 0.012500000000000067
0 0.5583333333333333 0.6055555555555556 0.0092592592592593 0.011111111111111183
