0 0.4162037037037037 0.6298611111111112 0.017592592592592604 0.03194444444444444
0 0.42962962962962964 0.6319444444444444 0.014814814814814836 0.02777777777777779
0 0.4472222222222222 0.6152777777777778 0.016666666666666663 0.030555555555555558
0 0.4666666666666667 0.6069444444444445 0.022222222222222254 0.04166666666666663
0 0.5152777777777777 0.6083333333333334 0.017592592592592493 0.025000000000000022
0 0.5722222222222222 0.6305555555555555 0.04629629629629628 0.061111111111111116
0 0.6106481481481482 0.5916666666666666 0.026851851851851904 0.033333333333333326
0 0.6416666666666666 0.5833333333333333 0.02962962962962956 0.036111111111111094
0 0.7166666666666666 0.5993055555555555 0.02777777777777779 0.03749999999999998
0 0.9337962962962962 0.5152777777777777 0.056481481481481466 0.0805555555555556
