0 0.033796296296296297 0.6875 0.03240740740740741 0.050000000000000044
0 0.09675925925925927 0.6993055555555556 0.015740740740740736 0.026388888888888906
0 0.14027777777777778 0.6583333333333333 0.01944444444444443 0.022222222222222143
0 0.19027777777777777 0.6638888888888889 0.03981481481481483 0.05833333333333335
0 0.23333333333333334 0.6722222222222223 0.014814814814814808 0.019444444444444486
0 0.25601851851851853 0.7159722222222222 0.017592592592592604 0.03194444444444444
0 0.28240740740740744 0.6659722222222222 0.016666666666666663 0.023611111111111138
0 0.29027777777777775 0.6381944444444445 0.006481481481481477 0.006944444444444531
0 0.3643518518518518 0.6229166666666667 0.006481481481481477 0.009722222222222188
0 0.3736111111111111 0.6291666666666667 0.006481481481481477 0.011111111111111072
0 0.3828703703703704 0.6298611111111111 0.006481481481481477 0.012499999999999956
0 0.38888888888888884 0.6263888888888889 0.003703703703703709 0.005555555555555536
0 0.42268518518518516 0.6166666666666667 0.006481481481481477 0.011111111111111072
0 0.5467592592592593 0.5923611111111111 0.01388888888888884 0.02083333333333326
0 0.7615740740740741 0.5902777777777778 0.07314814814814818 0.10277777777777786
0 0.30648148148148147 0.63125 0.005555555555555536 0.00694444444444442
0 0.275 0.6340277777777777 0.005555555555555591 0.009722222222222188
