0 0.21435185185185185 0.61875 0.006481481481481477 0.009722222222222188
0 0.2240740740740741 0.6201388888888889 0.00740740740740739 0.009722222222222188
0 0.250462962962963 0.6194444444444445 0.006481481481481477 0.011111111111111072
0 0.26481481481481484 0.6173611111111111 0.007407407407407418 0.012499999999999956
0 0.275 0.6138888888888889 0.011111111111111127 0.01666666666666672
0 0.2847222222222222 0.6173611111111111 0.006481481481481477 0.009722222222222188
0 0.29444444444444445 0.6180555555555556 0.007407407407407418 0.011111111111111072
0 0.3018518518518518 0.6291666666666667 0.01481481481481478 0.01388888888888884
0 0.32731481481481484 0.6361111111111111 0.015740740740740777 0.022222222222222254
0 0.3685185185185185 0.6131944444444444 0.005555555555555536 0.009722222222222299
