0 0.4439814814814815 0.60625 0.012037037037037068 0.02083333333333337
0 0.3699074074074074 0.6256944444444444 0.012037037037037068 0.02083333333333326
0 0.4087962962962963 0.60625 0.012037037037037013 0.02083333333333337
0 0.3060185185185185 0.6083333333333334 0.008333333333333304 0.030555555555555558
0 0.24953703703703703 0.6722222222222223 0.013888888888888895 0.022222222222222254
0 0.8143518518518519 0.5791666666666666 0.008333333333333304 0.01388888888888895
0 0.9342592592592592 0.5763888888888888 0.005555555555555536 0.01388888888888895
0 0.9310185185185185 0.5875 0.00462962962962965 0.008333333333333304
0 0.7101851851851853 0.5951388888888889 0.011111111111111183 0.023611111111111027
0 0.33796296296296297 0.6104166666666666 0.0037037037037036535 0.006944444444444531
0 0.3453703703703703 0.6131944444444444 0.003703703703703709 0.009722222222222299
