0 0.3462962962962963 0.5444444444444445 0.009259259259259245 0.01388888888888895
0 0.3560185185185185 0.5486111111111112 0.010185185185185186 0.01388888888888895
0 0.37592592592592594 0.5451388888888888 0.007407407407407418 0.015277777777777835
0 0.4009259259259259 0.538888888888889 0.016666666666666663 0.019444444444444486
0 0.42592592592592593 0.5347222222222222 0.014814814814814836 0.022222222222222143
0 0.4472222222222222 0.5284722222222222 0.011111111111111127 0.01805555555555549
0 0.41388888888888886 0.5395833333333333 0.003703703703703709 0.00694444444444442
0 0.7185185185185186 0.48611111111111116 0.007407407407407418 0.013888888888888895
0 0.513425925925926 0.5097222222222222 0.00462962962962965 0.005555555555555536
0 0.5236111111111111 0.5097222222222222 0.002777777777777768 0.005555555555555536
0 0.5282407407407408 0.5083333333333333 0.002777777777777768 0.008333333333333304
