0 0.4527777777777778 0.5770833333333334 0.02777777777777779 0.043055555555555514
0 0.3657407407407407 0.5375 0.009259259259259245 0.011111111111111072
0 0.48333333333333334 0.525 0.0092592592592593 0.01388888888888884
0 0.49583333333333335 0.5236111111111111 0.01018518518518513 0.011111111111111072
0 0.5087962962962962 0.5083333333333333 0.010185185185185186 0.019444444444444486
0 0.5212962962962964 0.5159722222222223 0.007407407407407418 0.015277777777777835
0 0.5310185185185186 0.5138888888888888 0.008333333333333304 0.019444444444444486
0 0.5666666666666667 0.4951388888888889 0.0092592592592593 0.018055555555555547
0 0.6416666666666666 0.49722222222222223 0.011111111111111183 0.013888888888888895
0 0.8310185185185185 0.48541666666666666 0.012037037037037068 0.018055555555555602
0 0.3787037037037037 0.5298611111111111 0.0092592592592593 0.015277777777777724
0 0.4013888888888889 0.5347222222222222 0.00833333333333336 0.01388888888888884
0 0.4569444444444445 0.5208333333333333 0.006481481481481477 0.01388888888888895
0 0.5736111111111111 0.5006944444444444 0.008333333333333304 0.015277777777777724
0 0.6601851851851852 0.48194444444444445 0.005555555555555536 0.005555555555555536
0 0.6675925925925926 0.4770833333333333 0.005555555555555536 0.006944444444444475
0 0.6958333333333333 0.4701388888888889 0.00462962962962965 0.009722222222222188
0 0.8666666666666667 0.4784722222222222 0.005555555555555536 0.015277777777777779
