0 0.7037037037037037 0.2534722222222222 0.1074074074074074 0.2013888888888889
0 0.4916666666666667 0.5243055555555556 0.011111111111111127 0.018055555555555602
0 0.5208333333333334 0.5034722222222222 0.008333333333333304 0.02083333333333326
0 0.5777777777777777 0.5083333333333333 0.00925925925925919 0.01666666666666672
0 0.5930555555555554 0.5006944444444444 0.010185185185185186 0.018055555555555547
0 0.6578703703703703 0.4902777777777778 0.0064814814814814214 0.013888888888888895
0 0.46111111111111114 0.5333333333333333 0.007407407407407363 0.01388888888888884
0 0.4828703703703704 0.5270833333333333 0.006481481481481477 0.015277777777777724
0 0.43796296296296294 0.5326388888888889 0.007407407407407418 0.015277777777777724
0 0.4300925925925926 0.5368055555555555 0.008333333333333304 0.012499999999999956
0 0.4236111111111111 0.5298611111111111 0.008333333333333304 0.012499999999999956
0 0.41666666666666663 0.5361111111111111 0.009259259259259245 0.01388888888888884
0 0.40046296296296297 0.5430555555555556 0.008333333333333304 0.01388888888888895
0 0.4064814814814815 0.5395833333333333 0.005555555555555536 0.009722222222222188
0 0.3912037037037037 0.5409722222222222 0.00833333333333336 0.012500000000000067
0 0.45231481481481484 0.5291666666666667 0.00833333333333336 0.01388888888888884
0 0.49583333333333335 0.5180555555555555 0.00833333333333336 0.01666666666666672
