0 0.32546296296296295 0.46319444444444446 0.006481481481481477 0.015277777777777779
0 0.3643518518518518 0.44652777777777775 0.006481481481481477 0.006944444444444475
0 0.4037037037037037 0.43194444444444446 0.005555555555555591 0.00833333333333336
0 0.41064814814814815 0.4340277777777778 0.00462962962962965 0.004166666666666652
0 0.4625 0.42986111111111114 0.004629629629629595 0.006944444444444475
0 0.4513888888888889 0.4291666666666667 0.00462962962962965 0.005555555555555591
0 0.49537037037037035 0.42986111111111114 0.005555555555555591 0.004166666666666707
0 0.5166666666666666 0.4125 0.00925925925925919 0.016666666666666663
0 0.5726851851851852 0.4125 0.008333333333333304 0.011111111111111127
0 0.4212962962962963 0.4305555555555556 0.003703703703703709 0.005555555555555591
