0 0.10555555555555556 0.6097222222222223 0.005555555555555564 0.005555555555555647
0 0.2587962962962963 0.6041666666666667 0.013888888888888895 0.01388888888888895
0 0.2875 0.6027777777777779 0.012037037037037013 0.019444444444444486
0 0.30972222222222223 0.6125 0.013888888888888895 0.019444444444444486
0 0.32916666666666666 0.6368055555555556 0.019444444444444486 0.03194444444444444
0 0.2606481481481482 0.6284722222222222 0.012037037037037013 0.023611111111111027
0 0.21990740740740738 0.6284722222222223 0.01203703703703704 0.026388888888888906
0 0.4652777777777778 0.6499999999999999 0.008333333333333304 0.025000000000000022
0 0.5925925925925926 0.6048611111111111 0.012962962962962954 0.02083333333333337
0 0.6245370370370371 0.6020833333333333 0.01388888888888895 0.02083333333333337
0 0.6643518518518519 0.6000000000000001 0.015740740740740833 0.025000000000000022
0 0.7 0.5986111111111112 0.02777777777777779 0.03888888888888886
0 0.736574074074074 0.5993055555555555 0.01388888888888884 0.026388888888888906
0 0.7495370370370371 0.5958333333333333 0.019444444444444486 0.047222222222222276
0 0.7680555555555555 0.6201388888888889 0.03425925925925932 0.05138888888888893
0 0.7861111111111111 0.6041666666666667 0.0092592592592593 0.02777777777777779
0 0.8222222222222222 0.5868055555555556 0.01851851851851849 0.026388888888888906
0 0.8513888888888889 0.6194444444444445 0.012037037037037068 0.030555555555555558
0 0.8694444444444445 0.6305555555555555 0.020370370370370372 0.022222222222222254
0 0.9013888888888889 0.58125 0.02314814814814814 0.029166666666666674
0 0.5398148148148147 0.6256944444444444 0.011111111111111183 0.015277777777777724
