0 0.4046296296296296 0.5305555555555556 0.012962962962962954 0.016666666666666607
0 0.6555555555555556 0.49583333333333335 0.011111111111111072 0.027777777777777735
0 0.700462962962963 0.4847222222222222 0.012037037037037068 0.025000000000000022
0 0.9328703703703705 0.4513888888888889 0.015740740740740722 0.025000000000000022
0 0.8268518518518518 0.47152777777777777 0.024074074074074137 0.03194444444444444
0 0.3925925925925926 0.5388888888888889 0.005555555555555536 0.008333333333333304
0 0.34398148148148144 0.5381944444444444 0.004629629629629595 0.00694444444444442
0 0.3574074074074074 0.55 0.005555555555555536 0.008333333333333415
0 0.3310185185185185 0.5472222222222223 0.004629629629629595 0.005555555555555647
0 0.4439814814814815 0.5340277777777778 0.00462962962962965 0.004166666666666652
0 0.4513888888888889 0.5284722222222222 0.002777777777777768 0.00694444444444442
0 0.5175925925925926 0.5097222222222222 0.0037037037037037646 0.005555555555555536
0 0.3337962962962963 0.525 0.00462962962962965 0.005555555555555536
0 0.30925925925925923 0.5381944444444444 0.003703703703703709 0.00694444444444442
0 0.3111111111111111 0.5368055555555555 0.003703703703703709 0.00694444444444442
0 0.31481481481481477 0.5354166666666667 0.003703703703703709 0.00694444444444442
