0 0.07407407407407407 0.5965277777777778 0.020370370370370372 0.023611111111111027
0 0.20833333333333331 0.5736111111111111 0.009259259259259273 0.01388888888888895
0 0.23518518518518516 0.5638888888888889 0.0111111111111111 0.01388888888888884
0 0.25416666666666665 0.5645833333333333 0.010185185185185158 0.012499999999999956
0 0.26296296296296295 0.5673611111111111 0.007407407407407418 0.012499999999999956
0 0.27546296296296297 0.5597222222222222 0.010185185185185186 0.01388888888888884
0 0.2939814814814815 0.5722222222222222 0.012037037037037013 0.01666666666666672
0 0.5861111111111111 0.49930555555555556 0.0092592592592593 0.018055555555555547
0 0.5439814814814815 0.5131944444444445 0.008333333333333304 0.009722222222222299
0 0.1486111111111111 0.5784722222222223 0.006481481481481477 0.006944444444444531
0 0.16018518518518518 0.5743055555555555 0.003703703703703709 0.00694444444444442
0 0.22592592592592592 0.5618055555555556 0.007407407407407418 0.00694444444444442
0 0.4444444444444444 0.5319444444444444 0.003703703703703709 0.008333333333333304
0 0.5101851851851852 0.5173611111111112 0.0037037037037037646 0.012500000000000067
0 0.33472222222222225 0.5569444444444445 0.004629629629629595 0.011111111111111072
0 0.3486111111111111 0.5520833333333334 0.006481481481481477 0.009722222222222188
0 0.21712962962962962 0.5680555555555555 0.006481481481481505 0.011111111111111072
0 0.26666666666666666 0.5611111111111111 0.005555555555555536 0.008333333333333304
0 0.3115740740740741 0.55625 0.006481481481481477 0.00694444444444442
0 0.5638888888888889 0.5055555555555555 0.007407407407407307 0.005555555555555536
0 0.5467592592592593 0.5034722222222222 0.002777777777777768 0.004166666666666652
