0 0.5740740740740741 0.5972222222222223 0.025925925925925908 0.033333333333333326
0 0.5523148148148148 0.5854166666666667 0.019444444444444375 0.029166666666666674
0 0.45787037037037037 0.6048611111111111 0.028703703703703676 0.04583333333333328
0 0.5064814814814815 0.5979166666666667 0.00925925925925919 0.012499999999999956
0 0.37546296296296294 0.6145833333333333 0.010185185185185186 0.018055555555555602
0 0.3379629629629629 0.6284722222222223 0.016666666666666663 0.029166666666666674
0 0.30092592592592593 0.6194444444444445 0.020370370370370372 0.030555555555555558
0 0.3143518518518519 0.6229166666666667 0.006481481481481477 0.009722222222222188
0 0.3643518518518518 0.6131944444444444 0.006481481481481477 0.009722222222222299
0 0.20462962962962963 0.65 0.0314814814814815 0.05277777777777781
0 0.28101851851851856 0.6229166666666667 0.006481481481481477 0.009722222222222188
0 0.275 0.6145833333333334 0.005555555555555591 0.00694444444444442
0 0.23981481481481481 0.6194444444444445 0.005555555555555536 0.008333333333333304
