0 0.5527777777777778 0.6347222222222222 0.01851851851851849 0.02777777777777779
0 0.4666666666666667 0.6055555555555556 0.005555555555555536 0.008333333333333415
0 0.4222222222222222 0.6180555555555556 0.0037037037037036535 0.008333333333333304
0 0.3837962962962963 0.6194444444444445 0.00462962962962965 0.008333333333333304
0 0.3902777777777778 0.64375 0.015740740740740722 0.02083333333333337
0 0.3773148148148148 0.63125 0.00462962962962965 0.00694444444444442
0 0.3625 0.6361111111111111 0.008333333333333304 0.011111111111111183
0 0.35462962962962963 0.6513888888888889 0.0092592592592593 0.019444444444444375
0 0.3375 0.6395833333333334 0.004629629629629595 0.009722222222222299
0 0.33194444444444443 0.6291666666666667 0.00462962962962965 0.008333333333333304
0 0.325 0.6451388888888889 0.007407407407407418 0.012500000000000067
0 0.30092592592592593 0.6340277777777777 0.005555555555555536 0.009722222222222188
0 0.2847222222222222 0.6472222222222221 0.012037037037037013 0.019444444444444486
