0 0.2412037037037037 0.6041666666666666 0.006481481481481477 0.008333333333333304
0 0.3921296296296296 0.6034722222222222 0.012037037037037013 0.018055555555555602
0 0.4199074074074074 0.6069444444444445 0.010185185185185186 0.01388888888888895
0 0.4388888888888889 0.6076388888888888 0.012962962962962954 0.023611111111111138
0 0.4546296296296296 0.6208333333333333 0.01296296296296301 0.016666666666666607
0 0.5337962962962963 0.60625 0.01388888888888884 0.026388888888888906
0 0.5671296296296295 0.6166666666666667 0.015740740740740722 0.02777777777777779
0 0.5819444444444444 0.6097222222222223 0.012037037037036957 0.02777777777777779
0 0.6597222222222222 0.6069444444444445 0.01388888888888884 0.025000000000000022
0 0.5962962962962963 0.6118055555555555 0.0092592592592593 0.023611111111111138
0 0.6569444444444444 0.6597222222222223 0.019444444444444375 0.0888888888888889
0 0.674537037037037 0.6569444444444444 0.026851851851851904 0.04166666666666674
0 0.8550925925925925 0.6048611111111111 0.03425925925925932 0.05138888888888882
0 0.350462962962963 0.6923611111111111 0.02314814814814814 0.05972222222222223
0 0.13425925925925927 0.5743055555555556 0.06666666666666667 0.10416666666666663
