0 0.8671296296296296 0.4604166666666667 0.015740740740740722 0.023611111111111083
0 0.6856481481481482 0.49444444444444446 0.019444444444444486 0.027777777777777735
0 0.6101851851851852 0.5048611111111111 0.011111111111111072 0.02916666666666673
0 0.5703703703703704 0.5111111111111111 0.00925925925925919 0.025000000000000022
0 0.37037037037037035 0.5375000000000001 0.011111111111111127 0.019444444444444486
0 0.3962962962962963 0.5361111111111111 0.005555555555555536 0.008333333333333304
0 0.44351851851851853 0.5326388888888889 0.003703703703703709 0.00694444444444442
0 0.4393518518518519 0.5284722222222222 0.004629629629629595 0.00694444444444442
0 0.36111111111111116 0.5486111111111112 0.003703703703703709 0.008333333333333415
0 0.34675925925925927 0.5375 0.00462962962962965 0.005555555555555536
