0 0.27546296296296297 0.5659722222222222 0.008333333333333304 0.012499999999999956
0 0.3148148148148148 0.5541666666666667 0.005555555555555536 0.005555555555555536
0 0.4268518518518518 0.4395833333333333 0.037037037037037035 0.07361111111111107
0 0.5842592592592593 0.5055555555555555 0.022222222222222143 0.030555555555555614
0 0.6421296296296296 0.4861111111111111 0.012037037037037068 0.025000000000000022
0 0.6800925925925926 0.4965277777777778 0.01388888888888884 0.02638888888888885
0 0.7351851851851852 0.48333333333333334 0.014814814814814836 0.022222222222222254
0 0.5305555555555556 0.5097222222222222 0.0037037037037037646 0.008333333333333304
0 0.9699074074074074 0.47916666666666663 0.03981481481481486 0.05833333333333329
0 0.2328703703703704 0.5611111111111111 0.0046296296296296224 0.008333333333333304
0 0.1787037037037037 0.5722222222222222 0.005555555555555564 0.008333333333333304
