0 0.29027777777777775 0.6069444444444445 0.015740740740740777 0.033333333333333326
0 0.26435185185185184 0.6159722222222221 0.012037037037037013 0.029166666666666674
0 0.7828703703703703 0.5798611111111112 0.010185185185185186 0.012500000000000067
0 0.8041666666666667 0.5916666666666667 0.012037037037037068 0.02499999999999991
0 0.3296296296296296 0.6166666666666667 0.007407407407407363 0.01388888888888884
0 0.3671296296296296 0.6152777777777778 0.006481481481481477 0.01388888888888895
0 0.39166666666666666 0.6180555555555556 0.005555555555555536 0.011111111111111072
0 0.36111111111111116 0.6152777777777778 0.003703703703703709 0.005555555555555536
0 0.3847222222222222 0.6145833333333334 0.004629629629629595 0.00694444444444442
0 0.37777777777777777 0.6152777777777778 0.003703703703703709 0.005555555555555536
0 0.5856481481481481 0.5930555555555556 0.008333333333333304 0.01388888888888884
0 0.6703703703703703 0.6097222222222223 0.007407407407407418 0.011111111111111183
