0 0.18703703703703703 0.6090277777777777 0.040740740740740744 0.06527777777777788
0 0.23703703703703705 0.6243055555555556 0.025925925925925936 0.04861111111111116
0 0.3643518518518518 0.5993055555555555 0.012037037037037013 0.02083333333333337
0 0.37777777777777777 0.6187499999999999 0.022222222222222254 0.03472222222222221
0 0.399537037037037 0.5930555555555556 0.010185185185185186 0.016666666666666607
0 0.4361111111111111 0.5944444444444444 0.007407407407407418 0.011111111111111072
0 0.4185185185185185 0.6034722222222222 0.007407407407407418 0.012500000000000067
0 0.4898148148148148 0.5979166666666667 0.012962962962962954 0.02083333333333326
0 0.5046296296296297 0.5993055555555555 0.012962962962962898 0.012499999999999956
0 0.5287037037037037 0.5944444444444444 0.011111111111111072 0.019444444444444375
0 0.5722222222222222 0.6090277777777777 0.01851851851851849 0.029166666666666674
0 0.5884259259259259 0.5972222222222222 0.01388888888888884 0.022222222222222143
0 0.6055555555555556 0.5993055555555555 0.011111111111111183 0.02083333333333337
0 0.7847222222222222 0.5680555555555555 0.026851851851851904 0.04166666666666663
0 0.8601851851851852 0.5770833333333334 0.025925925925925908 0.03749999999999998
0 0.5384259259259259 0.59375 0.008333333333333415 0.015277777777777724
