0 0.19583333333333333 0.5979166666666667 0.010185185185185186 0.009722222222222188
0 0.22453703703703703 0.5993055555555555 0.008333333333333331 0.012499999999999956
0 0.28194444444444444 0.5895833333333333 0.028703703703703676 0.06527777777777777
0 0.3578703703703704 0.6666666666666667 0.05277777777777776 0.07500000000000007
0 0.4527777777777778 0.586111111111111 0.011111111111111072 0.019444444444444486
0 0.46944444444444444 0.5847222222222221 0.011111111111111072 0.022222222222222254
0 0.5097222222222222 0.5895833333333333 0.008333333333333304 0.015277777777777724
0 0.5212962962962964 0.5833333333333333 0.00925925925925919 0.01388888888888895
0 0.6106481481481482 0.6458333333333333 0.017592592592592604 0.01666666666666672
0 0.6666666666666667 0.6166666666666667 0.007407407407407418 0.011111111111111072
