0 0.06851851851851852 0.6138888888888889 0.005555555555555564 0.005555555555555536
0 0.17083333333333334 0.6006944444444444 0.008333333333333331 0.015277777777777724
0 0.17731481481481481 0.6111111111111112 0.013888888888888895 0.019444444444444486
0 0.18935185185185185 0.6083333333333334 0.00462962962962965 0.011111111111111183
0 0.20416666666666666 0.6076388888888888 0.008333333333333331 0.012500000000000067
0 0.2138888888888889 0.60625 0.00740740740740739 0.009722222222222299
0 0.21944444444444444 0.6097222222222223 0.005555555555555536 0.008333333333333415
0 0.35185185185185186 0.5979166666666667 0.003703703703703709 0.015277777777777724
0 0.5597222222222222 0.6111111111111112 0.04166666666666674 0.07777777777777783
0 0.6731481481481482 0.6180555555555556 0.040740740740740744 0.08333333333333337
0 0.3263888888888889 0.6027777777777777 0.00462962962962965 0.005555555555555536
0 0.0412037037037037 0.6048611111111111 0.004629629629629629 0.00694444444444442
0 0.5976851851851852 0.6187499999999999 0.019444444444444486 0.03472222222222221
