0 0.2712962962962963 0.6381944444444445 0.007407407407407418 0.009722222222222299
0 0.2837962962962963 0.6361111111111111 0.00833333333333336 0.005555555555555536
0 0.2925925925925926 0.6375 0.005555555555555591 0.008333333333333415
0 0.40740740740740744 0.6131944444444444 0.003703703703703709 0.009722222222222299
0 0.41666666666666663 0.6145833333333334 0.005555555555555591 0.009722222222222188
0 0.4476851851851852 0.6111111111111112 0.0064814814814815325 0.005555555555555647
0 0.4888888888888889 0.6097222222222223 0.005555555555555536 0.008333333333333415
0 0.5 0.6048611111111111 0.005555555555555536 0.00694444444444442
0 0.5504629629629629 0.6375 0.045370370370370394 0.0722222222222223
0 0.7 0.5840277777777778 0.042592592592592626 0.05972222222222223
0 0.7666666666666666 0.5777777777777777 0.04814814814814816 0.07777777777777783
0 0.8865740740740742 0.5708333333333333 0.030555555555555558 0.047222222222222165
0 0.9675925925925926 0.5368055555555555 0.03888888888888886 0.06805555555555554
