0 0.17453703703703705 0.5819444444444444 0.021296296296296285 0.033333333333333326
0 0.2064814814814815 0.5798611111111112 0.007407407407407418 0.02083333333333337
0 0.23194444444444445 0.5972222222222222 0.008333333333333331 0.016666666666666607
0 0.29166666666666663 0.5916666666666667 0.0314814814814815 0.061111111111111116
0 0.37777777777777777 0.6020833333333333 0.011111111111111127 0.015277777777777835
0 0.38935185185185184 0.5916666666666667 0.012037037037037013 0.022222222222222143
0 0.43425925925925923 0.5680555555555555 0.01296296296296301 0.022222222222222254
0 0.46296296296296297 0.5743055555555556 0.012962962962962954 0.023611111111111138
0 0.4828703703703704 0.5951388888888889 0.010185185185185186 0.01805555555555549
0 0.48657407407407405 0.5777777777777777 0.012037037037037013 0.01388888888888895
0 0.5046296296296295 0.5875 0.007407407407407418 0.016666666666666607
0 0.5125 0.5944444444444444 0.008333333333333415 0.019444444444444375
0 0.5347222222222223 0.5833333333333333 0.010185185185185186 0.01388888888888895
0 0.6393518518518518 0.5687500000000001 0.019444444444444375 0.03472222222222221
0 0.8550925925925926 0.5874999999999999 0.02314814814814814 0.022222222222222254
0 0.9819444444444444 0.6076388888888888 0.02314814814814814 0.03472222222222221
