0 0.49583333333333335 0.5125 0.0009259259259259411 0.005555555555555536
0 0.48518518518518516 0.48541666666666666 0.003703703703703709 0.009722222222222188
0 0.4087962962962963 0.4881944444444445 0.006481481481481477 0.009722222222222243
0 0.4175925925925926 0.48541666666666666 0.0018518518518518268 0.009722222222222188
0 0.4532407407407407 0.5152777777777777 0.004629629629629595 0.011111111111111183
0 0.4703703703703703 0.5083333333333333 0.003703703703703709 0.011111111111111072
0 0.24953703703703703 0.4756944444444444 0.004629629629629595 0.015277777777777779
0 0.21712962962962962 0.4673611111111111 0.008333333333333331 0.009722222222222188
0 0.21064814814814814 0.4652777777777778 0.0046296296296296224 0.005555555555555536
0 0.20740740740740743 0.4951388888888889 0.0111111111111111 0.015277777777777779
0 0.18287037037037038 0.5006944444444444 0.006481481481481477 0.015277777777777724
0 0.18009259259259258 0.4673611111111111 0.010185185185185186 0.015277777777777779
0 0.1652777777777778 0.4673611111111111 0.008333333333333331 0.009722222222222188
0 0.15740740740740738 0.5083333333333333 0.005555555555555564 0.011111111111111072
0 0.0962962962962963 0.5006944444444444 0.005555555555555564 0.009722222222222188
0 0.08287037037037037 0.5034722222222222 0.0046296296296296224 0.012499999999999956
0 0.04212962962962963 0.5013888888888889 0.008333333333333331 0.016666666666666607
0 0.039351851851851846 0.5416666666666667 0.015740740740740743 0.019444444444444486
