0 0.017592592592592594 0.5625 0.03518518518518519 0.05277777777777781
0 0.07777777777777778 0.6152777777777778 0.037037037037037035 0.03888888888888886
0 0.27685185185185185 0.61875 0.029629629629629672 0.04583333333333339
0 0.3041666666666667 0.6048611111111111 0.01944444444444443 0.029166666666666674
0 0.399537037037037 0.5875 0.012037037037037013 0.016666666666666607
0 0.4310185185185185 0.5874999999999999 0.019444444444444486 0.025000000000000022
0 0.46296296296296297 0.5951388888888889 0.007407407407407418 0.009722222222222188
0 0.4662037037037037 0.5881944444444445 0.00833333333333336 0.012499999999999956
0 0.4759259259259259 0.6006944444444444 0.012962962962962954 0.015277777777777724
0 0.4902777777777778 0.5986111111111111 0.015740740740740777 0.019444444444444375
0 0.5023148148148149 0.5895833333333333 0.01388888888888895 0.026388888888888906
0 0.5736111111111111 0.5993055555555555 0.015740740740740722 0.02083333333333337
0 0.6050925925925925 0.5972222222222223 0.015740740740740722 0.025000000000000022
0 0.7222222222222222 0.5923611111111111 0.025925925925925908 0.03472222222222232
0 0.7981481481481482 0.601388888888889 0.051851851851851816 0.10555555555555551
0 0.9731481481481481 0.5618055555555556 0.02962962962962956 0.04861111111111116
0 0.38101851851851853 0.6048611111111111 0.006481481481481477 0.012500000000000067
