0 0.22592592592592592 0.6847222222222222 0.005555555555555564 0.011111111111111072
0 0.27361111111111114 0.6479166666666667 0.006481481481481477 0.00694444444444442
0 0.2837962962962963 0.6375 0.004629629629629595 0.008333333333333415
0 0.29074074074074074 0.6375 0.005555555555555536 0.008333333333333415
0 0.4300925925925926 0.625 0.00462962962962965 0.005555555555555536
0 0.4615740740740741 0.6159722222222223 0.002777777777777768 0.004166666666666652
0 0.4814814814814815 0.6180555555555556 0.005555555555555591 0.011111111111111072
0 0.4935185185185185 0.6104166666666666 0.005555555555555536 0.012500000000000067
0 0.5740740740740741 0.6097222222222223 0.0092592592592593 0.011111111111111183
0 0.7444444444444445 0.5458333333333334 0.025925925925925908 0.022222222222222254
0 0.7935185185185185 0.5840277777777778 0.029629629629629672 0.03749999999999998
0 0.5912037037037037 0.6041666666666666 0.0064814814814815325 0.008333333333333304
