0 0.3416666666666667 0.5680555555555555 0.007407407407407418 0.011111111111111072
0 0.3490740740740741 0.5631944444444444 0.005555555555555591 0.012499999999999956
0 0.3648148148148148 0.5645833333333333 0.007407407407407418 0.009722222222222188
0 0.4027777777777778 0.5583333333333333 0.016666666666666663 0.02777777777777779
0 0.5282407407407408 0.5444444444444445 0.0064814814814814214 0.011111111111111183
0 0.537037037037037 0.5402777777777777 0.007407407407407418 0.008333333333333304
0 0.6074074074074074 0.5493055555555555 0.007407407407407418 0.009722222222222299
0 0.625925925925926 0.5326388888888889 0.007407407407407418 0.009722222222222188
0 0.7875000000000001 0.5138888888888888 0.021296296296296258 0.022222222222222254
0 0.4268518518518518 0.5597222222222222 0.005555555555555591 0.008333333333333304
0 0.5865740740740741 0.5416666666666666 0.00462962962962965 0.005555555555555536
0 0.5824074074074075 0.5444444444444445 0.0037037037037036535 0.005555555555555647
