0 0.39861111111111114 0.2701388888888889 0.023148148148148195 0.06805555555555554
0 0.45416666666666666 0.45763888888888893 0.025000000000000022 0.04583333333333334
0 0.5990740740740741 0.54375 0.012962962962962954 0.023611111111111138
0 0.6222222222222222 0.5104166666666667 0.014814814814814836 0.029166666666666674
0 0.7699074074074075 0.4076388888888889 0.025000000000000022 0.043055555555555514
0 0.8217592592592593 0.46805555555555556 0.019444444444444486 0.02777777777777779
0 0.9805555555555556 0.5444444444444445 0.00925925925925919 0.019444444444444486
0 0.9347222222222222 0.5201388888888889 0.015740740740740722 0.026388888888888906
0 0.5087962962962963 0.6569444444444444 0.008333333333333304 0.011111111111111072
0 0.16898148148148148 0.6583333333333333 0.010185185185185186 0.016666666666666607
0 0.12222222222222223 0.7381944444444445 0.00555555555555555 0.00694444444444442
0 0.15462962962962962 0.7270833333333333 0.005555555555555564 0.00694444444444442
