0 0.48842592592592593 0.5229166666666667 0.006481481481481477 0.03194444444444444
0 0.5101851851851852 0.5284722222222222 0.005555555555555536 0.026388888888888906
0 0.41574074074074074 0.5416666666666667 0.012962962962962954 0.02777777777777779
0 0.7444444444444445 0.6048611111111111 0.011111111111111072 0.02083333333333337
0 0.6587962962962963 0.5645833333333333 0.010185185185185186 0.01805555555555549
0 0.8796296296296297 0.5152777777777777 0.014814814814814836 0.025000000000000022
0 0.9356481481481481 0.6659722222222222 0.008333333333333304 0.012500000000000067
0 0.9541666666666666 0.6673611111111111 0.010185185185185186 0.015277777777777835
0 0.9814814814814815 0.6493055555555556 0.011111111111111072 0.015277777777777724
0 0.9935185185185185 0.6368055555555556 0.00925925925925919 0.015277777777777835
0 0.7277777777777777 0.6819444444444445 0.005555555555555536 0.011111111111111072
0 0.8027777777777778 0.7201388888888889 0.005555555555555536 0.009722222222222188
0 0.5736111111111111 0.7166666666666667 0.002777777777777768 0.005555555555555536
0 0.5625 0.7152777777777778 0.002777777777777768 0.005555555555555536
0 0.5763888888888888 0.71875 0.002777777777777768 0.00694444444444442
0 0.13796296296296295 0.7180555555555556 0.003703703703703709 0.005555555555555536
