0 0.40925925925925927 0.5527777777777778 0.014814814814814836 0.030555555555555558
0 0.612037037037037 0.5361111111111112 0.014814814814814836 0.02777777777777779
0 0.7430555555555556 0.47777777777777775 0.01388888888888884 0.0222222222222222
0 0.09537037037037038 0.65625 0.011111111111111113 0.01805555555555549
0 0.3296296296296296 0.48541666666666666 0.009259259259259245 0.03472222222222221
0 0.3731481481481481 0.5104166666666667 0.011111111111111127 0.029166666666666674
0 0.38472222222222224 0.5354166666666667 0.010185185185185186 0.02083333333333326
0 0.5384259259259259 0.5493055555555555 0.01388888888888895 0.02083333333333337
0 0.9726851851851852 0.5486111111111112 0.010185185185185186 0.01388888888888895
0 0.9037037037037037 0.6111111111111112 0.005555555555555536 0.008333333333333415
0 0.8726851851851851 0.6138888888888889 0.00462962962962965 0.008333333333333304
0 0.8685185185185185 0.6298611111111111 0.007407407407407418 0.009722222222222188
0 0.7939814814814814 0.64375 0.00462962962962965 0.012500000000000067
0 0.7171296296296297 0.6083333333333334 0.0064814814814814214 0.011111111111111183
0 0.7032407407407407 0.6145833333333334 0.0064814814814815325 0.009722222222222188
0 0.6902777777777778 0.6125 0.004629629629629539 0.011111111111111183
0 0.674537037037037 0.6125 0.0064814814814815325 0.011111111111111183
0 0.6402777777777777 0.6638888888888889 0.002777777777777879 0.005555555555555536
0 0.5097222222222222 0.6493055555555556 0.0064814814814814214 0.009722222222222188
