0 0.9759259259259259 0.5590277777777778 0.00925925925925919 0.012499999999999956
0 0.9731481481481481 0.5638888888888889 0.007407407407407418 0.011111111111111072
0 0.9592592592592593 0.5701388888888889 0.0092592592592593 0.012499999999999956
0 0.9166666666666667 0.4618055555555556 0.01666666666666672 0.02916666666666662
0 0.7574074074074074 0.4875 0.016666666666666607 0.025000000000000022
0 0.7930555555555556 0.64375 0.0064814814814814214 0.012500000000000067
0 0.7453703703703705 0.6138888888888889 0.007407407407407418 0.011111111111111183
0 0.7106481481481481 0.5361111111111112 0.01388888888888884 0.022222222222222254
0 0.6606481481481481 0.6291666666666667 0.008333333333333415 0.011111111111111072
0 0.6402777777777777 0.6104166666666666 0.008333333333333415 0.015277777777777835
0 0.6194444444444445 0.6409722222222223 0.007407407407407418 0.009722222222222299
0 0.5689814814814815 0.538888888888889 0.015740740740740722 0.022222222222222254
0 0.4981481481481481 0.5180555555555555 0.01481481481481478 0.019444444444444486
0 0.5111111111111111 0.6590277777777778 0.007407407407407418 0.012499999999999956
0 0.3074074074074074 0.5270833333333333 0.022222222222222254 0.023611111111111138
0 0.16574074074074074 0.64375 0.012962962962962954 0.018055555555555602
0 0.11435185185185184 0.6499999999999999 0.012037037037037027 0.019444444444444486
0 0.09814814814814815 0.6416666666666666 0.009259259259259259 0.019444444444444486
