0 0.1597222222222222 0.6020833333333333 0.013888888888888867 0.023611111111111138
0 0.2606481481481482 0.5930555555555556 0.021296296296296313 0.03333333333333344
0 0.4527777777777778 0.5784722222222223 0.02777777777777779 0.043055555555555514
0 0.49351851851851847 0.5166666666666666 0.01481481481481478 0.019444444444444486
0 0.5981481481481481 0.49583333333333335 0.011111111111111183 0.016666666666666663
0 0.65 0.4770833333333333 0.016666666666666607 0.023611111111111083
0 0.6824074074074074 0.4805555555555555 0.012962962962962954 0.0222222222222222
0 0.7407407407407407 0.4770833333333333 0.01851851851851849 0.023611111111111083
0 0.3768518518518519 0.5659722222222222 0.018518518518518545 0.023611111111111027
0 0.41203703703703703 0.5305555555555556 0.007407407407407418 0.01388888888888884
0 0.42685185185185187 0.5291666666666667 0.007407407407407418 0.011111111111111072
0 0.4648148148148148 0.5284722222222222 0.007407407407407363 0.012499999999999956
0 0.4736111111111111 0.5340277777777778 0.010185185185185186 0.009722222222222188
0 0.18564814814814815 0.5979166666666667 0.006481481481481477 0.015277777777777724
0 0.5166666666666666 0.5208333333333333 0.011111111111111183 0.01666666666666672
