0 0.4537037037037037 0.5458333333333334 0.018518518518518545 0.02777777777777779
0 0.6041666666666666 0.5125 0.017592592592592604 0.030555555555555558
0 0.5638888888888889 0.4618055555555556 0.011111111111111072 0.03194444444444444
0 0.35138888888888886 0.5256944444444445 0.010185185185185186 0.029166666666666674
0 0.8875 0.48819444444444443 0.017592592592592604 0.029166666666666674
0 0.5523148148148149 0.5430555555555556 0.010185185185185186 0.025000000000000022
0 0.5273148148148148 0.5284722222222222 0.010185185185185186 0.023611111111111027
0 0.8004629629629629 0.6166666666666667 0.0064814814814814214 0.011111111111111072
0 0.9282407407407407 0.6006944444444444 0.00462962962962965 0.00694444444444442
0 0.013425925925925924 0.7604166666666666 0.004629629629629628 0.00694444444444442
0 0.14583333333333331 0.7368055555555555 0.0046296296296296224 0.006944444444444531
0 0.5069444444444444 0.6840277777777778 0.00462962962962965 0.00694444444444442
0 0.9300925925925927 0.6104166666666666 0.00462962962962965 0.006944444444444531
0 0.7560185185185184 0.6173611111111111 0.00462962962962965 0.00694444444444442
0 0.735648148148148 0.6145833333333334 0.00462962962962965 0.009722222222222188
