0 0.6717592592592593 0.4534722222222222 0.02129629629629637 0.026388888888888906
0 0.5597222222222222 0.5125 0.019444444444444375 0.030555555555555558
0 0.4666666666666667 0.41041666666666665 0.02777777777777779 0.04583333333333334
0 0.32592592592592595 0.6965277777777779 0.01296296296296301 0.023611111111111138
0 0.8731481481481481 0.6388888888888888 0.0092592592592593 0.01388888888888895
0 0.8527777777777779 0.6368055555555556 0.007407407407407418 0.012500000000000067
0 0.8027777777777778 0.6458333333333333 0.007407407407407418 0.01388888888888895
0 0.7657407407407407 0.5972222222222222 0.0092592592592593 0.01388888888888884
0 0.2847222222222222 0.625 0.008333333333333304 0.019444444444444375
0 0.6277777777777778 0.6381944444444445 0.005555555555555536 0.009722222222222299
0 0.5925925925925926 0.6222222222222222 0.005555555555555536 0.011111111111111072
0 0.125 0.7395833333333334 0.00555555555555555 0.00694444444444442
