0 0.2680555555555556 0.5777777777777777 0.013888888888888895 0.02777777777777779
0 0.5055555555555555 0.6520833333333333 0.005555555555555536 0.012499999999999956
0 0.09953703703703703 0.7354166666666666 0.0046296296296296224 0.006944444444444531
0 0.9870370370370369 0.5416666666666667 0.007407407407407418 0.01388888888888895
0 0.9425925925925926 0.6083333333333334 0.0037037037037036535 0.008333333333333415
0 0.724537037037037 0.49583333333333335 0.0064814814814814214 0.01944444444444443
0 0.6560185185185186 0.5263888888888889 0.00462962962962965 0.016666666666666607
0 0.5435185185185185 0.4951388888888889 0.005555555555555536 0.020833333333333315
0 0.4587962962962963 0.6916666666666667 0.002777777777777768 0.005555555555555536
0 0.3643518518518518 0.6277777777777778 0.004629629629629595 0.016666666666666607
0 0.03611111111111111 0.75625 0.003703703703703702 0.004166666666666652
0 0.06157407407407407 0.7722222222222223 0.002777777777777775 0.005555555555555536
