0 0.6523148148148148 0.37777777777777777 0.026851851851851904 0.05277777777777781
0 0.49398148148148147 0.44027777777777777 0.030555555555555614 0.041666666666666685
0 0.3699074074074074 0.46458333333333335 0.030555555555555558 0.048611111111111105
0 0.26296296296296295 0.2826388888888889 0.020370370370370372 0.048611111111111105
0 0.6018518518518519 0.4423611111111111 0.03703703703703698 0.05416666666666664
0 0.9847222222222223 0.7 0.002777777777777879 0.005555555555555536
0 0.9643518518518519 0.69375 0.002777777777777879 0.004166666666666652
0 0.9532407407407407 0.7069444444444445 0.002777777777777768 0.005555555555555536
0 0.9032407407407408 0.6777777777777778 0.00462962962962965 0.008333333333333304
0 0.837962962962963 0.6722222222222223 0.005555555555555647 0.008333333333333415
0 0.813425925925926 0.6923611111111111 0.00462962962962965 0.00694444444444442
0 0.7967592592592593 0.71875 0.0064814814814815325 0.009722222222222188
0 0.7939814814814815 0.6965277777777777 0.002777777777777768 0.00694444444444442
