0 0.1537037037037037 0.47152777777777777 0.020370370370370372 0.048611111111111105
0 0.2759259259259259 0.47430555555555554 0.029629629629629617 0.04305555555555557
0 0.3138888888888889 0.4875 0.025925925925925908 0.04166666666666663
0 0.42083333333333334 0.5201388888888889 0.021296296296296258 0.03472222222222221
0 0.6916666666666667 0.4284722222222222 0.016666666666666607 0.03194444444444444
0 0.8226851851851852 0.44722222222222224 0.019444444444444375 0.030555555555555558
0 0.9805555555555556 0.5402777777777779 0.00925925925925919 0.01666666666666672
0 0.1449074074074074 0.65 0.010185185185185186 0.016666666666666607
0 0.19444444444444445 0.6493055555555556 0.005555555555555536 0.02083333333333337
0 0.7314814814814815 0.6097222222222223 0.005555555555555536 0.01388888888888895
0 0.7217592592592592 0.6201388888888889 0.0064814814814814214 0.012499999999999956
0 0.5638888888888889 0.6416666666666666 0.007407407407407307 0.011111111111111183
0 0.5282407407407408 0.6402777777777777 0.00462962962962965 0.011111111111111183
