0 0.9143518518518519 0.46944444444444444 0.01388888888888884 0.022222222222222254
0 0.7796296296296297 0.4652777777777778 0.01666666666666672 0.030555555555555558
0 0.7555555555555555 0.4701388888888889 0.014814814814814836 0.026388888888888906
0 0.6958333333333333 0.48680555555555555 0.017592592592592604 0.03194444444444444
0 0.4810185185185185 0.4895833333333333 0.015740740740740722 0.029166666666666674
0 0.5074074074074074 0.5708333333333333 0.014814814814814836 0.022222222222222254
0 0.5773148148148148 0.5562499999999999 0.008333333333333304 0.026388888888888906
0 0.04722222222222222 0.6430555555555555 0.011111111111111113 0.022222222222222254
0 0.10648148148148148 0.6645833333333333 0.009259259259259259 0.015277777777777835
0 0.21481481481481482 0.6472222222222221 0.009259259259259245 0.019444444444444486
0 0.9699074074074074 0.55625 0.008333333333333304 0.012499999999999956
0 0.8708333333333333 0.6375 0.008333333333333304 0.01388888888888895
0 0.8532407407407407 0.6347222222222222 0.008333333333333304 0.01388888888888895
0 0.8828703703703704 0.6138888888888889 0.002777777777777768 0.005555555555555536
0 0.8277777777777777 0.6229166666666667 0.0037037037037036535 0.00694444444444442
0 0.24861111111111112 0.7152777777777778 0.00462962962962965 0.008333333333333304
0 0.12731481481481483 0.7395833333333334 0.0027777777777777957 0.00694444444444442
