0 0.8402777777777778 0.5208333333333333 0.017592592592592604 0.030555555555555558
0 0.6319444444444444 0.5291666666666666 0.02314814814814814 0.033333333333333326
0 0.5421296296296296 0.4701388888888889 0.017592592592592604 0.054166666666666696
0 0.34675925925925927 0.4493055555555555 0.030555555555555558 0.048611111111111105
0 0.4671296296296296 0.4701388888888889 0.015740740740740722 0.040277777777777746
0 0.23379629629629628 0.6736111111111112 0.008333333333333331 0.01388888888888895
0 0.8847222222222222 0.6875 0.00462962962962965 0.008333333333333304
0 0.8851851851851852 0.6777777777777778 0.005555555555555536 0.008333333333333304
0 0.8231481481481482 0.68125 0.0037037037037036535 0.009722222222222188
0 0.7847222222222223 0.6888888888888889 0.00462962962962965 0.008333333333333304
0 0.7759259259259259 0.69375 0.0037037037037037646 0.00694444444444442
0 0.8060185185185185 0.7173611111111111 0.00462962962962965 0.00694444444444442
0 0.7481481481481482 0.675 0.0037037037037036535 0.008333333333333415
0 0.6986111111111111 0.6826388888888889 0.00462962962962965 0.009722222222222188
0 0.7273148148148147 0.6881944444444444 0.00462962962962965 0.004166666666666652
0 0.7208333333333333 0.7236111111111111 0.004629629629629539 0.008333333333333304
0 0.21666666666666667 0.65625 0.005555555555555564 0.012499999999999956
0 0.19212962962962965 0.71875 0.0046296296296296224 0.00694444444444442
0 0.26990740740740743 0.7229166666666667 0.002777777777777768 0.00694444444444442
0 0.06157407407407407 0.6784722222222221 0.006481481481481477 0.015277777777777835
