0 0.4115740740740741 0.4618055555555556 0.02870370370370373 0.04305555555555557
0 0.35555555555555557 0.48541666666666666 0.025925925925925908 0.03472222222222221
0 0.7726851851851853 0.32569444444444445 0.025000000000000022 0.056944444444444464
0 0.3111111111111111 0.5673611111111112 0.016666666666666663 0.029166666666666674
0 0.42962962962962964 0.4673611111111111 0.01851851851851849 0.03749999999999998
0 0.6347222222222222 0.6888888888888889 0.0064814814814814214 0.008333333333333304
0 0.6518518518518519 0.6819444444444445 0.005555555555555647 0.011111111111111072
0 0.6958333333333333 0.6791666666666667 0.00462962962962965 0.008333333333333304
0 0.686574074074074 0.6847222222222222 0.00462962962962965 0.008333333333333304
0 0.5912037037037037 0.6868055555555556 0.0064814814814815325 0.012499999999999956
0 0.5157407407407407 0.6958333333333333 0.005555555555555536 0.011111111111111072
0 0.5319444444444444 0.7131944444444445 0.004629629629629539 0.00694444444444442
0 0.5263888888888888 0.7145833333333333 0.00462962962962965 0.00694444444444442
0 0.549537037037037 0.7131944444444445 0.004629629629629539 0.00694444444444442
0 0.24074074074074076 0.6743055555555555 0.009259259259259273 0.015277777777777835
0 0.08194444444444444 0.6868055555555556 0.008333333333333331 0.012499999999999956
0 0.09351851851851853 0.6763888888888889 0.007407407407407404 0.01388888888888895
0 0.8064814814814815 0.7180555555555556 0.005555555555555536 0.011111111111111072
0 0.837962962962963 0.6708333333333334 0.005555555555555647 0.008333333333333415
0 0.6208333333333333 0.6909722222222222 0.0064814814814815325 0.009722222222222188
0 0.5416666666666667 0.7118055555555556 0.0037037037037036535 0.00694444444444442
0 0.45231481481481484 0.7208333333333333 0.002777777777777768 0.005555555555555536
0 0.13287037037037036 0.6548611111111111 0.0046296296296296224 0.015277777777777724
0 0.19212962962962962 0.7270833333333333 0.002777777777777768 0.00694444444444442
