0 0.9638888888888888 0.5013888888888889 0.02777777777777779 0.03888888888888892
0 0.8726851851851851 0.6916666666666667 0.00462962962962965 0.008333333333333304
0 0.8402777777777777 0.6861111111111111 0.00462962962962965 0.008333333333333304
0 0.7726851851851853 0.48194444444444445 0.019444444444444486 0.03888888888888886
0 0.7662037037037037 0.6902777777777778 0.002777777777777768 0.008333333333333304
0 0.6990740740740741 0.6798611111111111 0.005555555555555536 0.009722222222222188
0 0.6796296296296296 0.6881944444444444 0.005555555555555647 0.009722222222222188
0 0.7282407407407407 0.6791666666666667 0.004629629629629539 0.008333333333333304
0 0.6245370370370371 0.5708333333333333 0.015740740740740722 0.019444444444444486
0 0.5587962962962962 0.523611111111111 0.019444444444444486 0.030555555555555558
0 0.24814814814814815 0.6645833333333333 0.009259259259259245 0.012499999999999956
0 0.1652777777777778 0.6368055555555556 0.01203703703703704 0.018055555555555602
0 0.07175925925925926 0.6708333333333334 0.010185185185185186 0.01388888888888895
