0 0.3509259259259259 0.4916666666666667 0.051851851851851816 0.07777777777777778
0 0.8967592592592593 0.4666666666666667 0.04351851851851851 0.07777777777777778
0 0.8449074074074074 0.5479166666666666 0.036111111111111094 0.054166666666666585
0 0.6152777777777778 0.47638888888888886 0.03981481481481486 0.03888888888888892
0 0.6412037037037037 0.5145833333333333 0.05092592592592593 0.048611111111111105
0 0.5574074074074074 0.5472222222222223 0.01666666666666672 0.025000000000000022
0 0.49444444444444446 0.5506944444444444 0.016666666666666663 0.023611111111111138
0 0.4708333333333333 0.5569444444444445 0.008333333333333304 0.01388888888888884
0 0.45879629629629626 0.5590277777777778 0.00833333333333336 0.012499999999999956
0 0.9569444444444444 0.5486111111111112 0.021296296296296258 0.06666666666666676
0 0.6976851851851852 0.54375 0.012037037037037068 0.02083333333333337
0 0.43518518518518523 0.5555555555555556 0.003703703703703709 0.008333333333333304
