0 0.8046296296296296 0.5083333333333333 0.022222222222222254 0.03333333333333338
0 0.5138888888888888 0.5284722222222222 0.011111111111111183 0.029166666666666674
0 0.6337962962962963 0.6881944444444444 0.0064814814814815325 0.009722222222222188
0 0.9013888888888888 0.4027777777777778 0.010185185185185186 0.030555555555555558
0 0.8305555555555555 0.6881944444444444 0.0037037037037036535 0.00694444444444442
0 0.849537037037037 0.6798611111111111 0.002777777777777879 0.00694444444444442
0 0.6037037037037037 0.6958333333333333 0.005555555555555536 0.011111111111111072
0 0.39722222222222225 0.7020833333333334 0.005555555555555591 0.006944444444444531
0 0.38611111111111107 0.7118055555555556 0.003703703703703709 0.00694444444444442
0 0.35185185185185186 0.7277777777777777 0.003703703703703709 0.005555555555555536
0 0.20879629629629629 0.6659722222222222 0.010185185185185186 0.015277777777777835
0 0.12222222222222222 0.6611111111111111 0.00740740740740739 0.016666666666666607
0 0.10462962962962963 0.6527777777777778 0.007407407407407404 0.016666666666666607
0 0.012962962962962963 0.6736111111111112 0.005555555555555553 0.01388888888888895
