0 0.3768518518518518 0.44791666666666663 0.020370370370370372 0.04305555555555557
0 0.3324074074074074 0.5270833333333333 0.016666666666666663 0.03194444444444444
0 0.3125 0.5680555555555555 0.01388888888888884 0.030555555555555558
0 0.8999999999999999 0.5708333333333333 0.007407407407407418 0.01388888888888884
0 0.8546296296296296 0.6381944444444445 0.007407407407407307 0.012500000000000067
0 0.8023148148148149 0.64375 0.010185185185185186 0.012500000000000067
0 0.7819444444444444 0.5923611111111111 0.008333333333333304 0.012499999999999956
0 0.7421296296296296 0.6118055555555555 0.008333333333333415 0.012500000000000067
0 0.7300925925925926 0.6076388888888888 0.008333333333333304 0.012500000000000067
0 0.7097222222222223 0.6131944444444444 0.008333333333333304 0.015277777777777835
0 0.6935185185185185 0.6236111111111111 0.0092592592592593 0.011111111111111072
0 0.6611111111111112 0.6291666666666667 0.007407407407407418 0.011111111111111072
0 0.6231481481481482 0.63125 0.007407407407407418 0.012499999999999956
