0 0.0824074074074074 0.6673611111111111 0.012962962962962968 0.02083333333333337
0 0.13194444444444445 0.6375 0.013888888888888895 0.019444444444444486
0 0.2925925925925926 0.5298611111111111 0.011111111111111127 0.029166666666666674
0 0.31851851851851853 0.5229166666666667 0.009259259259259245 0.026388888888888906
0 0.5055555555555555 0.5006944444444444 0.020370370370370372 0.034722222222222265
0 0.7078703703703704 0.48680555555555555 0.019444444444444375 0.03194444444444444
0 0.8041666666666667 0.3951388888888889 0.02314814814814814 0.03749999999999998
0 0.7949074074074074 0.46944444444444444 0.017592592592592604 0.025000000000000022
0 0.9787037037037036 0.5458333333333334 0.011111111111111183 0.01666666666666672
0 0.9972222222222222 0.5305555555555556 0.005555555555555536 0.022222222222222143
0 0.6689814814814815 0.625 0.0064814814814815325 0.011111111111111072
0 0.6171296296296296 0.5979166666666667 0.00462962962962965 0.009722222222222188
0 0.11388888888888889 0.7416666666666667 0.003703703703703709 0.005555555555555536
