0 0.9703703703703703 0.5486111111111112 0.00925925925925919 0.01388888888888895
0 0.9884259259259259 0.5513888888888889 0.004629629629629539 0.011111111111111183
0 0.7893518518518519 0.5249999999999999 0.01388888888888884 0.019444444444444486
0 0.6939814814814815 0.5361111111111112 0.017592592592592493 0.022222222222222254
0 0.7097222222222221 0.5361111111111111 0.010185185185185186 0.01388888888888884
0 0.6791666666666667 0.5340277777777778 0.01388888888888884 0.01805555555555549
0 0.5328703703703703 0.5111111111111111 0.019444444444444486 0.025000000000000022
0 0.4740740740740741 0.51875 0.012962962962962954 0.023611111111111138
0 0.14305555555555555 0.6506944444444445 0.010185185185185186 0.015277777777777724
0 0.056944444444444436 0.6729166666666666 0.012037037037037034 0.015277777777777835
0 0.5708333333333333 0.6486111111111111 0.0064814814814815325 0.008333333333333304
