0 0.5009259259259259 0.4131944444444444 0.029629629629629617 0.05138888888888887
0 0.5953703703703703 0.49930555555555556 0.024074074074074026 0.034722222222222265
0 0.38796296296296295 0.45486111111111116 0.0314814814814815 0.048611111111111105
0 0.33518518518518514 0.4423611111111111 0.0314814814814815 0.0402777777777778
0 0.8814814814814815 0.3208333333333333 0.03888888888888886 0.06388888888888894
0 0.09814814814814815 0.6555555555555556 0.009259259259259259 0.016666666666666607
0 0.15555555555555556 0.6861111111111111 0.009259259259259245 0.01388888888888884
0 0.3962962962962963 0.48819444444444443 0.012962962962962954 0.026388888888888906
0 0.7231481481481481 0.7166666666666667 0.005555555555555647 0.005555555555555536
0 0.8032407407407407 0.7152777777777778 0.0064814814814814214 0.005555555555555536
0 0.775 0.6944444444444444 0.005555555555555536 0.005555555555555536
0 0.7944444444444445 0.6868055555555556 0.0037037037037036535 0.00694444444444442
0 0.8240740740740741 0.6805555555555556 0.005555555555555536 0.008333333333333304
0 0.23935185185185187 0.675 0.008333333333333331 0.011111111111111183
0 0.43333333333333335 0.7027777777777777 0.005555555555555536 0.005555555555555647
0 0.46990740740740744 0.7090277777777778 0.004629629629629595 0.00694444444444442
0 0.6273148148148149 0.6861111111111111 0.00462962962962965 0.008333333333333304
0 0.06342592592592593 0.6736111111111112 0.006481481481481484 0.01388888888888895
0 0.034722222222222224 0.648611111111111 0.006481481481481484 0.01666666666666672
