0 0.9537037037037037 0.525 0.08148148148148149 0.14444444444444443
0 0.5708333333333333 0.49722222222222223 0.03425925925925921 0.050000000000000044
0 0.5175925925925926 0.5284722222222222 0.05925925925925929 0.0708333333333333
0 0.6430555555555555 0.5416666666666667 0.025000000000000022 0.04166666666666663
0 0.787037037037037 0.5201388888888889 0.014814814814814725 0.023611111111111138
0 0.3842592592592593 0.5541666666666667 0.016666666666666663 0.019444444444444486
0 0.4449074074074074 0.5513888888888889 0.013888888888888895 0.025000000000000022
0 0.3101851851851852 0.5458333333333334 0.012962962962962954 0.022222222222222254
0 0.8 0.5402777777777779 0.011111111111111183 0.025000000000000022
0 0.6888888888888889 0.5520833333333333 0.011111111111111072 0.03472222222222221
