0 0.6328703703703704 0.54375 0.017592592592592604 0.026388888888888906
0 0.6791666666666667 0.5506944444444444 0.01388888888888884 0.029166666666666674
0 0.5453703703703704 0.586111111111111 0.014814814814814836 0.01666666666666672
0 0.5106481481481482 0.5527777777777778 0.017592592592592604 0.025000000000000022
0 0.7902777777777779 0.5513888888888889 0.0064814814814814214 0.022222222222222254
0 0.8032407407407407 0.5423611111111111 0.010185185185185186 0.018055555555555602
0 0.9134259259259259 0.5180555555555555 0.01388888888888895 0.022222222222222254
0 0.6009259259259259 0.5847222222222221 0.014814814814814725 0.022222222222222254
0 0.5611111111111111 0.5763888888888888 0.011111111111111072 0.019444444444444486
0 0.9851851851851852 0.5090277777777777 0.012962962962962954 0.012499999999999956
