0 0.3402777777777778 0.56875 0.006481481481481477 0.009722222222222188
0 0.3490740740740741 0.5631944444444444 0.005555555555555591 0.009722222222222188
0 0.37037037037037035 0.5680555555555555 0.011111111111111127 0.022222222222222254
0 0.461574074074074 0.5597222222222222 0.006481481481481477 0.011111111111111072
0 0.4666666666666667 0.5541666666666667 0.007407407407407418 0.011111111111111072
0 0.5300925925925926 0.5451388888888888 0.0064814814814814214 0.012500000000000067
0 0.6967592592592593 0.5326388888888889 0.012037037037036957 0.02083333333333326
0 0.587037037037037 0.5381944444444444 0.0037037037037037646 0.00694444444444442
0 0.5907407407407408 0.5423611111111111 0.0037037037037036535 0.00694444444444442
0 0.7337962962962963 0.5548611111111111 0.010185185185185186 0.015277777777777724
0 0.7041666666666666 0.525 0.0064814814814814214 0.01388888888888884
0 0.49444444444444446 0.5520833333333334 0.005555555555555591 0.009722222222222188
0 0.48564814814814816 0.5527777777777778 0.00462962962962965 0.008333333333333304
