0 0.19861111111111113 0.5777777777777777 0.01944444444444446 0.033333333333333326
0 0.45925925925925926 0.5520833333333333 0.025925925925925908 0.03749999999999998
0 0.5037037037037037 0.5076388888888889 0.02407407407407408 0.0319444444444445
0 0.3638888888888889 0.5680555555555555 0.007407407407407418 0.01388888888888884
0 0.3699074074074074 0.5659722222222222 0.008333333333333304 0.01805555555555549
0 0.4375 0.5354166666666667 0.008333333333333304 0.012499999999999956
0 0.5708333333333333 0.5131944444444445 0.019444444444444486 0.029166666666666674
0 0.8013888888888889 0.4625 0.008333333333333304 0.016666666666666663
0 0.28703703703703703 0.5534722222222223 0.0092592592592593 0.012499999999999956
0 0.30694444444444446 0.5381944444444444 0.004629629629629595 0.00694444444444442
