0 0.28194444444444444 0.5506944444444444 0.017592592592592604 0.026388888888888906
0 0.337037037037037 0.5333333333333333 0.009259259259259245 0.01388888888888884
0 0.33379629629629626 0.5569444444444445 0.013888888888888895 0.022222222222222254
0 0.3680555555555556 0.5527777777777778 0.00833333333333336 0.01388888888888895
0 0.3819444444444444 0.5562499999999999 0.013888888888888895 0.023611111111111138
0 0.39166666666666666 0.5527777777777778 0.011111111111111072 0.022222222222222254
0 0.42962962962962964 0.5631944444444444 0.014814814814814836 0.026388888888888795
0 0.47916666666666663 0.5652777777777778 0.013888888888888895 0.019444444444444375
0 0.5069444444444444 0.5868055555555556 0.0064814814814815325 0.00694444444444442
0 0.5361111111111112 0.5888888888888889 0.007407407407407418 0.011111111111111072
0 0.5708333333333333 0.5902777777777778 0.002777777777777768 0.005555555555555536
0 0.575925925925926 0.5916666666666667 0.0018518518518518823 0.005555555555555536
