0 0.19351851851851853 0.5680555555555555 0.00740740740740739 0.016666666666666607
0 0.32916666666666666 0.5784722222222223 0.008333333333333304 0.012500000000000067
0 0.3041666666666667 0.5763888888888888 0.0027777777777778234 0.005555555555555647
0 0.3402777777777778 0.5798611111111112 0.006481481481481477 0.009722222222222299
0 0.3592592592592593 0.5805555555555555 0.007407407407407418 0.011111111111111183
0 0.40601851851851856 0.5798611111111112 0.004629629629629595 0.009722222222222299
0 0.4731481481481481 0.5708333333333333 0.003703703703703709 0.008333333333333304
0 0.5101851851851852 0.5791666666666666 0.011111111111111072 0.019444444444444486
0 0.5222222222222221 0.5743055555555556 0.007407407407407418 0.012500000000000067
0 0.6578703703703703 0.5527777777777778 0.010185185185185186 0.02777777777777779
0 0.8412037037037037 0.5541666666666667 0.021296296296296258 0.025000000000000022
0 0.8731481481481482 0.5611111111111111 0.01851851851851849 0.02499999999999991
0 0.3657407407407407 0.575 0.003703703703703709 0.005555555555555536
