0 0.7740740740740741 0.5680555555555555 0.022222222222222254 0.033333333333333326
0 0.8189814814814815 0.5555555555555556 0.012037037037036957 0.025000000000000022
0 0.7625 0.5354166666666667 0.01388888888888895 0.02083333333333326
0 0.6972222222222222 0.5756944444444445 0.007407407407407418 0.015277777777777835
0 0.7268518518518519 0.5659722222222222 0.005555555555555536 0.02083333333333326
0 0.5435185185185185 0.5701388888888889 0.005555555555555536 0.012499999999999956
0 0.3824074074074074 0.5847222222222223 0.003703703703703709 0.008333333333333304
0 0.41435185185185186 0.5777777777777777 0.00462962962962965 0.005555555555555647
0 0.399537037037037 0.5715277777777777 0.002777777777777768 0.00694444444444442
0 0.499537037037037 0.5743055555555556 0.006481481481481477 0.012500000000000067
0 0.5615740740740741 0.56875 0.008333333333333304 0.01805555555555549
0 0.6847222222222222 0.5826388888888889 0.0064814814814815325 0.012500000000000067
0 0.6685185185185185 0.5645833333333333 0.007407407407407418 0.012499999999999956
0 0.7398148148148148 0.5618055555555556 0.012962962962963065 0.02083333333333326
0 0.8592592592592593 0.5743055555555556 0.014814814814814836 0.02083333333333337
0 0.9277777777777778 0.5743055555555556 0.011111111111111072 0.03749999999999998
