0 0.07361111111111111 0.51875 0.01203703703703704 0.02083333333333337
0 0.2175925925925926 0.5034722222222222 0.007407407407407418 0.015277777777777724
0 0.30324074074074076 0.5097222222222222 0.002777777777777768 0.011111111111111072
0 0.37870370370370365 0.49722222222222223 0.003703703703703709 0.011111111111111127
0 0.45416666666666666 0.46875 0.008333333333333304 0.00694444444444442
0 0.46064814814814814 0.5034722222222222 0.00462962962962965 0.009722222222222188
0 0.5111111111111111 0.4979166666666667 0.011111111111111183 0.015277777777777779
0 0.5671296296296297 0.50625 0.008333333333333304 0.015277777777777724
0 0.5805555555555555 0.5020833333333333 0.007407407407407418 0.012499999999999956
0 0.5925925925925926 0.46458333333333335 0.007407407407407418 0.00694444444444442
0 0.5129629629629631 0.47638888888888886 0.007407407407407418 0.00833333333333336
0 0.6921296296296297 0.4805555555555555 0.008333333333333304 0.011111111111111127
0 0.7833333333333333 0.47638888888888886 0.005555555555555536 0.00833333333333336
0 0.7625 0.46597222222222223 0.008333333333333415 0.012500000000000011
0 0.8180555555555555 0.48541666666666666 0.008333333333333304 0.009722222222222188
0 0.8865740740740741 0.4951388888888889 0.004629629629629539 0.009722222222222243
0 0.8814814814814815 0.48888888888888893 0.0037037037037036535 0.00833333333333336
0 0.11064814814814815 0.4930555555555556 0.008333333333333331 0.013888888888888895
0 0.13240740740740742 0.5166666666666666 0.00740740740740739 0.011111111111111183
0 0.950462962962963 0.4673611111111111 0.004629629629629539 0.012499999999999956
0 0.862037037037037 0.48680555555555555 0.0037037037037037646 0.00694444444444442
