0 0.26157407407407407 0.4756944444444444 0.024999999999999994 0.04583333333333334
0 0.5810185185185185 0.5277777777777777 0.017592592592592604 0.02777777777777779
0 0.7444444444444445 0.4013888888888889 0.025925925925925908 0.03888888888888892
0 0.8759259259259259 0.4375 0.020370370370370372 0.02777777777777779
0 0.11805555555555555 0.6395833333333334 0.013888888888888895 0.015277777777777835
0 0.525462962962963 0.60625 0.010185185185185186 0.015277777777777835
0 0.46759259259259256 0.6513888888888889 0.005555555555555591 0.011111111111111072
0 0.662037037037037 0.6125 0.007407407407407418 0.011111111111111183
0 0.6902777777777778 0.6201388888888889 0.0064814814814815325 0.012499999999999956
0 0.7134259259259259 0.6194444444444445 0.0064814814814815325 0.011111111111111072
0 0.6194444444444445 0.63125 0.007407407407407418 0.012499999999999956
0 0.23564814814814816 0.6270833333333333 0.006481481481481505 0.012499999999999956
