0 0.5222222222222221 0.5326388888888889 0.01666666666666672 0.026388888888888795
0 0.549537037037037 0.5027777777777778 0.017592592592592604 0.024999999999999967
0 0.9337962962962962 0.5458333333333334 0.012037037037036957 0.01666666666666672
0 0.774537037037037 0.6055555555555556 0.0064814814814815325 0.011111111111111183
0 0.2828703703703704 0.6479166666666667 0.010185185185185186 0.018055555555555602
0 0.13842592592592592 0.7381944444444445 0.00462962962962965 0.00694444444444442
0 0.1462962962962963 0.7284722222222222 0.005555555555555564 0.00694444444444442
0 0.9078703703703703 0.6166666666666667 0.00462962962962965 0.008333333333333304
0 0.8037037037037037 0.64375 0.0092592592592593 0.012500000000000067
0 0.8541666666666667 0.6395833333333334 0.010185185185185186 0.018055555555555602
0 0.7282407407407407 0.5979166666666667 0.010185185185185186 0.015277777777777724
0 0.899537037037037 0.6125 0.00462962962962965 0.008333333333333415
0 0.8773148148148149 0.5375 0.008333333333333415 0.016666666666666607
