0 0.11388888888888889 0.6576388888888889 0.012962962962962954 0.02083333333333326
0 0.18935185185185185 0.6770833333333333 0.010185185185185186 0.015277777777777835
0 0.41574074074074074 0.38749999999999996 0.022222222222222254 0.04444444444444445
0 0.4537037037037037 0.4590277777777778 0.012962962962962954 0.0402777777777778
0 0.7023148148148148 0.4930555555555556 0.015740740740740722 0.027777777777777735
0 0.85 0.3770833333333333 0.029629629629629672 0.048611111111111105
0 0.9425925925925926 0.47291666666666665 0.01851851851851849 0.026388888888888906
0 0.675 0.6194444444444445 0.00925925925925919 0.011111111111111072
0 0.7731481481481481 0.5861111111111111 0.007407407407407418 0.01388888888888884
0 0.5666666666666667 0.6479166666666667 0.005555555555555536 0.009722222222222188
0 0.6902777777777778 0.6194444444444445 0.004629629629629539 0.011111111111111072
0 0.6208333333333333 0.6215277777777778 0.0064814814814815325 0.012499999999999956
