0 0.9875 0.5458333333333334 0.017592592592592604 0.0444444444444444
0 0.9296296296296296 0.7979166666666666 0.012962962962962954 0.02083333333333337
0 0.7310185185185185 0.7819444444444444 0.008333333333333304 0.011111111111111072
0 0.4828703703703704 0.8152777777777778 0.004629629629629595 0.008333333333333304
0 0.4949074074074074 0.8173611111111111 0.00462962962962965 0.00694444444444442
0 0.47453703703703703 0.8159722222222222 0.0064814814814815325 0.009722222222222188
0 0.5694444444444444 0.8159722222222222 0.005555555555555536 0.009722222222222188
0 0.6087962962962963 0.8145833333333333 0.00462962962962965 0.012499999999999956
0 0.42546296296296293 0.8194444444444444 0.006481481481481477 0.008333333333333304
0 0.4185185185185185 0.81875 0.005555555555555536 0.00694444444444442
0 0.3731481481481481 0.8270833333333334 0.005555555555555591 0.009722222222222299
0 0.3027777777777778 0.8381944444444445 0.003703703703703709 0.009722222222222188
