0 0.03564814814814815 0.6395833333333334 0.012037037037037034 0.018055555555555602
0 0.07500000000000001 0.6611111111111111 0.012962962962962968 0.016666666666666607
0 0.587037037037037 0.5465277777777777 0.012962962962962954 0.029166666666666674
0 0.6152777777777778 0.5340277777777778 0.015740740740740722 0.023611111111111027
0 0.7074074074074075 0.4756944444444444 0.01851851851851849 0.023611111111111083
0 0.8157407407407408 0.5048611111111111 0.016666666666666607 0.02083333333333326
0 0.9879629629629629 0.42569444444444443 0.022222222222222254 0.029166666666666674
0 0.5041666666666667 0.6493055555555556 0.0064814814814815325 0.009722222222222188
0 0.4726851851851852 0.6881944444444444 0.004629629629629595 0.00694444444444442
0 0.5375000000000001 0.6784722222222223 0.00462962962962965 0.00694444444444442
0 0.5652777777777778 0.6444444444444444 0.0064814814814815325 0.008333333333333415
0 0.6643518518518519 0.6208333333333333 0.0064814814814815325 0.01388888888888884
0 0.6481481481481481 0.6236111111111111 0.007407407407407418 0.01388888888888884
0 0.4513888888888889 0.7152777777777778 0.00462962962962965 0.005555555555555536
0 0.7962962962962963 0.5840277777777778 0.0092592592592593 0.012500000000000067
