0 0.5212962962962964 0.6833333333333333 0.007407407407407418 0.01388888888888884
0 0.5550925925925926 0.6729166666666666 0.008333333333333304 0.015277777777777835
0 0.5726851851851852 0.6763888888888889 0.0064814814814815325 0.011111111111111183
0 0.5902777777777777 0.6395833333333334 0.00462962962962965 0.009722222222222299
0 0.764351851851852 0.6798611111111111 0.00462962962962965 0.00694444444444442
0 0.7736111111111111 0.6819444444444445 0.0064814814814815325 0.011111111111111072
0 0.8703703703703703 0.6708333333333334 0.0092592592592593 0.01388888888888895
0 0.14583333333333331 0.6756944444444444 0.0046296296296296224 0.012500000000000067
0 0.9722222222222222 0.6819444444444445 0.0092592592592593 0.022222222222222254
0 0.37916666666666665 0.6673611111111111 0.00462962962962965 0.00694444444444442
0 0.36944444444444446 0.6715277777777777 0.003703703703703709 0.006944444444444531
0 0.33518518518518514 0.6729166666666666 0.003703703703703709 0.006944444444444531
0 0.35277777777777775 0.6729166666666666 0.003703703703703709 0.006944444444444531
0 0.08425925925925926 0.6659722222222222 0.0018518518518518545 0.00694444444444442
0 0.19305555555555556 0.6701388888888888 0.002777777777777768 0.009722222222222299
0 0.601388888888889 0.6618055555555555 0.00462962962962965 0.00694444444444442
