0 0.05324074074074074 0.5131944444444445 0.006481481481481477 0.012500000000000067
0 0.1736111111111111 0.50625 0.008333333333333331 0.012499999999999956
0 0.19166666666666665 0.46875 0.005555555555555564 0.00694444444444442
0 0.21064814814814814 0.46944444444444444 0.008333333333333331 0.016666666666666663
0 0.2574074074074074 0.4722222222222222 0.007407407407407418 0.016666666666666663
0 0.37962962962962965 0.5249999999999999 0.009259259259259245 0.019444444444444486
0 0.5152777777777777 0.5104166666666666 0.0064814814814814214 0.009722222222222188
0 0.7453703703703703 0.5145833333333334 0.005555555555555536 0.009722222222222299
0 0.7541666666666667 0.51875 0.00462962962962965 0.006944444444444531
0 0.7777777777777778 0.5194444444444444 0.0037037037037037646 0.008333333333333415
