0 0.8898148148148148 0.5979166666666667 0.033333333333333326 0.054166666666666696
0 0.9347222222222222 0.5895833333333333 0.02129629629629637 0.029166666666666674
0 0.4180555555555555 0.5840277777777778 0.013888888888888895 0.026388888888888906
0 0.49722222222222223 0.6027777777777779 0.012962962962962898 0.02777777777777779
0 0.4458333333333333 0.601388888888889 0.015740740740740777 0.02777777777777779
0 0.549074074074074 0.6055555555555556 0.01851851851851849 0.01666666666666672
0 0.8111111111111111 0.5986111111111111 0.02777777777777768 0.047222222222222276
0 0.6787037037037037 0.6076388888888888 0.0092592592592593 0.006944444444444531
0 0.3847222222222222 0.6131944444444444 0.004629629629629595 0.009722222222222299
0 0.35370370370370374 0.6277777777777778 0.003703703703703709 0.008333333333333304
