0 0.061111111111111116 0.5118055555555556 0.014814814814814815 0.029166666666666674
0 0.11990740740740741 0.49375 0.015740740740740736 0.018055555555555547
0 0.1648148148148148 0.5354166666666667 0.012962962962962982 0.01805555555555549
0 0.17731481481481481 0.5479166666666666 0.015740740740740722 0.03194444444444444
0 0.21203703703703702 0.5486111111111112 0.014814814814814808 0.02777777777777779
0 0.2685185185185185 0.5270833333333333 0.009259259259259245 0.023611111111111138
0 0.3699074074074074 0.5652777777777778 0.01388888888888884 0.019444444444444375
0 0.6398148148148148 0.5201388888888889 0.012962962962962954 0.02083333333333337
0 0.7671296296296296 0.5451388888888888 0.01388888888888884 0.012500000000000067
0 0.8407407407407408 0.5444444444444445 0.01666666666666672 0.011111111111111183
