0 0.6157407407407407 0.6812499999999999 0.022222222222222254 0.03749999999999998
0 0.5629629629629629 0.6618055555555555 0.02777777777777779 0.040277777777777746
0 0.5185185185185185 0.6506944444444445 0.0092592592592593 0.015277777777777724
0 0.49907407407407406 0.6395833333333334 0.012962962962962954 0.015277777777777835
0 0.4726851851851852 0.6243055555555556 0.010185185185185186 0.015277777777777724
0 0.4587962962962963 0.6229166666666667 0.010185185185185186 0.015277777777777724
0 0.4476851851851852 0.6652777777777779 0.015740740740740722 0.022222222222222254
0 0.4041666666666667 0.6243055555555556 0.017592592592592604 0.023611111111111027
0 0.3699074074074074 0.6451388888888889 0.01388888888888884 0.02083333333333337
0 0.3416666666666667 0.6256944444444444 0.012962962962962954 0.02083333333333326
0 0.35324074074074074 0.6236111111111111 0.008333333333333304 0.01388888888888884
0 0.3287037037037037 0.6298611111111111 0.007407407407407418 0.012499999999999956
0 0.2939814814814815 0.648611111111111 0.015740740740740777 0.025000000000000022
