0 0.4722222222222222 0.6486111111111111 0.033333333333333326 0.05277777777777781
0 0.5120370370370371 0.6465277777777778 0.029629629629629672 0.040277777777777746
0 0.6291666666666667 0.6673611111111111 0.015740740740740722 0.009722222222222299
0 0.6625000000000001 0.6791666666666667 0.015740740740740722 0.01666666666666672
0 0.75 0.648611111111111 0.022222222222222143 0.022222222222222254
0 0.8523148148148147 0.6708333333333334 0.04907407407407416 0.0722222222222223
0 0.33611111111111114 0.6590277777777778 0.046296296296296335 0.05972222222222223
0 0.2851851851851852 0.6923611111111111 0.027777777777777735 0.056944444444444464
0 0.2 0.6423611111111112 0.033333333333333354 0.05694444444444435
0 0.028703703703703703 0.6791666666666667 0.0425925925925926 0.050000000000000044
0 0.3787037037037037 0.6319444444444444 0.011111111111111072 0.01388888888888884
0 0.4009259259259259 0.6354166666666667 0.005555555555555591 0.012500000000000067
0 0.14953703703703702 0.6194444444444445 0.008333333333333331 0.01388888888888884
0 0.1587962962962963 0.6215277777777778 0.00833333333333336 0.015277777777777724
0 0.2763888888888889 0.6131944444444444 0.010185185185185186 0.009722222222222299
0 0.5560185185185185 0.648611111111111 0.01388888888888895 0.019444444444444486
