0 0.8912037037037037 0.5604166666666667 0.028703703703703676 0.043055555555555625
0 0.6796296296296296 0.5687500000000001 0.024074074074074026 0.040277777777777746
0 0.7074074074074075 0.5555555555555556 0.007407407407407418 0.01388888888888884
0 0.6287037037037038 0.5486111111111112 0.011111111111111183 0.01666666666666672
0 0.5652777777777778 0.5347222222222222 0.012037037037037068 0.016666666666666607
0 0.5064814814814815 0.5527777777777778 0.00925925925925919 0.01666666666666672
0 0.5462962962962963 0.5576388888888889 0.005555555555555536 0.009722222222222188
0 0.5324074074074074 0.5541666666666667 0.005555555555555536 0.01666666666666672
0 0.4037037037037037 0.5645833333333333 0.007407407407407363 0.009722222222222188
0 0.34259259259259256 0.5590277777777778 0.007407407407407363 0.012499999999999956
0 0.44351851851851853 0.5631944444444444 0.007407407407407418 0.012499999999999956
0 0.42824074074074076 0.5631944444444444 0.00462962962962965 0.012499999999999956
0 0.47916666666666663 0.5479166666666666 0.00833333333333336 0.015277777777777835
0 0.4574074074074074 0.5583333333333333 0.005555555555555591 0.008333333333333304
