0 0.24583333333333335 0.5798611111111112 0.008333333333333331 0.006944444444444531
0 0.2740740740740741 0.5618055555555556 0.01851851851851849 0.029166666666666563
0 0.32175925925925924 0.5645833333333333 0.010185185185185186 0.015277777777777724
0 0.3101851851851852 0.5666666666666667 0.007407407407407418 0.016666666666666607
0 0.3319444444444445 0.5597222222222222 0.006481481481481477 0.008333333333333304
0 0.336574074074074 0.5694444444444444 0.006481481481481477 0.01388888888888884
0 0.3550925925925926 0.5673611111111111 0.00833333333333336 0.015277777777777724
0 0.4574074074074074 0.5722222222222222 0.005555555555555591 0.008333333333333304
0 0.5435185185185185 0.5631944444444444 0.005555555555555536 0.012499999999999956
0 0.5537037037037038 0.5611111111111111 0.007407407407407418 0.016666666666666607
0 0.5689814814814815 0.5625 0.0064814814814814214 0.01388888888888884
0 0.575925925925926 0.5659722222222222 0.0092592592592593 0.01805555555555549
0 0.6009259259259259 0.5638888888888889 0.007407407407407418 0.011111111111111072
0 0.6523148148148148 0.5381944444444444 0.028703703703703676 0.07638888888888884
0 0.8824074074074073 0.5611111111111111 0.02777777777777779 0.04166666666666674
0 0.9398148148148149 0.5333333333333333 0.014814814814814725 0.02499999999999991
