0 0.8699074074074074 0.5486111111111112 0.01388888888888895 0.01666666666666672
0 0.6578703703703703 0.5770833333333334 0.015740740740740722 0.026388888888888906
0 0.7652777777777777 0.5770833333333334 0.0064814814814814214 0.012500000000000067
0 0.7810185185185186 0.5694444444444444 0.008333333333333304 0.011111111111111072
0 0.5342592592592592 0.554861111111111 0.014814814814814725 0.029166666666666674
0 0.49953703703703706 0.5638888888888889 0.01388888888888895 0.02499999999999991
0 0.40509259259259256 0.5784722222222223 0.00833333333333336 0.018055555555555602
0 0.4217592592592593 0.5743055555555556 0.010185185185185186 0.018055555555555602
0 0.38657407407407407 0.5673611111111111 0.012037037037037068 0.01805555555555549
0 0.36203703703703705 0.5743055555555555 0.003703703703703709 0.00694444444444442
0 0.9736111111111111 0.5159722222222223 0.017592592592592604 0.02083333333333337
