0 0.7495370370370371 0.7215277777777778 0.036111111111111094 0.0625
0 0.5986111111111112 0.6569444444444444 0.030555555555555558 0.047222222222222276
0 0.499537037037037 0.725 0.028703703703703676 0.050000000000000044
0 0.35185185185185186 0.6979166666666666 0.033333333333333326 0.0708333333333333
0 0.44953703703703707 0.6701388888888888 0.021296296296296313 0.03194444444444444
0 0.3537037037037037 0.6152777777777778 0.012962962962962954 0.019444444444444486
0 0.9333333333333333 0.6833333333333333 0.050000000000000044 0.06388888888888888
0 0.21064814814814814 0.6222222222222222 0.01203703703703704 0.01388888888888884
0 0.22268518518518518 0.63125 0.006481481481481477 0.012499999999999956
0 0.16898148148148148 0.6236111111111111 0.010185185185185186 0.011111111111111072
