0 0.02222222222222222 0.5229166666666667 0.01111111111111111 0.018055555555555602
0 0.05879629629629629 0.5194444444444444 0.012037037037037034 0.019444444444444486
0 0.08935185185185185 0.5215277777777778 0.010185185185185186 0.015277777777777835
0 0.1509259259259259 0.5215277777777778 0.009259259259259273 0.015277777777777835
0 0.20833333333333331 0.5159722222222223 0.009259259259259273 0.015277777777777835
0 0.21898148148148147 0.50625 0.006481481481481477 0.012499999999999956
0 0.2337962962962963 0.5076388888888889 0.006481481481481477 0.012499999999999956
0 0.4986111111111111 0.4673611111111111 0.008333333333333304 0.012499999999999956
0 0.5736111111111111 0.5020833333333333 0.008333333333333304 0.012499999999999956
0 0.7833333333333334 0.525 0.012962962962962954 0.016666666666666607
0 0.8736111111111111 0.49930555555555556 0.008333333333333304 0.009722222222222188
0 0.8148148148148149 0.4881944444444445 0.0037037037037036535 0.012500000000000011
