0 0.30833333333333335 0.5972222222222222 0.003703703703703709 0.008333333333333304
0 0.3337962962962963 0.6055555555555556 0.002777777777777768 0.008333333333333415
0 0.37037037037037035 0.6083333333333334 0.005555555555555591 0.008333333333333415
0 0.4550925925925926 0.6222222222222222 0.008333333333333304 0.008333333333333304
0 0.46944444444444444 0.6243055555555556 0.005555555555555536 0.004166666666666652
0 0.5064814814814815 0.63125 0.007407407407407418 0.012499999999999956
0 0.538888888888889 0.6381944444444445 0.007407407407407418 0.009722222222222299
0 0.7722222222222223 0.6527777777777777 0.0092592592592593 0.02777777777777779
0 0.788888888888889 0.6569444444444444 0.01666666666666672 0.022222222222222143
0 0.7050925925925926 0.6527777777777778 0.008333333333333304 0.01388888888888884
0 0.6430555555555555 0.63125 0.00462962962962965 0.004166666666666652
