0 0.09537037037037037 0.6097222222222223 0.022222222222222227 0.047222222222222165
0 0.14212962962962963 0.6145833333333333 0.02314814814814814 0.03472222222222221
0 0.27083333333333337 0.5923611111111111 0.013888888888888895 0.02083333333333326
0 0.30138888888888893 0.5756944444444445 0.012037037037037013 0.02083333333333337
0 0.3856481481481482 0.5743055555555556 0.006481481481481477 0.009722222222222299
0 0.48796296296296293 0.5701388888888889 0.011111111111111127 0.015277777777777724
0 0.5013888888888889 0.5715277777777779 0.010185185185185242 0.018055555555555602
0 0.5013888888888889 0.6465277777777778 0.021296296296296313 0.03194444444444444
0 0.5180555555555555 0.5847222222222221 0.0064814814814814214 0.01388888888888895
0 0.7824074074074074 0.6361111111111111 0.029629629629629672 0.02777777777777779
