0 0.8828703703703704 0.6840277777777778 0.017592592592592604 0.023611111111111027
0 0.8462962962962963 0.6631944444444444 0.011111111111111072 0.02083333333333337
0 0.7361111111111112 0.6652777777777779 0.01851851851851849 0.025000000000000022
0 0.7625 0.6548611111111111 0.010185185185185186 0.015277777777777724
0 0.6944444444444444 0.64375 0.007407407407407418 0.012500000000000067
0 0.7185185185185186 0.6361111111111111 0.007407407407407418 0.01666666666666672
0 0.6666666666666667 0.6430555555555555 0.007407407407407418 0.01388888888888895
0 0.6416666666666666 0.6368055555555556 0.011111111111111183 0.015277777777777835
0 0.524537037037037 0.6152777777777778 0.010185185185185186 0.01666666666666672
0 0.4837962962962963 0.6256944444444444 0.00833333333333336 0.015277777777777724
0 0.46944444444444444 0.6159722222222221 0.0092592592592593 0.015277777777777835
0 0.4356481481481481 0.6097222222222223 0.006481481481481477 0.011111111111111183
0 0.33425925925925926 0.6055555555555556 0.005555555555555536 0.008333333333333415
0 0.30046296296296293 0.5951388888888889 0.004629629629629595 0.00694444444444442
0 0.45925925925925926 0.6159722222222223 0.005555555555555536 0.009722222222222188
0 0.625 0.6326388888888889 0.005555555555555536 0.009722222222222188
0 0.500925925925926 0.6326388888888889 0.007407407407407418 0.012499999999999956
0 0.5601851851851851 0.6458333333333333 0.011111111111111183 0.01388888888888895
