0 0.6273148148148149 0.5472222222222223 0.026851851851851793 0.033333333333333326
0 0.6833333333333333 0.5104166666666667 0.012962962962962954 0.02083333333333337
0 0.5384259259259259 0.4986111111111111 0.010185185185185186 0.013888888888888895
0 0.4597222222222222 0.48888888888888893 0.010185185185185186 0.011111111111111127
0 0.9555555555555555 0.51875 0.011111111111111183 0.015277777777777835
0 0.936574074074074 0.5229166666666667 0.0064814814814814214 0.009722222222222188
0 0.5587962962962963 0.4847222222222222 0.002777777777777768 0.005555555555555536
0 0.5560185185185185 0.48680555555555555 0.002777777777777879 0.004166666666666652
0 0.5638888888888889 0.5090277777777777 0.0037037037037037646 0.004166666666666652
0 0.586111111111111 0.5083333333333333 0.0037037037037036535 0.005555555555555536
0 0.3263888888888889 0.49583333333333335 0.002777777777777768 0.005555555555555536
0 0.28981481481481486 0.4951388888888889 0.003703703703703709 0.006944444444444475
0 0.07685185185185185 0.4916666666666667 0.005555555555555564 0.011111111111111127
0 0.01388888888888889 0.4881944444444445 0.007407407407407408 0.015277777777777779
