0 0.33472222222222225 0.6055555555555556 0.004629629629629595 0.008333333333333415
0 0.37037037037037035 0.6090277777777777 0.005555555555555591 0.009722222222222299
0 0.4217592592592593 0.6138888888888889 0.00833333333333336 0.01388888888888895
0 0.4717592592592592 0.6277777777777778 0.006481481481481477 0.011111111111111072
0 0.49398148148148147 0.6152777777777778 0.00833333333333336 0.01666666666666672
0 0.4546296296296296 0.6215277777777778 0.005555555555555591 0.009722222222222188
0 0.4388888888888889 0.6229166666666667 0.005555555555555536 0.009722222222222188
0 0.5685185185185184 0.6305555555555555 0.007407407407407418 0.011111111111111072
0 0.6018518518518519 0.6395833333333334 0.011111111111111072 0.015277777777777835
0 0.6944444444444444 0.6381944444444445 0.007407407407407418 0.018055555555555602
