0 0.1513888888888889 0.58125 0.023148148148148168 0.03749999999999998
0 0.30833333333333335 0.5659722222222222 0.012962962962962954 0.02083333333333326
0 0.3375 0.5770833333333334 0.00833333333333336 0.012500000000000067
0 0.35138888888888886 0.5819444444444444 0.00833333333333336 0.01388888888888895
0 0.375462962962963 0.5791666666666666 0.00833333333333336 0.01666666666666672
0 0.40324074074074073 0.5770833333333334 0.00462962962962965 0.009722222222222299
0 0.5666666666666667 0.5770833333333334 0.011111111111111072 0.026388888888888906
0 0.5796296296296297 0.5715277777777777 0.007407407407407418 0.012499999999999956
0 0.7976851851851852 0.5597222222222222 0.010185185185185186 0.030555555555555558
0 0.7967592592592592 0.5444444444444445 0.010185185185185186 0.025000000000000022
0 0.8337962962962963 0.5347222222222223 0.02314814814814814 0.033333333333333326
0 0.34490740740740744 0.5736111111111111 0.004629629629629595 0.005555555555555536
