0 0.9875 0.6659722222222222 0.019444444444444486 0.029166666666666674
0 0.9328703703703703 0.6618055555555555 0.02314814814814814 0.03749999999999998
0 0.8245370370370371 0.6652777777777779 0.021296296296296258 0.03888888888888886
0 0.836111111111111 0.7333333333333333 0.0444444444444444 0.06388888888888888
0 0.7800925925925926 0.6513888888888888 0.026851851851851793 0.033333333333333326
0 0.7481481481481482 0.6972222222222222 0.042592592592592626 0.08333333333333337
0 0.7138888888888889 0.6840277777777777 0.024074074074074137 0.03194444444444444
0 0.6935185185185185 0.6590277777777778 0.011111111111111072 0.03194444444444444
0 0.649074074074074 0.6708333333333334 0.020370370370370372 0.025000000000000022
0 0.49953703703703706 0.6819444444444445 0.019444444444444486 0.03888888888888886
0 0.350462962962963 0.6298611111111111 0.017592592592592604 0.015277777777777724
0 0.3962962962962963 0.6444444444444444 0.020370370370370372 0.030555555555555558
0 0.25277777777777777 0.6631944444444444 0.011111111111111127 0.023611111111111138
0 0.23657407407407408 0.6722222222222223 0.012037037037037013 0.025000000000000022
0 0.20555555555555555 0.6256944444444444 0.0111111111111111 0.023611111111111027
0 0.2449074074074074 0.6208333333333333 0.01203703703703704 0.016666666666666607
0 0.1638888888888889 0.6180555555555556 0.009259259259259245 0.008333333333333304
0 0.19537037037037036 0.6326388888888889 0.00740740740740739 0.012499999999999956
0 0.28240740740740744 0.6201388888888889 0.011111111111111127 0.02083333333333326
0 0.3074074074074074 0.6388888888888888 0.01666666666666672 0.033333333333333326
0 0.20925925925925926 0.648611111111111 0.012962962962962954 0.019444444444444486
0 0.02222222222222222 0.6138888888888889 0.007407407407407408 0.008333333333333304
0 0.11944444444444444 0.6201388888888889 0.009259259259259259 0.012499999999999956
0 0.10416666666666666 0.6215277777777778 0.004629629629629636 0.009722222222222188
0 0.04814814814814815 0.6111111111111112 0.009259259259259259 0.01388888888888895
0 0.17268518518518516 0.6180555555555556 0.008333333333333331 0.019444444444444486
0 0.42916666666666664 0.6409722222222223 0.010185185185185186 0.015277777777777835
