0 0.7430555555555556 0.47291666666666665 0.002777777777777768 0.009722222222222243
0 0.6231481481481481 0.46805555555555556 0.005555555555555536 0.011111111111111072
0 0.5833333333333333 0.5048611111111111 0.007407407407407418 0.012499999999999956
0 0.5736111111111111 0.46597222222222223 0.0064814814814814214 0.00694444444444442
0 0.562962962962963 0.4861111111111111 0.005555555555555536 0.011111111111111072
0 0.5208333333333334 0.4770833333333333 0.008333333333333304 0.015277777777777779
0 0.49953703703703706 0.46597222222222223 0.010185185185185186 0.012500000000000011
0 0.4564814814814815 0.4666666666666667 0.0092592592592593 0.011111111111111072
0 0.49444444444444446 0.5048611111111111 0.003703703703703709 0.009722222222222188
0 0.4185185185185185 0.5069444444444444 0.003703703703703709 0.008333333333333304
0 0.37777777777777777 0.4784722222222222 0.005555555555555536 0.012500000000000011
0 0.2185185185185185 0.5048611111111111 0.00740740740740739 0.012499999999999956
0 0.05 0.5305555555555556 0.01296296296296296 0.019444444444444375
0 0.774537037037037 0.48333333333333334 0.012037037037037068 0.022222222222222254
0 0.8625 0.48680555555555555 0.0064814814814814214 0.009722222222222188
0 0.9495370370370371 0.46805555555555556 0.0064814814814814214 0.01388888888888884
