0 0.4009259259259259 0.6097222222222223 0.009259259259259245 0.008333333333333415
0 0.412962962962963 0.6180555555555556 0.0018518518518518268 0.005555555555555536
0 0.42314814814814816 0.6111111111111112 0.003703703703703709 0.005555555555555647
0 0.4273148148148148 0.6076388888888888 0.00462962962962965 0.012500000000000067
0 0.4337962962962963 0.6131944444444444 0.008333333333333304 0.012500000000000067
0 0.44074074074074077 0.6125 0.003703703703703709 0.005555555555555536
0 0.45 0.6145833333333333 0.007407407407407418 0.012500000000000067
0 0.461574074074074 0.6145833333333334 0.006481481481481477 0.009722222222222188
0 0.475 0.6104166666666666 0.007407407407407418 0.009722222222222299
0 0.5115740740740741 0.6125 0.008333333333333304 0.011111111111111183
0 0.6981481481481482 0.5784722222222223 0.012962962962962954 0.02083333333333337
0 0.48935185185185187 0.6152777777777778 0.002777777777777768 0.005555555555555536
