0 0.38935185185185184 0.6284722222222222 0.010185185185185186 0.004166666666666652
0 0.43194444444444446 0.6125 0.002777777777777768 0.005555555555555536
0 0.475925925925926 0.6194444444444445 0.003703703703703709 0.005555555555555536
0 0.5046296296296297 0.6159722222222223 0.0037037037037037646 0.009722222222222188
0 0.5523148148148148 0.6076388888888888 0.004629629629629539 0.012500000000000067
0 0.6421296296296297 0.6 0.015740740740740722 0.016666666666666607
0 0.5763888888888888 0.6006944444444444 0.0064814814814814214 0.012499999999999956
0 0.5953703703703703 0.6048611111111111 0.005555555555555536 0.009722222222222299
0 0.5907407407407408 0.6083333333333334 0.0018518518518518823 0.002777777777777879
0 0.586111111111111 0.6104166666666666 0.0018518518518518823 0.004166666666666763
