0 0.3787037037037037 0.6243055555555556 0.012962962962962954 0.012499999999999956
0 0.40555555555555556 0.6159722222222223 0.0092592592592593 0.012499999999999956
0 0.4185185185185185 0.61875 0.007407407407407418 0.009722222222222188
0 0.4666666666666667 0.6006944444444444 0.014814814814814836 0.023611111111111138
0 0.5087962962962963 0.5958333333333333 0.008333333333333304 0.019444444444444375
0 0.5310185185185186 0.5930555555555556 0.010185185185185186 0.019444444444444375
0 0.5472222222222223 0.6083333333333334 0.005555555555555647 0.011111111111111183
0 0.5564814814814815 0.6097222222222223 0.0037037037037037646 0.008333333333333415
0 0.5625 0.6111111111111112 0.002777777777777768 0.005555555555555647
0 0.6013888888888889 0.6041666666666666 0.002777777777777768 0.002777777777777768
0 0.6402777777777777 0.5930555555555556 0.002777777777777879 0.005555555555555536
