0 0.34351851851851856 0.6284722222222222 0.037037037037037035 0.07638888888888884
0 0.4449074074074074 0.5597222222222222 0.05277777777777776 0.07222222222222219
0 0.2652777777777778 0.6312500000000001 0.028703703703703676 0.03749999999999998
0 0.125 0.6402777777777777 0.02407407407407408 0.030555555555555558
0 0.2 0.825 0.029629629629629645 0.03888888888888886
0 0.5398148148148149 0.6131944444444444 0.005555555555555536 0.009722222222222299
0 0.562962962962963 0.6076388888888888 0.005555555555555536 0.009722222222222299
0 0.5546296296296296 0.6097222222222223 0.005555555555555647 0.008333333333333415
0 0.5962962962962963 0.6076388888888888 0.0018518518518518823 0.004166666666666763
0 0.6138888888888889 0.5993055555555555 0.0037037037037036535 0.012499999999999956
0 0.5740740740740741 0.6041666666666666 0.0037037037037037646 0.005555555555555536
0 0.5712962962962963 0.6034722222222222 0.0018518518518517713 0.004166666666666652
