0 0.42453703703703705 0.5944444444444444 0.01944444444444443 0.036111111111111205
0 0.5060185185185184 0.5951388888888889 0.00462962962962965 0.012499999999999956
0 0.49212962962962964 0.5888888888888889 0.00462962962962965 0.008333333333333304
0 0.4546296296296296 0.6027777777777777 0.003703703703703709 0.005555555555555536
0 0.3912037037037037 0.6006944444444444 0.00833333333333336 0.009722222222222188
0 0.3861111111111111 0.5951388888888889 0.005555555555555536 0.012499999999999956
0 0.3666666666666667 0.6013888888888889 0.005555555555555591 0.008333333333333304
0 0.3537037037037037 0.5993055555555555 0.005555555555555536 0.012499999999999956
0 0.31574074074074077 0.5972222222222222 0.005555555555555591 0.008333333333333304
0 0.37962962962962965 0.6034722222222222 0.003703703703703709 0.004166666666666652
0 0.3763888888888889 0.5993055555555555 0.002777777777777768 0.004166666666666652
