0 0.9402777777777778 0.42500000000000004 0.09351851851851856 0.1388888888888889
0 0.6550925925925926 0.5902777777777778 0.03425925925925932 0.05555555555555558
0 0.44537037037037036 0.601388888888889 0.020370370370370372 0.025000000000000022
0 0.36898148148148147 0.5944444444444444 0.013888888888888895 0.022222222222222143
0 0.3837962962962963 0.5979166666666667 0.008333333333333304 0.01805555555555549
0 0.41574074074074074 0.6 0.011111111111111072 0.01388888888888884
0 0.3930555555555556 0.5944444444444444 0.006481481481481477 0.011111111111111072
0 0.3384259259259259 0.6013888888888889 0.002777777777777768 0.008333333333333304
0 0.31527777777777777 0.5972222222222222 0.006481481481481477 0.005555555555555536
0 0.2833333333333333 0.5861111111111111 0.003703703703703709 0.008333333333333304
