0 0.09444444444444444 0.6180555555555556 0.007407407407407404 0.008333333333333304
0 0.10601851851851851 0.6097222222222223 0.004629629629629636 0.008333333333333415
0 0.11805555555555555 0.6097222222222223 0.008333333333333331 0.008333333333333415
0 0.13657407407407407 0.6104166666666666 0.008333333333333331 0.009722222222222299
0 0.16944444444444445 0.6541666666666667 0.05000000000000002 0.06666666666666665
0 0.20185185185185184 0.6138888888888889 0.005555555555555564 0.008333333333333304
0 0.5324074074074074 0.5979166666666667 0.01666666666666672 0.026388888888888906
0 0.6134259259259258 0.6118055555555555 0.010185185185185186 0.02083333333333337
0 0.6601851851851852 0.6034722222222222 0.020370370370370372 0.029166666666666674
0 0.6856481481481481 0.6069444444444445 0.01388888888888884 0.02777777777777779
0 0.8203703703703704 0.5791666666666666 0.014814814814814725 0.02777777777777779
0 0.06111111111111111 0.6048611111111111 0.003703703703703695 0.00694444444444442
0 0.0824074074074074 0.6208333333333333 0.00555555555555555 0.005555555555555536
0 0.14351851851851852 0.6138888888888889 0.005555555555555536 0.008333333333333304
0 0.2847222222222222 0.6076388888888888 0.00462962962962965 0.004166666666666763
0 0.22962962962962963 0.6055555555555556 0.003703703703703709 0.008333333333333415
0 0.3189814814814815 0.6097222222222223 0.002777777777777768 0.008333333333333415
0 0.7986111111111112 0.6159722222222223 0.008333333333333415 0.012499999999999956
0 0.9055555555555556 0.5868055555555556 0.005555555555555536 0.00694444444444442
