0 0.250462962962963 0.60625 0.006481481481481477 0.012500000000000067
0 0.27222222222222225 0.6111111111111112 0.005555555555555591 0.008333333333333415
0 0.29398148148148145 0.6159722222222223 0.010185185185185186 0.012499999999999956
0 0.33564814814814814 0.6291666666666667 0.04166666666666663 0.047222222222222276
0 0.3837962962962963 0.6222222222222222 0.008333333333333304 0.01388888888888884
0 0.4083333333333333 0.6333333333333333 0.009259259259259245 0.019444444444444486
0 0.42546296296296293 0.6243055555555556 0.012037037037037013 0.02083333333333326
0 0.4810185185185185 0.6159722222222221 0.015740740740740722 0.026388888888888906
0 0.5037037037037037 0.6138888888888889 0.01481481481481478 0.025000000000000022
0 0.5291666666666667 0.5770833333333334 0.008333333333333304 0.012500000000000067
0 0.562962962962963 0.6020833333333333 0.020370370370370372 0.03194444444444444
0 0.5949074074074074 0.5930555555555556 0.0064814814814814214 0.011111111111111072
0 0.6444444444444444 0.6388888888888888 0.01851851851851849 0.025000000000000022
0 0.712962962962963 0.6354166666666667 0.02777777777777779 0.04583333333333328
0 0.925 0.6097222222222223 0.014814814814814836 0.025000000000000022
