0 0.8611111111111112 0.4638888888888889 0.024074074074074026 0.04444444444444445
0 0.7935185185185185 0.4840277777777778 0.02777777777777779 0.040277777777777746
0 0.3819444444444444 0.5472222222222223 0.012037037037037013 0.025000000000000022
0 0.3550925925925926 0.5506944444444444 0.012037037037037013 0.018055555555555602
0 0.3731481481481481 0.5486111111111112 0.005555555555555591 0.01388888888888895
0 0.40185185185185185 0.5395833333333333 0.0092592592592593 0.015277777777777835
0 0.4277777777777778 0.5381944444444444 0.003703703703703709 0.00694444444444442
0 0.4217592592592593 0.5381944444444444 0.002777777777777768 0.00694444444444442
0 0.686574074074074 0.5048611111111111 0.015740740740740722 0.02083333333333326
0 0.3625 0.5527777777777778 0.00462962962962965 0.01388888888888895
