0 0.23935185185185187 0.6513888888888889 0.008333333333333331 0.01388888888888884
0 0.27175925925925926 0.6416666666666666 0.010185185185185186 0.01666666666666672
0 0.2833333333333333 0.6465277777777778 0.007407407407407418 0.009722222222222188
0 0.27361111111111114 0.63125 0.006481481481481477 0.00694444444444442
0 0.28935185185185186 0.6361111111111111 0.00462962962962965 0.008333333333333304
0 0.2967592592592593 0.6430555555555555 0.006481481481481477 0.01666666666666672
0 0.32592592592592595 0.6284722222222222 0.005555555555555591 0.009722222222222188
0 0.37083333333333335 0.6222222222222222 0.006481481481481477 0.008333333333333304
0 0.375 0.61875 0.007407407407407418 0.009722222222222188
0 0.4282407407407407 0.6097222222222223 0.006481481481481477 0.008333333333333415
0 0.45972222222222225 0.6083333333333334 0.0027777777777778234 0.005555555555555647
0 0.4513888888888889 0.6118055555555555 0.008333333333333304 0.012500000000000067
0 0.475462962962963 0.6131944444444444 0.00833333333333336 0.012500000000000067
0 0.5486111111111112 0.5854166666666667 0.002777777777777768 0.00694444444444442
0 0.5305555555555556 0.6076388888888888 0.0092592592592593 0.012500000000000067
0 0.5657407407407408 0.6000000000000001 0.005555555555555536 0.022222222222222254
0 0.6523148148148148 0.6048611111111111 0.00462962962962965 0.02083333333333337
0 0.7537037037037038 0.5513888888888889 0.01666666666666672 0.025000000000000022
0 0.8606481481481482 0.5368055555555555 0.028703703703703676 0.043055555555555625
