0 0.2791666666666667 0.6340277777777777 0.00462962962962965 0.00694444444444442
0 0.2865740740740741 0.6409722222222223 0.006481481481481477 0.006944444444444531
0 0.3055555555555556 0.6333333333333333 0.003703703703703709 0.008333333333333304
0 0.3435185185185185 0.6256944444444444 0.005555555555555536 0.00694444444444442
0 0.35416666666666663 0.6291666666666667 0.004629629629629595 0.008333333333333304
0 0.3648148148148148 0.6284722222222222 0.005555555555555536 0.00694444444444442
0 0.41944444444444445 0.6201388888888889 0.005555555555555536 0.009722222222222188
0 0.43287037037037035 0.6180555555555556 0.006481481481481477 0.008333333333333304
0 0.4393518518518519 0.6131944444444444 0.00833333333333336 0.012500000000000067
0 0.5060185185185185 0.6125 0.0064814814814815325 0.011111111111111183
0 0.5592592592592592 0.5791666666666666 0.0092592592592593 0.019444444444444486
0 0.5037037037037037 0.6930555555555555 0.01481481481481478 0.033333333333333326
