0 0.17222222222222222 0.6152777777777778 0.018518518518518517 0.05555555555555558
0 0.2689814814814815 0.7013888888888888 0.025000000000000022 0.07500000000000007
0 0.49212962962962964 0.5875 0.008333333333333304 0.011111111111111072
0 0.6953703703703704 0.5708333333333333 0.01666666666666672 0.02777777777777779
0 0.7893518518518519 0.5881944444444445 0.019444444444444375 0.05972222222222223
0 0.812962962962963 0.525 0.040740740740740744 0.061111111111111116
0 0.9078703703703703 0.5631944444444444 0.028703703703703787 0.0625
0 0.9365740740740741 0.5874999999999999 0.017592592592592604 0.030555555555555558
0 0.95 0.58125 0.012962962962962954 0.026388888888888906
0 0.7282407407407407 0.5708333333333333 0.012037037037037068 0.019444444444444486
