0 0.15694444444444444 0.7083333333333333 0.013888888888888895 0.02777777777777779
0 0.2777777777777778 0.6319444444444444 0.005555555555555536 0.011111111111111072
0 0.29074074074074074 0.6361111111111111 0.005555555555555536 0.008333333333333304
0 0.3050925925925926 0.6319444444444444 0.006481481481481477 0.011111111111111072
0 0.3115740740740741 0.6423611111111112 0.006481481481481477 0.009722222222222299
0 0.32916666666666666 0.6381944444444445 0.008333333333333304 0.012500000000000067
0 0.33611111111111114 0.6340277777777777 0.005555555555555591 0.00694444444444442
0 0.4287037037037037 0.6451388888888889 0.011111111111111072 0.012500000000000067
0 0.5087962962962963 0.6069444444444445 0.015740740740740833 0.025000000000000022
0 0.5814814814814815 0.6118055555555555 0.020370370370370372 0.029166666666666674
0 0.6194444444444445 0.601388888888889 0.016666666666666607 0.022222222222222254
0 0.6305555555555555 0.5972222222222222 0.005555555555555536 0.016666666666666607
0 0.8064814814814815 0.5680555555555555 0.025925925925925908 0.050000000000000044
0 0.8430555555555556 0.5479166666666666 0.03425925925925921 0.043055555555555514
0 0.9259259259259259 0.53125 0.029629629629629672 0.043055555555555625
