0 0.3773148148148148 0.5916666666666667 0.08425925925925926 0.19444444444444442
0 0.45833333333333337 0.5972222222222223 0.016666666666666663 0.030555555555555558
0 0.47777777777777775 0.6215277777777778 0.01296296296296301 0.02083333333333326
0 0.5069444444444444 0.6125 0.012037037037037068 0.019444444444444486
0 0.5305555555555556 0.6263888888888889 0.0092592592592593 0.02499999999999991
0 0.5407407407407407 0.6118055555555555 0.014814814814814836 0.029166666666666674
0 0.5884259259259259 0.6048611111111111 0.010185185185185186 0.023611111111111138
0 0.6300925925925926 0.5965277777777778 0.02314814814814825 0.029166666666666674
0 0.6842592592592593 0.625 0.02777777777777779 0.05277777777777781
0 0.7824074074074074 0.59375 0.020370370370370372 0.026388888888888795
0 0.7236111111111112 0.6048611111111111 0.010185185185185186 0.026388888888888906
0 0.5291666666666667 0.5756944444444445 0.0064814814814815325 0.012500000000000067
