0 0.2847222222222222 0.6354166666666666 0.006481481481481477 0.009722222222222188
0 0.2939814814814815 0.6361111111111111 0.004629629629629595 0.005555555555555536
0 0.3319444444444445 0.6381944444444445 0.006481481481481477 0.012500000000000067
0 0.38425925925925924 0.6326388888888889 0.007407407407407418 0.012499999999999956
0 0.3375 0.6284722222222222 0.004629629629629595 0.00694444444444442
0 0.4759259259259259 0.6138888888888889 0.0092592592592593 0.01388888888888895
0 0.500462962962963 0.6194444444444445 0.00833333333333336 0.01388888888888884
0 0.524537037037037 0.6090277777777777 0.0064814814814815325 0.006944444444444531
0 0.5902777777777777 0.5951388888888889 0.00462962962962965 0.009722222222222188
0 0.799537037037037 0.5604166666666667 0.004629629629629539 0.00694444444444442
0 0.38796296296296295 0.7027777777777777 0.016666666666666663 0.02777777777777779
