0 0.14537037037037037 0.31319444444444444 0.05185185185185186 0.15416666666666667
0 0.28194444444444444 0.5590277777777777 0.02685185185185185 0.03749999999999998
0 0.4935185185185185 0.5756944444444444 0.02777777777777779 0.05972222222222223
0 0.5518518518518518 0.5402777777777777 0.03518518518518521 0.061111111111111116
0 0.46296296296296297 0.5680555555555555 0.01851851851851849 0.04444444444444451
0 0.4083333333333333 0.58125 0.016666666666666663 0.018055555555555602
0 0.399537037037037 0.617361111111111 0.025000000000000022 0.029166666666666674
0 0.6694444444444445 0.6527777777777778 0.011111111111111183 0.019444444444444375
0 0.7472222222222222 0.5909722222222222 0.03888888888888897 0.043055555555555625
0 0.3199074074074074 0.6166666666666667 0.010185185185185186 0.030555555555555558
0 0.8638888888888889 0.5791666666666666 0.01666666666666672 0.022222222222222254
