0 0.6925925925925926 0.4701388888888889 0.01851851851851849 0.029166666666666674
0 0.6416666666666666 0.5041666666666667 0.01666666666666672 0.022222222222222143
0 0.5814814814814815 0.5145833333333334 0.005555555555555536 0.023611111111111138
0 0.5 0.5249999999999999 0.0092592592592593 0.019444444444444486
0 0.5416666666666667 0.53125 0.00925925925925919 0.01805555555555549
0 0.5583333333333333 0.5173611111111112 0.011111111111111072 0.018055555555555602
0 0.5208333333333333 0.5520833333333333 0.0064814814814814214 0.012500000000000067
0 0.5300925925925926 0.5409722222222222 0.00462962962962965 0.00694444444444442
0 0.4666666666666667 0.5534722222222223 0.003703703703703709 0.00694444444444442
0 0.5268518518518519 0.5347222222222222 0.0018518518518518823 0.008333333333333304
