0 0.04490740740740741 0.6444444444444444 0.015740740740740743 0.019444444444444486
0 0.1736111111111111 0.5840277777777778 0.017592592592592604 0.029166666666666674
0 0.3398148148148148 0.5527777777777778 0.020370370370370372 0.033333333333333326
0 0.5453703703703703 0.5319444444444444 0.01851851851851849 0.022222222222222143
0 0.7555555555555555 0.4652777777777778 0.020370370370370372 0.02777777777777779
0 0.8023148148148148 0.6430555555555555 0.008333333333333304 0.01388888888888895
0 0.8523148148148147 0.6354166666666667 0.008333333333333415 0.015277777777777835
0 0.8703703703703703 0.6375 0.0092592592592593 0.01388888888888895
0 0.9425925925925926 0.5479166666666666 0.007407407407407418 0.018055555555555602
0 0.9671296296296297 0.55625 0.010185185185185186 0.012499999999999956
0 0.924074074074074 0.6083333333333334 0.005555555555555536 0.008333333333333415
0 0.8722222222222222 0.6138888888888889 0.0037037037037037646 0.008333333333333304
0 0.5805555555555555 0.6423611111111112 0.0037037037037036535 0.012500000000000067
