0 0.3351851851851852 0.5347222222222223 0.020370370370370372 0.02777777777777779
0 0.5481481481481482 0.49375 0.0185185185185186 0.023611111111111083
0 0.6870370370370371 0.4840277777777778 0.022222222222222254 0.03194444444444444
0 0.9523148148148148 0.5472222222222223 0.01388888888888884 0.01666666666666672
0 0.9805555555555555 0.5555555555555556 0.014814814814814836 0.019444444444444486
0 0.1439814814814815 0.6798611111111111 0.008333333333333331 0.012499999999999956
0 0.009259259259259259 0.66875 0.014814814814814815 0.02083333333333337
0 0.8777777777777778 0.5472222222222223 0.007407407407407418 0.01666666666666672
0 0.860648148148148 0.5902777777777778 0.00462962962962965 0.008333333333333304
0 0.8597222222222223 0.6194444444444445 0.00462962962962965 0.008333333333333304
0 0.8541666666666666 0.6388888888888888 0.008333333333333304 0.01388888888888895
0 0.8013888888888889 0.6444444444444444 0.008333333333333304 0.011111111111111183
0 0.7652777777777777 0.5888888888888889 0.00462962962962965 0.011111111111111072
0 0.6819444444444445 0.6125 0.00462962962962965 0.011111111111111183
0 0.6787037037037038 0.6208333333333333 0.007407407407407418 0.011111111111111072
0 0.6458333333333334 0.6208333333333333 0.008333333333333304 0.01388888888888884
0 0.6467592592592593 0.6465277777777778 0.008333333333333304 0.009722222222222188
0 0.5907407407407408 0.6277777777777778 0.005555555555555647 0.011111111111111072
0 0.5439814814814815 0.6770833333333334 0.002777777777777768 0.00694444444444442
0 0.5148148148148148 0.6833333333333333 0.0037037037037037646 0.005555555555555536
0 0.3763888888888889 0.7034722222222223 0.00462962962962965 0.006944444444444531
