0 0.9893518518518518 0.5569444444444445 0.010185185185185186 0.016666666666666607
0 0.9662037037037037 0.5513888888888889 0.008333333333333304 0.01666666666666672
0 0.9796296296296296 0.5541666666666667 0.0037037037037037646 0.011111111111111072
0 0.9175925925925925 0.4527777777777778 0.01851851851851849 0.02777777777777779
0 0.8421296296296297 0.36319444444444443 0.017592592592592604 0.03749999999999998
0 0.8032407407407407 0.6444444444444444 0.008333333333333415 0.011111111111111183
0 0.7731481481481481 0.6333333333333333 0.0037037037037037646 0.008333333333333304
0 0.7268518518518519 0.6 0.007407407407407418 0.011111111111111072
0 0.6870370370370371 0.6090277777777777 0.007407407407407418 0.009722222222222299
0 0.6388888888888888 0.6097222222222223 0.0037037037037036535 0.011111111111111183
0 0.5629629629629629 0.6430555555555555 0.007407407407407418 0.008333333333333415
0 0.55 0.6458333333333333 0.007407407407407418 0.011111111111111183
0 0.5092592592592593 0.49375 0.01666666666666672 0.031944444444444386
0 0.2828703703703704 0.617361111111111 0.010185185185185186 0.018055555555555602
0 0.23472222222222222 0.71875 0.00462962962962965 0.009722222222222188
0 0.04444444444444444 0.6506944444444445 0.01296296296296296 0.01805555555555549
