0 0.5402777777777779 0.6201388888888888 0.030555555555555558 0.03472222222222221
0 0.6231481481481481 0.5965277777777778 0.029629629629629672 0.03750000000000009
0 0.6800925925925926 0.5930555555555556 0.03240740740740744 0.047222222222222276
0 0.3111111111111111 0.5944444444444444 0.012962962962962954 0.03333333333333344
0 0.374537037037037 0.6159722222222221 0.00833333333333336 0.02083333333333337
0 0.4537037037037037 0.6180555555555556 0.011111111111111127 0.008333333333333304
0 0.47962962962962963 0.6145833333333333 0.007407407407407418 0.012500000000000067
0 0.49722222222222223 0.6020833333333333 0.0092592592592593 0.009722222222222188
0 0.4097222222222222 0.6166666666666667 0.00462962962962965 0.005555555555555536
0 0.42083333333333334 0.6145833333333334 0.00462962962962965 0.00694444444444442
