0 0.9722222222222222 0.5513888888888889 0.0092592592592593 0.01388888888888895
0 0.9527777777777777 0.5541666666666667 0.011111111111111183 0.01388888888888884
0 0.9199074074074074 0.5277777777777778 0.015740740740740722 0.022222222222222143
0 0.8976851851851853 0.5097222222222222 0.012037037037036957 0.019444444444444486
0 0.8162037037037038 0.4708333333333333 0.01388888888888895 0.02777777777777779
0 0.775462962962963 0.48541666666666666 0.017592592592592493 0.026388888888888906
0 0.7351851851851852 0.41180555555555554 0.014814814814814836 0.03472222222222221
0 0.6356481481481482 0.507638888888889 0.017592592592592604 0.02083333333333337
0 0.4810185185185185 0.4930555555555555 0.017592592592592604 0.036111111111111094
0 0.549537037037037 0.6020833333333333 0.008333333333333304 0.015277777777777835
0 0.6106481481481482 0.6319444444444444 0.008333333333333304 0.011111111111111072
0 0.6171296296296296 0.6277777777777778 0.00462962962962965 0.008333333333333304
0 0.6027777777777777 0.6354166666666667 0.005555555555555536 0.012500000000000067
0 0.22037037037037038 0.6638888888888889 0.009259259259259273 0.01388888888888884
0 0.06944444444444445 0.6527777777777778 0.007407407407407404 0.016666666666666607
0 0.07314814814814816 0.6590277777777778 0.00555555555555555 0.01805555555555549
