0 0.6356481481481482 0.5006944444444444 0.017592592592592604 0.02916666666666662
0 0.5319444444444444 0.5159722222222223 0.019444444444444375 0.026388888888888906
0 0.46759259259259256 0.5083333333333333 0.01481481481481478 0.025000000000000022
0 0.32592592592592595 0.6097222222222223 0.01296296296296301 0.01666666666666672
0 0.6162037037037038 0.5375000000000001 0.010185185185185186 0.02777777777777779
0 0.6851851851851851 0.34930555555555554 0.00925925925925919 0.03472222222222221
0 0.1476851851851852 0.6409722222222223 0.01203703703703704 0.018055555555555602
0 0.9504629629629631 0.5576388888888889 0.010185185185185186 0.015277777777777724
0 0.9199074074074074 0.5868055555555556 0.008333333333333304 0.012499999999999956
0 0.8689814814814815 0.5986111111111111 0.008333333333333304 0.011111111111111072
0 0.8027777777777778 0.6298611111111111 0.005555555555555536 0.012499999999999956
0 0.7930555555555556 0.64375 0.00462962962962965 0.009722222222222299
0 0.7421296296296296 0.6055555555555556 0.00462962962962965 0.011111111111111183
0 0.6754629629629629 0.625 0.0064814814814814214 0.008333333333333304
0 0.5814814814814815 0.6354166666666666 0.007407407407407418 0.009722222222222188
0 0.44120370370370365 0.6756944444444444 0.006481481481481477 0.012500000000000067
0 0.5208333333333333 0.6965277777777777 0.00462962962962965 0.00694444444444442
0 0.11851851851851852 0.7333333333333334 0.00555555555555555 0.008333333333333415
0 0.0023148148148148147 0.7409722222222223 0.004629629629629629 0.00694444444444442
