0 0.5467592592592593 0.34791666666666665 0.02314814814814814 0.04305555555555557
0 0.4532407407407407 0.4388888888888889 0.030555555555555558 0.033333333333333326
0 0.7625 0.37083333333333335 0.026851851851851793 0.04444444444444445
0 0.09953703703703703 0.66875 0.010185185185185186 0.015277777777777835
0 0.16805555555555557 0.6708333333333334 0.010185185185185158 0.01388888888888895
0 0.39675925925925926 0.7020833333333334 0.00462962962962965 0.006944444444444531
0 0.525 0.47291666666666665 0.016666666666666607 0.026388888888888906
0 0.7240740740740741 0.7236111111111111 0.007407407407407418 0.011111111111111072
0 0.7726851851851853 0.6951388888888889 0.00462962962962965 0.00694444444444442
0 0.5356481481481481 0.7208333333333333 0.00462962962962965 0.008333333333333304
0 0.5138888888888888 0.7208333333333333 0.0037037037037036535 0.005555555555555536
0 0.18055555555555555 0.7284722222222222 0.005555555555555536 0.00694444444444442
