0 0.48333333333333334 0.4541666666666667 0.033333333333333326 0.04722222222222222
0 0.6125 0.4840277777777778 0.021296296296296258 0.03194444444444444
0 0.687962962962963 0.5249999999999999 0.020370370370370372 0.025000000000000022
0 0.8064814814814815 0.36597222222222225 0.029629629629629672 0.04583333333333334
0 0.8912037037037037 0.3277777777777777 0.026851851851851904 0.04722222222222222
0 0.9662037037037037 0.4625 0.02314814814814814 0.030555555555555558
0 0.14953703703703702 0.6416666666666666 0.01203703703703704 0.01388888888888895
0 0.24259259259259258 0.6666666666666667 0.0111111111111111 0.01388888888888895
0 0.7199074074074074 0.6090277777777777 0.008333333333333304 0.012500000000000067
0 0.6013888888888889 0.6381944444444445 0.0064814814814815325 0.009722222222222299
0 0.1125 0.7416666666666667 0.0046296296296296224 0.005555555555555536
