0 0.2518518518518519 0.5423611111111111 0.009259259259259245 0.03194444444444444
0 0.3310185185185185 0.5465277777777777 0.01759259259259255 0.03194444444444444
0 0.9782407407407407 0.5569444444444445 0.010185185185185186 0.01388888888888884
0 0.5314814814814814 0.4409722222222222 0.012962962962962954 0.04305555555555557
0 0.6120370370370369 0.625 0.007407407407407418 0.011111111111111072
0 0.587962962962963 0.6354166666666666 0.005555555555555647 0.009722222222222188
0 0.5787037037037037 0.6340277777777777 0.007407407407407418 0.012499999999999956
0 0.8564814814814815 0.6215277777777778 0.005555555555555536 0.00694444444444442
0 0.7833333333333333 0.6326388888888889 0.005555555555555536 0.00694444444444442
0 0.14027777777777778 0.7326388888888888 0.00462962962962965 0.009722222222222299
0 0.1111111111111111 0.7409722222222223 0.003703703703703695 0.00694444444444442
