0 0.25324074074074077 0.4604166666666667 0.023148148148148168 0.05138888888888887
0 0.2638888888888889 0.5451388888888888 0.020370370370370372 0.03749999999999998
0 0.39629629629629626 0.49513888888888885 0.0222222222222222 0.040277777777777746
0 0.5263888888888889 0.5479166666666666 0.019444444444444375 0.03194444444444444
0 0.5740740740740741 0.5319444444444444 0.020370370370370372 0.03333333333333344
0 0.7259259259259259 0.4826388888888889 0.01851851851851849 0.029166666666666674
0 0.9231481481481482 0.6361111111111111 0.0092592592592593 0.019444444444444486
0 0.8787037037037038 0.6555555555555556 0.00925925925925919 0.011111111111111072
0 0.9953703703703705 0.6423611111111112 0.007407407407407418 0.015277777777777835
0 0.9013888888888888 0.68125 0.00462962962962965 0.009722222222222188
0 0.8148148148148149 0.7090277777777778 0.007407407407407418 0.012500000000000067
0 0.7837962962962963 0.6534722222222222 0.00462962962962965 0.012499999999999956
0 0.6296296296296297 0.6729166666666666 0.005555555555555536 0.012500000000000067
0 0.13425925925925924 0.7333333333333334 0.0037037037037036813 0.005555555555555647
