0 0.9194444444444445 0.4013888888888889 0.01666666666666672 0.033333333333333326
0 0.9902777777777778 0.5548611111111111 0.010185185185185186 0.015277777777777724
0 0.8944444444444444 0.5770833333333334 0.00925925925925919 0.015277777777777835
0 0.8546296296296296 0.6388888888888888 0.007407407407407307 0.01388888888888895
0 0.8018518518518518 0.64375 0.007407407407407418 0.012500000000000067
0 0.7189814814814814 0.6041666666666667 0.008333333333333304 0.011111111111111183
0 0.6717592592592593 0.6173611111111111 0.008333333333333304 0.009722222222222188
0 0.6314814814814815 0.625 0.005555555555555647 0.011111111111111072
0 0.6097222222222223 0.6458333333333334 0.0064814814814814214 0.008333333333333304
0 0.5773148148148148 0.5333333333333334 0.015740740740740722 0.02777777777777779
0 0.5620370370370371 0.6472222222222223 0.007407407407407418 0.008333333333333304
0 0.413425925925926 0.5097222222222222 0.013888888888888895 0.030555555555555558
0 0.3032407407407407 0.5465277777777777 0.012037037037037013 0.026388888888888906
0 0.3453703703703703 0.6826388888888889 0.011111111111111127 0.01805555555555549
0 0.19074074074074077 0.5097222222222222 0.022222222222222227 0.033333333333333326
