0 0.42083333333333334 0.5715277777777779 0.017592592592592604 0.03194444444444444
0 0.5842592592592593 0.5381944444444444 0.0185185185185186 0.03194444444444444
0 0.6430555555555555 0.5416666666666667 0.015740740740740722 0.025000000000000022
0 0.6583333333333333 0.5569444444444445 0.016666666666666607 0.025000000000000022
0 0.8916666666666666 0.5340277777777778 0.022222222222222254 0.03194444444444444
0 0.6861111111111111 0.6680555555555556 0.007407407407407307 0.011111111111111183
0 0.6782407407407407 0.66875 0.0064814814814814214 0.009722222222222299
0 0.8027777777777778 0.6958333333333333 0.0092592592592593 0.01388888888888884
0 0.8634259259259259 0.7090277777777778 0.0064814814814815325 0.009722222222222188
0 0.599537037037037 0.5708333333333333 0.01388888888888895 0.025000000000000022
0 0.5226851851851853 0.6694444444444445 0.00462962962962965 0.011111111111111183
0 0.4287037037037037 0.5868055555555556 0.0092592592592593 0.02083333333333337
0 0.3662037037037037 0.7111111111111111 0.00462962962962965 0.008333333333333304
0 0.09953703703703703 0.7340277777777777 0.0046296296296296224 0.006944444444444531
