0 0.9606481481481481 0.5486111111111112 0.010185185185185186 0.01388888888888895
0 0.8194444444444444 0.6270833333333333 0.0037037037037037646 0.00694444444444442
0 0.7379629629629629 0.5090277777777779 0.011111111111111072 0.02083333333333337
0 0.712037037037037 0.6055555555555556 0.0092592592592593 0.008333333333333415
0 0.6601851851851852 0.61875 0.007407407407407418 0.009722222222222188
0 0.5916666666666666 0.6222222222222222 0.007407407407407418 0.011111111111111072
0 0.43425925925925923 0.5256944444444445 0.009259259259259245 0.026388888888888906
0 0.3643518518518518 0.6263888888888889 0.012037037037037013 0.016666666666666607
0 0.21296296296296297 0.4236111111111111 0.0222222222222222 0.03888888888888886
0 0.125 0.7402777777777778 0.003703703703703709 0.005555555555555536
0 0.21805555555555556 0.7229166666666667 0.00462962962962965 0.00694444444444442
0 0.2518518518518519 0.71875 0.003703703703703709 0.00694444444444442
