0 0.9462962962962963 0.2930555555555555 0.014814814814814836 0.04444444444444445
0 0.6810185185185185 0.6194444444444445 0.0064814814814814214 0.011111111111111072
0 0.6703703703703703 0.6263888888888889 0.007407407407407418 0.011111111111111072
0 0.7865740740740741 0.5979166666666667 0.00462962962962965 0.012499999999999956
0 0.5375 0.6020833333333333 0.008333333333333304 0.015277777777777835
0 0.44212962962962965 0.6701388888888888 0.004629629629629595 0.009722222222222299
0 0.42083333333333334 0.5034722222222222 0.015740740740740722 0.02916666666666673
0 0.24675925925925923 0.4111111111111111 0.010185185185185158 0.041666666666666685
0 0.19074074074074074 0.6423611111111112 0.011111111111111127 0.018055555555555602
0 0.040740740740740744 0.6395833333333334 0.014814814814814815 0.018055555555555602
0 0.045370370370370366 0.6680555555555556 0.007407407407407411 0.01666666666666672
0 0.1287037037037037 0.7381944444444445 0.003703703703703709 0.00694444444444442
0 0.10833333333333334 0.7354166666666666 0.003703703703703709 0.006944444444444531
0 0.10092592592592592 0.7333333333333334 0.00555555555555555 0.005555555555555647
0 0.07453703703703704 0.7215277777777778 0.006481481481481477 0.009722222222222188
