0 0.888425925925926 0.26180555555555557 0.06018518518518523 0.10416666666666666
0 0.3476851851851852 0.5083333333333333 0.02870370370370373 0.05833333333333329
0 0.6717592592592593 0.49722222222222223 0.03425925925925921 0.05833333333333335
0 0.12777777777777777 0.5479166666666666 0.033333333333333326 0.04861111111111105
0 0.737037037037037 0.7590277777777779 0.011111111111111072 0.02083333333333337
0 0.7856481481481481 0.7520833333333333 0.0064814814814814214 0.01805555555555549
0 0.6328703703703704 0.7791666666666667 0.008333333333333415 0.01388888888888884
0 0.6231481481481482 0.8277777777777777 0.007407407407407418 0.011111111111111183
0 0.6023148148148147 0.8284722222222223 0.00462962962962965 0.006944444444444531
0 0.5893518518518519 0.8215277777777777 0.00462962962962965 0.012499999999999956
0 0.5550925925925927 0.8347222222222223 0.00462962962962965 0.008333333333333304
0 0.5416666666666667 0.825 0.0037037037037036535 0.008333333333333415
0 0.46759259259259256 0.8229166666666666 0.005555555555555591 0.009722222222222188
0 0.4337962962962963 0.8284722222222223 0.00462962962962965 0.009722222222222299
0 0.39722222222222225 0.8326388888888889 0.005555555555555591 0.00694444444444442
0 0.3476851851851852 0.8277777777777777 0.004629629629629595 0.008333333333333415
