0 0.8703703703703703 0.6375 0.0092592592592593 0.01666666666666672
0 0.8523148148148147 0.6354166666666667 0.008333333333333415 0.015277777777777835
0 0.7675925925925926 0.6034722222222222 0.005555555555555536 0.012500000000000067
0 0.7662037037037037 0.6243055555555556 0.0064814814814815325 0.009722222222222188
0 0.6902777777777778 0.4888888888888889 0.017592592592592604 0.02777777777777779
0 0.6726851851851852 0.4736111111111111 0.019444444444444486 0.02777777777777779
0 0.5208333333333334 0.5159722222222223 0.017592592592592604 0.029166666666666674
0 0.6425925925925926 0.6229166666666667 0.007407407407407418 0.012499999999999956
0 0.4305555555555556 0.507638888888889 0.009259259259259245 0.029166666666666674
0 0.34398148148148144 0.4506944444444444 0.024999999999999967 0.04583333333333334
0 0.11898148148148148 0.7395833333333334 0.0046296296296296224 0.00694444444444442
