0 0.43333333333333335 0.5687500000000001 0.014814814814814836 0.029166666666666674
0 0.3736111111111111 0.6000000000000001 0.013888888888888895 0.025000000000000022
0 0.4564814814814815 0.5694444444444444 0.016666666666666663 0.025000000000000022
0 0.513425925925926 0.5423611111111111 0.01388888888888884 0.029166666666666674
0 0.6800925925925927 0.5666666666666667 0.015740740740740722 0.025000000000000022
0 0.7828703703703703 0.5645833333333333 0.017592592592592604 0.026388888888888795
0 0.9574074074074075 0.5277777777777777 0.022222222222222254 0.033333333333333326
0 0.6083333333333334 0.6673611111111111 0.007407407407407418 0.009722222222222299
0 0.8074074074074074 0.6993055555555556 0.005555555555555647 0.009722222222222299
0 0.8634259259259259 0.7097222222222223 0.008333333333333304 0.011111111111111072
0 0.8185185185185185 0.7048611111111112 0.005555555555555536 0.012500000000000067
