0 0.1787037037037037 0.6493055555555556 0.009259259259259245 0.015277777777777724
0 0.12129629629629629 0.7395833333333334 0.003703703703703695 0.004166666666666652
0 0.16296296296296298 0.7298611111111111 0.0037037037037036813 0.00694444444444442
0 0.005092592592592593 0.7618055555555555 0.0027777777777777775 0.004166666666666652
0 0.3055555555555556 0.53125 0.011111111111111127 0.026388888888888795
0 0.3962962962962963 0.5395833333333333 0.012962962962962954 0.023611111111111138
0 0.40740740740740744 0.5451388888888888 0.009259259259259245 0.026388888888888906
0 0.6518518518518519 0.538888888888889 0.014814814814814725 0.022222222222222254
0 0.6731481481481482 0.5430555555555556 0.016666666666666607 0.025000000000000022
0 0.7152777777777778 0.6076388888888888 0.0064814814814815325 0.012500000000000067
0 0.7287037037037036 0.6048611111111111 0.007407407407407418 0.012500000000000067
0 0.7944444444444445 0.6430555555555555 0.005555555555555647 0.011111111111111183
0 0.8009259259259259 0.6326388888888889 0.005555555555555536 0.009722222222222188
0 0.937962962962963 0.6090277777777777 0.005555555555555536 0.006944444444444531
0 0.9763888888888889 0.5805555555555555 0.008333333333333304 0.011111111111111183
0 0.9907407407407407 0.5381944444444444 0.0037037037037036535 0.012499999999999956
