0 0.6921296296296295 0.5333333333333334 0.021296296296296258 0.030555555555555558
0 0.8847222222222222 0.46597222222222223 0.010185185185185186 0.03194444444444444
0 0.7 0.3680555555555556 0.007407407407407418 0.030555555555555558
0 0.006481481481481481 0.6694444444444445 0.011111111111111112 0.01388888888888895
0 0.08148148148148149 0.6895833333333333 0.007407407407407404 0.012499999999999956
0 0.4634259259259259 0.6840277777777778 0.004629629629629595 0.009722222222222188
0 0.5467592592592592 0.69375 0.00462962962962965 0.009722222222222188
0 0.5504629629629629 0.68125 0.00462962962962965 0.009722222222222188
0 0.6189814814814816 0.5152777777777777 0.010185185185185186 0.036111111111111094
0 0.6578703703703703 0.48333333333333334 0.010185185185185186 0.022222222222222254
0 0.8384259259259259 0.6722222222222223 0.00462962962962965 0.008333333333333415
0 0.1050925925925926 0.6680555555555556 0.002777777777777782 0.011111111111111183
0 0.15185185185185185 0.6493055555555556 0.0018518518518518545 0.012499999999999956
0 0.8347222222222223 0.6902777777777778 0.002777777777777768 0.005555555555555536
0 0.8666666666666667 0.6798611111111111 0.0037037037037036535 0.00694444444444442
0 0.9763888888888889 0.6944444444444444 0.002777777777777768 0.005555555555555536
0 0.999537037037037 0.6923611111111111 0.004629629629629539 0.00694444444444442
