0 0.46805555555555556 0.46458333333333335 0.025000000000000022 0.0402777777777778
0 0.6143518518518518 0.47152777777777777 0.02314814814814814 0.03749999999999998
0 0.6935185185185185 0.5277777777777777 0.020370370370370372 0.030555555555555558
0 0.4453703703703704 0.4756944444444444 0.02407407407407408 0.0402777777777778
0 0.11388888888888889 0.5638888888888889 0.020370370370370372 0.02777777777777768
0 0.8486111111111111 0.45416666666666666 0.008333333333333304 0.02777777777777779
0 0.0375 0.6861111111111111 0.008333333333333331 0.01388888888888884
0 0.07500000000000001 0.6576388888888889 0.011111111111111113 0.015277777777777724
0 0.16064814814814815 0.6472222222222221 0.00462962962962965 0.01388888888888895
0 0.28981481481481486 0.6715277777777777 0.009259259259259245 0.012500000000000067
0 0.5226851851851853 0.6881944444444444 0.00462962962962965 0.009722222222222188
0 0.538425925925926 0.7125 0.002777777777777768 0.008333333333333304
0 0.549074074074074 0.71875 0.0037037037037036535 0.00694444444444442
0 0.6546296296296297 0.6895833333333333 0.005555555555555536 0.009722222222222188
0 0.6796296296296296 0.6895833333333333 0.005555555555555647 0.009722222222222188
0 0.7310185185185185 0.6729166666666666 0.004629629629629539 0.009722222222222299
0 0.9050925925925926 0.6840277777777778 0.00462962962962965 0.00694444444444442
0 0.9430555555555555 0.6784722222222223 0.00462962962962965 0.00694444444444442
0 0.1875 0.7347222222222223 0.002777777777777768 0.005555555555555647
0 0.25416666666666665 0.73125 0.002777777777777768 0.004166666666666652
0 0.35370370370370374 0.7229166666666667 0.0018518518518518268 0.004166666666666652
0 0.9930555555555556 0.6902777777777778 0.002777777777777768 0.005555555555555536
0 0.7819444444444444 0.6618055555555555 0.002777777777777768 0.00694444444444442
