0 0.8217592592592593 0.4597222222222222 0.026851851851851793 0.033333333333333326
0 0.4361111111111111 0.5694444444444444 0.016666666666666663 0.025000000000000022
0 0.014351851851851852 0.7034722222222223 0.008333333333333331 0.015277777777777835
0 0.13842592592592592 0.6923611111111111 0.006481481481481477 0.015277777777777724
0 0.7884259259259259 0.6923611111111111 0.00462962962962965 0.00694444444444442
0 0.7569444444444444 0.6916666666666667 0.002777777777777768 0.005555555555555536
0 0.6069444444444445 0.6979166666666666 0.00462962962962965 0.00694444444444442
0 0.6560185185185186 0.7270833333333333 0.00462962962962965 0.00694444444444442
0 0.6 0.6881944444444444 0.0037037037037037646 0.009722222222222188
0 0.537037037037037 0.6993055555555556 0.005555555555555647 0.009722222222222299
0 0.5194444444444444 0.7138888888888889 0.0037037037037036535 0.005555555555555536
