0 0.8944444444444444 0.2611111111111111 0.04814814814814816 0.06666666666666668
0 0.6912037037037038 0.46319444444444446 0.028703703703703787 0.0402777777777778
0 0.6087962962962963 0.4423611111111111 0.028703703703703676 0.048611111111111105
0 0.5425925925925926 0.29375 0.040740740740740744 0.06805555555555554
0 0.46574074074074073 0.4125 0.014814814814814836 0.030555555555555558
0 0.40046296296296297 0.5270833333333333 0.02314814814814814 0.03472222222222221
0 0.2583333333333333 0.6701388888888888 0.009259259259259245 0.015277777777777835
0 0.09305555555555556 0.6888888888888889 0.008333333333333331 0.011111111111111072
0 0.062037037037037036 0.7166666666666667 0.00555555555555555 0.008333333333333304
0 0.03518518518518519 0.6673611111111111 0.009259259259259262 0.012500000000000067
0 0.007407407407407408 0.7222222222222222 0.005555555555555557 0.008333333333333304
0 0.5231481481481481 0.7111111111111111 0.0037037037037037646 0.005555555555555536
0 0.5314814814814814 0.7125 0.0037037037037036535 0.008333333333333304
0 0.538888888888889 0.7118055555555556 0.0037037037037036535 0.00694444444444442
0 0.5912037037037037 0.7083333333333334 0.00462962962962965 0.008333333333333304
0 0.6138888888888889 0.6847222222222222 0.005555555555555536 0.008333333333333304
0 0.6467592592592593 0.6819444444444445 0.004629629629629539 0.008333333333333304
0 0.6560185185185186 0.6826388888888889 0.00462962962962965 0.009722222222222188
0 0.6759259259259259 0.6951388888888889 0.0037037037037037646 0.009722222222222188
0 0.7675925925925926 0.6930555555555555 0.0037037037037037646 0.008333333333333304
0 0.8439814814814814 0.6875 0.00462962962962965 0.008333333333333304
0 0.8773148148148149 0.6868055555555556 0.00462962962962965 0.00694444444444442
0 0.9421296296296295 0.6847222222222222 0.00462962962962965 0.005555555555555536
