0 0.28935185185185186 0.51875 0.030555555555555558 0.04583333333333328
0 0.6722222222222223 0.46875 0.022222222222222254 0.029166666666666674
0 0.8972222222222221 0.4930555555555556 0.01666666666666672 0.024999999999999967
0 0.7912037037037036 0.4423611111111111 0.021296296296296258 0.03194444444444444
0 0.36296296296296293 0.6236111111111111 0.01296296296296301 0.016666666666666607
0 0.975462962962963 0.55 0.010185185185185186 0.01666666666666672
0 0.9740740740740741 0.41388888888888886 0.014814814814814836 0.030555555555555503
0 0.6129629629629629 0.523611111111111 0.011111111111111072 0.025000000000000022
0 0.6981481481481482 0.6090277777777777 0.005555555555555536 0.012500000000000067
0 0.548148148148148 0.6506944444444445 0.007407407407407418 0.009722222222222188
0 0.20601851851851855 0.6548611111111111 0.008333333333333331 0.015277777777777724
0 0.18148148148148147 0.675 0.00740740740740739 0.011111111111111183
0 0.2074074074074074 0.39861111111111114 0.02407407407407408 0.06944444444444448
