0 0.37037037037037035 0.5645833333333333 0.0314814814814815 0.05138888888888893
0 0.837962962962963 0.5729166666666667 0.02777777777777779 0.040277777777777746
0 0.7847222222222222 0.625 0.02314814814814814 0.030555555555555447
0 0.674074074074074 0.45138888888888884 0.031481481481481444 0.04999999999999999
0 0.42592592592592593 0.5409722222222222 0.022222222222222254 0.043055555555555514
0 0.9305555555555556 0.7986111111111112 0.011111111111111072 0.019444444444444486
0 0.7087962962962964 0.7638888888888888 0.010185185185185186 0.01666666666666672
0 0.49398148148148147 0.81875 0.00462962962962965 0.009722222222222188
0 0.5342592592592592 0.8111111111111111 0.0037037037037036535 0.008333333333333304
0 0.5625 0.8159722222222222 0.002777777777777768 0.00694444444444442
0 0.5662037037037038 0.8159722222222222 0.00462962962962965 0.00694444444444442
0 0.4634259259259259 0.8159722222222222 0.002777777777777768 0.00694444444444442
0 0.44398148148148153 0.8291666666666666 0.006481481481481477 0.008333333333333415
0 0.3212962962962963 0.8354166666666667 0.003703703703703709 0.009722222222222188
0 0.06203703703703703 0.8541666666666666 0.003703703703703702 0.008333333333333304
0 0.02175925925925926 0.8548611111111111 0.002777777777777775 0.00694444444444442
