0 0.3490740740740741 0.5319444444444444 0.020370370370370372 0.02499999999999991
0 0.4013888888888889 0.5597222222222222 0.010185185185185186 0.019444444444444375
0 0.6916666666666667 0.5409722222222222 0.016666666666666607 0.018055555555555602
0 0.7421296296296296 0.5520833333333333 0.015740740740740722 0.026388888888888906
0 0.42546296296296293 0.5756944444444445 0.00833333333333336 0.012500000000000067
0 0.44722222222222224 0.5798611111111112 0.007407407407407418 0.006944444444444531
0 0.38796296296296295 0.5798611111111112 0.007407407407407418 0.009722222222222299
0 0.4111111111111111 0.55625 0.005555555555555536 0.00694444444444442
0 0.5625 0.49930555555555556 0.008333333333333304 0.02916666666666662
0 0.9523148148148148 0.5104166666666667 0.015740740740740722 0.02083333333333337
