0 0.9759259259259259 0.5541666666666667 0.00925925925925919 0.01388888888888884
0 0.9231481481481482 0.4388888888888889 0.0185185185185186 0.02777777777777779
0 0.862037037037037 0.6229166666666667 0.0037037037037037646 0.00694444444444442
0 0.7013888888888888 0.60625 0.008333333333333415 0.009722222222222299
0 0.6763888888888889 0.6125 0.0064814814814814214 0.011111111111111183
0 0.648611111111111 0.51875 0.015740740740740722 0.023611111111111138
0 0.6013888888888889 0.4756944444444444 0.008333333333333304 0.02638888888888885
0 0.5425925925925925 0.5208333333333333 0.01851851851851849 0.02777777777777779
0 0.5106481481481482 0.64375 0.0064814814814814214 0.009722222222222299
0 0.4527777777777778 0.5097222222222222 0.01666666666666672 0.025000000000000022
0 0.35694444444444445 0.5270833333333333 0.010185185185185186 0.026388888888888906
0 0.3087962962962963 0.6298611111111111 0.008333333333333304 0.015277777777777724
0 0.25555555555555554 0.7173611111111111 0.005555555555555591 0.00694444444444442
0 0.11157407407407408 0.7409722222222223 0.002777777777777768 0.00694444444444442
0 0.05740740740740741 0.6777777777777778 0.01296296296296296 0.01666666666666672
0 0.06157407407407407 0.7680555555555555 0.002777777777777775 0.005555555555555647
