0 0.37037037037037035 0.6375 0.018518518518518545 0.03888888888888886
0 0.4291666666666667 0.6138888888888889 0.01944444444444443 0.033333333333333326
0 0.4898148148148148 0.6312500000000001 0.012962962962962954 0.03194444444444444
0 0.2513888888888889 0.6104166666666666 0.02314814814814814 0.05138888888888882
0 0.2101851851851852 0.6395833333333334 0.016666666666666663 0.040277777777777746
0 0.6337962962962963 0.6256944444444446 0.015740740740740833 0.03194444444444444
0 0.6092592592592593 0.6076388888888888 0.014814814814814836 0.02083333333333337
0 0.03518518518518519 0.5444444444444445 0.011111111111111113 0.030555555555555558
0 0.09814814814814815 0.5875 0.02407407407407408 0.05277777777777781
0 0.41620370370370374 0.6104166666666666 0.012037037037037013 0.023611111111111138
0 0.35138888888888886 0.6472222222222221 0.004629629629629595 0.01666666666666672
0 0.6703703703703704 0.6458333333333333 0.0092592592592593 0.019444444444444486
