0 0.4472222222222222 0.5625 0.016666666666666663 0.030555555555555447
0 0.48842592592592593 0.5895833333333333 0.008333333333333304 0.012499999999999956
0 0.5046296296296295 0.5881944444444445 0.007407407407407418 0.012499999999999956
0 0.5231481481481481 0.5930555555555556 0.005555555555555536 0.008333333333333304
0 0.538888888888889 0.5965277777777778 0.0037037037037036535 0.00694444444444442
0 0.5111111111111111 0.6 0.0037037037037036535 0.005555555555555536
0 0.5106481481481482 0.5958333333333333 0.002777777777777768 0.002777777777777768
0 0.5662037037037038 0.5888888888888889 0.0064814814814814214 0.011111111111111072
0 0.587962962962963 0.5888888888888889 0.00925925925925919 0.011111111111111072
0 0.6111111111111112 0.575 0.011111111111111183 0.01388888888888895
0 0.649537037037037 0.5722222222222222 0.0064814814814815325 0.008333333333333304
0 0.7152777777777778 0.5451388888888888 0.026851851851851904 0.029166666666666674
