0 0.7606481481481482 0.54375 0.017592592592592604 0.03472222222222221
0 0.7166666666666666 0.5673611111111111 0.012962962962962954 0.01805555555555549
0 0.700462962962963 0.5798611111111112 0.017592592592592604 0.02083333333333337
0 0.6675925925925925 0.5631944444444444 0.01666666666666672 0.029166666666666563
0 0.6263888888888889 0.5743055555555556 0.010185185185185186 0.009722222222222299
0 0.5226851851851853 0.5979166666666667 0.00462962962962965 0.00694444444444442
0 0.5106481481481482 0.5965277777777778 0.00462962962962965 0.012499999999999956
0 0.48518518518518516 0.5833333333333333 0.009259259259259245 0.019444444444444486
0 0.6046296296296296 0.5791666666666666 0.005555555555555536 0.011111111111111183
0 0.6148148148148148 0.586111111111111 0.0092592592592593 0.01666666666666672
