0 0.9541666666666666 0.3055555555555556 0.025000000000000022 0.04999999999999999
0 0.8814814814814815 0.4979166666666667 0.014814814814814725 0.02638888888888885
0 0.7462962962962962 0.4027777777777778 0.022222222222222254 0.03888888888888886
0 0.7106481481481481 0.5 0.015740740740740833 0.0222222222222222
0 0.7458333333333333 0.6229166666666667 0.00462962962962965 0.009722222222222188
0 0.6703703703703703 0.6208333333333333 0.007407407407407418 0.011111111111111072
0 0.5967592592592592 0.6201388888888889 0.0064814814814814214 0.012499999999999956
0 0.5699074074074074 0.6819444444444445 0.002777777777777768 0.005555555555555536
0 0.5472222222222223 0.6763888888888889 0.0037037037037036535 0.005555555555555536
0 0.4652777777777778 0.47291666666666665 0.012037037037037013 0.03194444444444444
0 0.28703703703703703 0.5381944444444444 0.014814814814814836 0.029166666666666674
0 0.1509259259259259 0.538888888888889 0.027777777777777762 0.04166666666666663
