0 0.837037037037037 0.46319444444444446 0.02777777777777779 0.03750000000000003
0 0.6958333333333333 0.4340277777777778 0.010185185185185186 0.03749999999999998
0 0.6462962962962963 0.4555555555555556 0.020370370370370372 0.04444444444444445
0 0.5800925925925926 0.5347222222222223 0.015740740740740722 0.033333333333333326
0 0.5125 0.5173611111111112 0.019444444444444486 0.040277777777777746
0 0.07222222222222222 0.6631944444444444 0.007407407407407404 0.018055555555555602
0 0.08611111111111111 0.6576388888888889 0.007407407407407418 0.015277777777777724
0 0.6101851851851852 0.6819444444444445 0.007407407407407418 0.011111111111111072
0 0.6814814814814816 0.6840277777777778 0.007407407407407418 0.012499999999999956
0 0.75 0.6736111111111112 0.007407407407407307 0.011111111111111183
0 0.5472222222222223 0.6868055555555556 0.007407407407407418 0.012499999999999956
0 0.4833333333333333 0.7166666666666667 0.003703703703703709 0.005555555555555536
