0 0.20416666666666666 0.44930555555555557 0.036111111111111094 0.0625
0 0.36435185185185187 0.5034722222222222 0.02314814814814814 0.06805555555555554
0 0.8398148148148148 0.6479166666666667 0.020370370370370372 0.040277777777777746
0 0.15787037037037038 0.33194444444444443 0.024999999999999994 0.08611111111111114
0 0.2412037037037037 0.45833333333333337 0.01944444444444446 0.05277777777777776
0 0.8574074074074074 0.7534722222222222 0.011111111111111072 0.01805555555555549
0 0.40740740740740744 0.8319444444444444 0.005555555555555591 0.008333333333333415
0 0.47453703703703703 0.8201388888888889 0.00462962962962965 0.00694444444444442
0 0.4666666666666667 0.81875 0.003703703703703709 0.009722222222222188
0 0.5162037037037037 0.8270833333333334 0.00462962962962965 0.009722222222222299
0 0.4925925925925926 0.84375 0.003703703703703709 0.00694444444444442
0 0.5305555555555556 0.8222222222222222 0.005555555555555536 0.011111111111111072
0 0.5509259259259259 0.8263888888888888 0.0037037037037037646 0.008333333333333415
0 0.5916666666666667 0.8243055555555556 0.005555555555555536 0.009722222222222299
0 0.600462962962963 0.8347222222222223 0.00462962962962965 0.008333333333333304
0 0.8930555555555555 0.7701388888888889 0.010185185185185186 0.015277777777777835
