0 0.6175925925925926 0.5763888888888888 0.022222222222222143 0.036111111111111094
0 0.4990740740740741 0.5951388888888889 0.020370370370370428 0.03194444444444444
0 0.4324074074074074 0.6006944444444444 0.024074074074074026 0.029166666666666674
0 0.912962962962963 0.5166666666666666 0.012962962962962954 0.01666666666666672
0 0.9671296296296297 0.5013888888888889 0.015740740740740722 0.01944444444444443
0 0.7851851851851852 0.5201388888888889 0.0092592592592593 0.018055555555555602
0 0.4712962962962963 0.5819444444444444 0.01481481481481478 0.025000000000000022
0 0.5518518518518518 0.5791666666666666 0.012962962962962954 0.025000000000000022
0 0.6898148148148149 0.586111111111111 0.022222222222222254 0.025000000000000022
0 0.5268518518518519 0.5798611111111112 0.012962962962962954 0.02083333333333337
0 0.39490740740740743 0.6020833333333333 0.010185185185185186 0.02083333333333337
