0 0.5810185185185186 0.5013888888888889 0.019444444444444486 0.061111111111111116
0 0.6449074074074075 0.48124999999999996 0.025000000000000022 0.048611111111111105
0 0.6657407407407407 0.4895833333333333 0.016666666666666607 0.03194444444444444
0 0.7384259259259259 0.4902777777777778 0.015740740740740833 0.024999999999999967
0 0.40555555555555556 0.5041666666666667 0.007407407407407418 0.016666666666666607
0 0.39768518518518514 0.5076388888888889 0.006481481481481477 0.012499999999999956
0 0.37962962962962965 0.5076388888888889 0.005555555555555591 0.012499999999999956
0 0.3861111111111111 0.5159722222222223 0.005555555555555536 0.012500000000000067
0 0.5319444444444444 0.4965277777777778 0.01388888888888884 0.020833333333333315
0 0.4453703703703704 0.5034722222222222 0.003703703703703709 0.00694444444444442
