0 0.6444444444444445 0.6909722222222223 0.020370370370370372 0.03194444444444444
0 0.6157407407407407 0.6861111111111111 0.011111111111111183 0.019444444444444375
0 0.587962962962963 0.6798611111111111 0.011111111111111183 0.00694444444444442
0 0.735648148148148 0.6791666666666667 0.00462962962962965 0.008333333333333304
0 0.7194444444444444 0.6729166666666666 0.0037037037037037646 0.006944444444444531
0 0.537037037037037 0.65 0.005555555555555647 0.008333333333333304
0 0.513425925925926 0.6659722222222222 0.00462962962962965 0.00694444444444442
0 0.524537037037037 0.6597222222222222 0.00462962962962965 0.005555555555555536
0 0.1138888888888889 0.6708333333333334 0.011111111111111113 0.01666666666666672
0 0.1476851851851852 0.6708333333333334 0.008333333333333331 0.01666666666666672
0 0.1787037037037037 0.6645833333333333 0.009259259259259245 0.012499999999999956
0 0.1375 0.6631944444444444 0.0046296296296296224 0.00694444444444442
0 0.030555555555555555 0.6708333333333334 0.003703703703703702 0.008333333333333415
0 0.13472222222222224 0.66875 0.0046296296296296224 0.004166666666666652
0 0.2050925925925926 0.6701388888888888 0.006481481481481477 0.012500000000000067
