0 0.6453703703703704 0.5236111111111111 0.03518518518518521 0.06388888888888894
0 0.6097222222222223 0.538888888888889 0.021296296296296258 0.04166666666666663
0 0.5347222222222223 0.5513888888888889 0.030555555555555558 0.033333333333333326
0 0.2828703703703704 0.5368055555555555 0.02314814814814814 0.03194444444444444
0 0.337037037037037 0.5576388888888888 0.01851851851851849 0.029166666666666674
0 0.49953703703703706 0.5194444444444444 0.019444444444444486 0.033333333333333326
0 0.46296296296296297 0.5506944444444444 0.01851851851851849 0.03194444444444444
0 0.7083333333333333 0.55 0.011111111111111183 0.022222222222222254
0 0.48194444444444445 0.5486111111111112 0.015740740740740722 0.025000000000000022
0 0.35324074074074074 0.5444444444444445 0.013888888888888895 0.033333333333333326
0 0.3643518518518518 0.5472222222222223 0.00833333333333336 0.01666666666666672
0 0.6870370370370371 0.5187499999999999 0.01666666666666672 0.05416666666666664
0 0.40185185185185185 0.5583333333333333 0.014814814814814836 0.030555555555555558
