0 0.2986111111111111 0.5993055555555555 0.012037037037037068 0.029166666666666674
0 0.2759259259259259 0.6145833333333333 0.012962962962962954 0.02083333333333337
0 0.374537037037037 0.6048611111111111 0.012037037037037013 0.018055555555555602
0 0.45925925925925926 0.6125 0.0092592592592593 0.011111111111111183
0 0.4097222222222222 0.6152777777777778 0.008333333333333304 0.01388888888888895
0 0.4805555555555555 0.6201388888888888 0.011111111111111127 0.026388888888888906
0 0.5143518518518518 0.6208333333333333 0.012037037037037068 0.01388888888888884
0 0.5583333333333333 0.6104166666666666 0.016666666666666607 0.026388888888888906
0 0.5916666666666667 0.6222222222222222 0.0185185185185186 0.02499999999999991
0 0.7777777777777778 0.5986111111111112 0.011111111111111072 0.022222222222222254
0 0.3925925925925926 0.6152777777777778 0.005555555555555536 0.008333333333333304
