0 0.12453703703703703 0.5513888888888889 0.013888888888888881 0.019444444444444486
0 0.3115740740740741 0.58125 0.00833333333333336 0.009722222222222299
0 0.3194444444444444 0.5833333333333333 0.005555555555555591 0.011111111111111183
0 0.32546296296296295 0.5840277777777778 0.00462962962962965 0.009722222222222188
0 0.32592592592592595 0.575 0.005555555555555591 0.005555555555555536
0 0.38055555555555554 0.5722222222222222 0.005555555555555591 0.008333333333333304
0 0.4615740740740741 0.5798611111111112 0.00462962962962965 0.009722222222222299
0 0.4819444444444444 0.575 0.006481481481481477 0.008333333333333415
0 0.49398148148148147 0.5798611111111112 0.00833333333333336 0.018055555555555602
0 0.5236111111111111 0.5631944444444444 0.008333333333333304 0.012499999999999956
0 0.5194444444444445 0.5770833333333334 0.005555555555555536 0.009722222222222299
0 0.5638888888888889 0.5604166666666667 0.012962962962962954 0.02083333333333326
0 0.7444444444444445 0.5756944444444445 0.016666666666666607 0.026388888888888906
0 0.7731481481481481 0.5430555555555556 0.014814814814814836 0.01666666666666672
0 0.8069444444444445 0.5513888888888889 0.01388888888888884 0.022222222222222254
0 0.8601851851851852 0.5680555555555555 0.024074074074074137 0.04444444444444451
0 0.8912037037037037 0.5569444444444445 0.030555555555555558 0.036111111111111094
