0 0.8888888888888888 0.4618055555555556 0.02592592592592602 0.0402777777777778
0 0.6717592592592593 0.5354166666666667 0.019444444444444375 0.03194444444444444
0 0.5745370370370371 0.37083333333333335 0.010185185185185186 0.04444444444444445
0 0.5041666666666667 0.5090277777777779 0.021296296296296313 0.03194444444444444
0 0.3087962962962963 0.5090277777777779 0.021296296296296258 0.029166666666666674
0 0.3537037037037037 0.5340277777777778 0.025925925925925908 0.03194444444444444
0 0.7328703703703704 0.6777777777777778 0.008333333333333304 0.01388888888888895
0 0.5555555555555556 0.6826388888888889 0.005555555555555536 0.015277777777777724
0 0.01712962962962963 0.7152777777777778 0.006481481481481484 0.011111111111111072
0 0.08333333333333334 0.7270833333333333 0.003703703703703695 0.00694444444444442
0 0.09814814814814815 0.6805555555555556 0.009259259259259259 0.01388888888888884
0 0.125 0.6791666666666667 0.00555555555555555 0.01388888888888884
0 0.7217592592592592 0.7208333333333333 0.00462962962962965 0.008333333333333304
0 0.764351851851852 0.6895833333333333 0.00462962962962965 0.00694444444444442
0 0.811574074074074 0.6861111111111111 0.00462962962962965 0.008333333333333304
0 0.8171296296296295 0.6916666666666667 0.00462962962962965 0.008333333333333304
0 0.8064814814814815 0.7166666666666667 0.005555555555555536 0.011111111111111072
0 0.8291666666666666 0.7 0.00462962962962965 0.005555555555555536
0 0.8333333333333333 0.7034722222222223 0.0037037037037036535 0.006944444444444531
0 0.837037037037037 0.6708333333333334 0.005555555555555536 0.011111111111111183
0 0.8537037037037037 0.6895833333333333 0.005555555555555536 0.00694444444444442
0 0.8583333333333334 0.675 0.005555555555555647 0.008333333333333415
0 0.9421296296296295 0.6965277777777777 0.00462962962962965 0.00694444444444442
0 0.9527777777777777 0.6972222222222222 0.0037037037037036535 0.005555555555555536
0 0.9587962962962963 0.6965277777777777 0.002777777777777768 0.004166666666666652
