0 0.006481481481481481 0.5798611111111112 0.012962962962962963 0.02083333333333337
0 0.03425925925925926 0.570138888888889 0.011111111111111113 0.023611111111111138
0 0.21574074074074073 0.5638888888888889 0.014814814814814808 0.02499999999999991
0 0.24444444444444446 0.5736111111111111 0.0111111111111111 0.01666666666666672
0 0.2685185185185185 0.5465277777777777 0.02407407407407408 0.03749999999999998
0 0.31018518518518523 0.5694444444444444 0.016666666666666663 0.025000000000000022
0 0.337037037037037 0.5701388888888889 0.003703703703703709 0.009722222222222188
0 0.34490740740740744 0.5666666666666667 0.004629629629629595 0.008333333333333304
0 0.38287037037037036 0.5645833333333333 0.00462962962962965 0.009722222222222188
0 0.39722222222222225 0.5604166666666667 0.007407407407407363 0.00694444444444442
0 0.4273148148148148 0.5583333333333333 0.008333333333333304 0.01388888888888884
0 0.44305555555555554 0.5631944444444444 0.006481481481481477 0.009722222222222188
0 0.4550925925925926 0.55625 0.008333333333333304 0.012499999999999956
0 0.4925925925925926 0.5472222222222223 0.005555555555555536 0.008333333333333415
0 0.5365740740740741 0.5541666666666667 0.012037037037037068 0.019444444444444486
0 0.5532407407407407 0.5645833333333333 0.008333333333333415 0.009722222222222188
0 0.6601851851851852 0.5625 0.005555555555555536 0.01388888888888884
0 0.6842592592592593 0.5569444444444445 0.0037037037037036535 0.01388888888888884
0 0.7342592592592592 0.5173611111111112 0.01851851851851849 0.029166666666666674
0 0.8833333333333333 0.5541666666666667 0.024074074074074026 0.04166666666666663
