0 0.6152777777777778 0.74375 0.05277777777777781 0.07361111111111107
0 0.8222222222222222 0.675 0.040740740740740744 0.05555555555555547
0 0.15787037037037038 0.6312500000000001 0.01203703703703704 0.023611111111111138
0 0.20925925925925926 0.6284722222222222 0.014814814814814808 0.01805555555555549
0 0.2013888888888889 0.617361111111111 0.013888888888888895 0.018055555555555602
0 0.2759259259259259 0.6298611111111111 0.01481481481481478 0.02083333333333326
0 0.26481481481481484 0.6340277777777779 0.012962962962962954 0.018055555555555602
0 0.29305555555555557 0.6284722222222222 0.010185185185185186 0.02083333333333326
0 0.3134259259259259 0.6236111111111111 0.013888888888888895 0.019444444444444375
0 0.3226851851851852 0.6444444444444444 0.012037037037037068 0.025000000000000022
0 0.3421296296296296 0.6375 0.010185185185185186 0.025000000000000022
0 0.24444444444444446 0.6263888888888889 0.009259259259259273 0.01388888888888884
0 0.48703703703703705 0.6416666666666666 0.02407407407407408 0.030555555555555558
0 0.5976851851851852 0.6305555555555555 0.010185185185185186 0.016666666666666607
0 0.6768518518518518 0.648611111111111 0.012962962962962954 0.022222222222222254
