0 0.17777777777777778 0.5958333333333333 0.007407407407407418 0.011111111111111072
0 0.3203703703703704 0.5590277777777777 0.016666666666666663 0.026388888888888906
0 0.35462962962962963 0.5354166666666667 0.022222222222222254 0.03194444444444444
0 0.4574074074074074 0.5118055555555556 0.018518518518518545 0.03749999999999998
0 0.5300925925925926 0.5479166666666666 0.015740740740740722 0.02083333333333337
0 0.575 0.5361111111111112 0.012962962962962954 0.025000000000000022
0 0.937037037037037 0.4986111111111111 0.031481481481481444 0.03888888888888892
0 0.034722222222222224 0.5986111111111111 0.008333333333333335 0.01388888888888884
0 0.04212962962962963 0.6152777777777778 0.008333333333333331 0.01388888888888895
0 0.5972222222222222 0.5770833333333334 0.005555555555555536 0.009722222222222299
0 0.7893518518518519 0.49375 0.015740740740740833 0.04583333333333339
