0 0.28888888888888886 0.5090277777777777 0.018518518518518545 0.03750000000000003
0 0.3310185185185185 0.48680555555555555 0.01944444444444443 0.03194444444444444
0 0.4708333333333333 0.4965277777777778 0.010185185185185186 0.018055555555555547
0 0.5 0.5034722222222222 0.011111111111111072 0.01805555555555549
0 0.5310185185185186 0.5111111111111111 0.0064814814814814214 0.011111111111111183
0 0.5458333333333334 0.5138888888888888 0.002777777777777879 0.005555555555555647
0 0.5643518518518519 0.5125 0.002777777777777768 0.005555555555555536
0 0.5546296296296296 0.5097222222222222 0.0037037037037036535 0.005555555555555536
0 0.6009259259259259 0.5104166666666666 0.0018518518518518823 0.004166666666666652
0 0.6032407407407407 0.5090277777777777 0.002777777777777768 0.00694444444444442
