0 0.9078703703703703 0.4618055555555556 0.07314814814814807 0.12361111111111112
0 0.7523148148148149 0.5194444444444445 0.04166666666666663 0.07777777777777778
0 0.40925925925925927 0.5555555555555556 0.01851851851851849 0.0444444444444444
0 0.3236111111111111 0.5284722222222222 0.02314814814814814 0.03472222222222221
0 0.4930555555555556 0.5444444444444445 0.013888888888888895 0.033333333333333326
0 0.6032407407407407 0.5041666666666667 0.015740740740740833 0.041666666666666685
0 0.7 0.5333333333333333 0.04999999999999993 0.07499999999999996
0 0.4425925925925926 0.5451388888888888 0.01851851851851849 0.03472222222222221
0 0.3486111111111111 0.5465277777777777 0.01944444444444443 0.03749999999999998
0 0.5430555555555556 0.5555555555555556 0.010185185185185186 0.019444444444444486
0 0.4800925925925926 0.5555555555555556 0.00833333333333336 0.019444444444444486
0 0.3680555555555556 0.5493055555555555 0.00833333333333336 0.026388888888888906
