0 0.02824074074074074 0.5375000000000001 0.03796296296296296 0.019444444444444486
0 0.23009259259259257 0.5597222222222222 0.024999999999999994 0.04166666666666674
0 0.3199074074074074 0.5520833333333333 0.021296296296296313 0.026388888888888906
0 0.7300925925925925 0.5395833333333333 0.047222222222222165 0.08194444444444449
0 0.6726851851851852 0.5715277777777777 0.00462962962962965 0.00694444444444442
0 0.6773148148148148 0.5729166666666666 0.002777777777777768 0.004166666666666652
0 0.6810185185185185 0.5743055555555555 0.00462962962962965 0.00694444444444442
0 0.6925925925925926 0.5701388888888889 0.0037037037037036535 0.009722222222222188
0 0.6347222222222222 0.5493055555555555 0.00462962962962965 0.023611111111111138
0 0.4569444444444445 0.5659722222222222 0.006481481481481477 0.023611111111111027
