0 0.6523148148148148 0.6145833333333333 0.11018518518518516 0.16527777777777775
0 0.7912037037037037 0.5416666666666666 0.07870370370370372 0.12222222222222218
0 0.4986111111111111 0.5736111111111111 0.041666666666666685 0.07500000000000007
0 0.36944444444444446 0.5958333333333333 0.02777777777777779 0.05277777777777781
0 0.5685185185185185 0.5840277777777778 0.03703703703703698 0.054166666666666696
0 0.8777777777777778 0.5736111111111111 0.029629629629629672 0.04999999999999993
0 0.4662037037037037 0.5854166666666667 0.032407407407407385 0.04861111111111116
0 0.3231481481481482 0.7694444444444444 0.06481481481481483 0.09722222222222221
0 0.41805555555555557 0.632638888888889 0.025000000000000022 0.03472222222222221
0 0.39629629629629626 0.6215277777777778 0.011111111111111127 0.02083333333333326
0 0.7148148148148148 0.59375 0.020370370370370372 0.04861111111111116
