0 0.4537037037037037 0.5770833333333334 0.02777777777777779 0.040277777777777746
0 0.4759259259259259 0.5270833333333333 0.007407407407407418 0.015277777777777724
0 0.5513888888888889 0.5173611111111112 0.010185185185185186 0.015277777777777835
0 0.5731481481481482 0.5076388888888889 0.011111111111111183 0.015277777777777724
0 0.5902777777777777 0.5069444444444444 0.010185185185185186 0.01388888888888884
0 0.6759259259259259 0.4902777777777778 0.012962962962963065 0.0222222222222222
0 0.7055555555555555 0.4722222222222222 0.01851851851851849 0.01944444444444443
0 0.7560185185185184 0.45416666666666666 0.015740740740740722 0.025000000000000022
0 0.837037037037037 0.4472222222222222 0.0185185185185186 0.024999999999999967
0 0.8754629629629629 0.4486111111111111 0.025000000000000022 0.02777777777777779
0 0.48194444444444445 0.5270833333333333 0.00462962962962965 0.009722222222222188
0 0.5212962962962964 0.5076388888888889 0.007407407407407418 0.012499999999999956
0 0.5074074074074074 0.5159722222222223 0.005555555555555536 0.012500000000000067
0 0.6402777777777777 0.5166666666666666 0.008333333333333415 0.011111111111111183
