0 0.004166666666666667 0.6375 0.006481481481481482 0.008333333333333415
0 0.18981481481481483 0.6229166666666667 0.00740740740740739 0.009722222222222188
0 0.24305555555555555 0.6215277777777778 0.006481481481481477 0.00694444444444442
0 0.28240740740740744 0.6118055555555555 0.005555555555555591 0.006944444444444531
0 0.2777777777777778 0.6145833333333334 0.007407407407407418 0.009722222222222188
0 0.3435185185185185 0.6069444444444445 0.007407407407407418 0.01388888888888895
0 0.5777777777777777 0.5888888888888889 0.005555555555555647 0.008333333333333304
0 0.6125 0.6055555555555556 0.008333333333333415 0.01666666666666672
0 0.8550925925925925 0.55 0.00462962962962965 0.005555555555555536
0 0.8513888888888889 0.5520833333333334 0.002777777777777768 0.00694444444444442
0 0.8810185185185184 0.5493055555555556 0.00462962962962965 0.004166666666666652
0 0.8796296296296297 0.5534722222222223 0.0037037037037037646 0.004166666666666652
0 0.9074074074074074 0.625 0.03888888888888886 0.050000000000000044
0 0.24953703703703703 0.7069444444444444 0.02685185185185185 0.0527777777777777
0 0.44351851851851853 0.6 0.007407407407407418 0.011111111111111072
0 0.22685185185185186 0.6125 0.007407407407407418 0.01388888888888895
