0 0.5675925925925926 0.5090277777777779 0.01851851851851849 0.026388888888888906
0 0.5921296296296297 0.5083333333333333 0.010185185185185186 0.01666666666666672
0 0.648611111111111 0.5041666666666667 0.010185185185185186 0.019444444444444375
0 0.6680555555555556 0.49236111111111114 0.010185185185185186 0.023611111111111083
0 0.6935185185185185 0.4847222222222222 0.016666666666666607 0.019444444444444486
0 0.7300925925925925 0.46458333333333335 0.010185185185185186 0.018055555555555547
0 0.7435185185185185 0.46875 0.011111111111111183 0.023611111111111138
0 0.8435185185185186 0.4493055555555555 0.011111111111111183 0.012500000000000011
0 0.4037037037037037 0.5347222222222222 0.007407407407407363 0.01388888888888884
0 0.4101851851851852 0.5347222222222222 0.005555555555555591 0.01388888888888884
0 0.4449074074074074 0.5381944444444444 0.008333333333333304 0.009722222222222188
0 0.4615740740740741 0.5347222222222222 0.010185185185185186 0.01388888888888884
0 0.5212962962962964 0.4986111111111111 0.007407407407407418 0.011111111111111072
0 0.1587962962962963 0.58125 0.00462962962962965 0.009722222222222299
0 0.16296296296296298 0.5930555555555556 0.005555555555555564 0.01388888888888884
0 0.3421296296296297 0.5416666666666666 0.006481481481481477 0.008333333333333304
0 0.36342592592592593 0.5701388888888889 0.00462962962962965 0.009722222222222188
0 0.37083333333333335 0.56875 0.006481481481481477 0.012499999999999956
0 0.3648148148148148 0.5402777777777777 0.005555555555555536 0.005555555555555536
0 0.374537037037037 0.5423611111111111 0.006481481481481477 0.00694444444444442
0 0.38055555555555554 0.5423611111111111 0.005555555555555591 0.009722222222222299
0 0.43333333333333335 0.5423611111111111 0.005555555555555536 0.009722222222222299
0 0.8916666666666666 0.41736111111111107 0.0037037037037036535 0.006944444444444475
