0 0.15416666666666667 0.663888888888889 0.030555555555555558 0.0444444444444444
0 0.1675925925925926 0.6097222222222223 0.009259259259259245 0.011111111111111183
0 0.17731481481481481 0.6055555555555556 0.010185185185185186 0.011111111111111183
0 0.18842592592592594 0.6097222222222223 0.006481481481481505 0.011111111111111183
0 0.2189814814814815 0.6194444444444445 0.008333333333333331 0.016666666666666607
0 0.24861111111111112 0.6118055555555555 0.010185185185185186 0.015277777777777835
0 0.28240740740740744 0.6173611111111111 0.009259259259259245 0.015277777777777724
0 0.33472222222222225 0.6083333333333334 0.015740740740740777 0.01388888888888895
0 0.37916666666666665 0.5944444444444444 0.015740740740740722 0.019444444444444375
0 0.42638888888888893 0.601388888888889 0.013888888888888895 0.019444444444444486
0 0.45694444444444443 0.6180555555555556 0.010185185185185186 0.019444444444444486
0 0.5236111111111111 0.6159722222222221 0.01388888888888884 0.023611111111111138
0 0.5402777777777779 0.6069444444444445 0.015740740740740722 0.025000000000000022
0 0.5546296296296296 0.6034722222222222 0.007407407407407418 0.009722222222222188
0 0.6097222222222223 0.6618055555555555 0.03240740740740733 0.056944444444444464
0 0.6870370370370371 0.60625 0.00925925925925919 0.015277777777777835
0 0.8412037037037037 0.59375 0.01388888888888884 0.023611111111111027
0 0.7305555555555556 0.6097222222222223 0.011111111111111183 0.019444444444444486
0 0.799074074074074 0.6152777777777778 0.007407407407407418 0.01388888888888895
0 0.4087962962962963 0.6 0.012037037037037013 0.016666666666666607
0 0.2671296296296296 0.6090277777777777 0.00833333333333336 0.018055555555555602
0 0.3578703703703704 0.6020833333333333 0.012037037037037013 0.015277777777777835
