0 0.12916666666666665 0.5291666666666667 0.03240740740740741 0.05277777777777781
0 0.2865740740740741 0.5513888888888889 0.017592592592592604 0.02777777777777779
0 0.32592592592592595 0.5555555555555556 0.018518518518518545 0.02777777777777779
0 0.3856481481481482 0.5479166666666666 0.004629629629629595 0.02083333333333337
0 0.42361111111111116 0.5666666666666667 0.013888888888888895 0.016666666666666607
0 0.4476851851851852 0.5479166666666666 0.008333333333333304 0.023611111111111138
0 0.537037037037037 0.5541666666666667 0.011111111111111183 0.01666666666666672
0 0.610648148148148 0.5388888888888889 0.010185185185185186 0.01388888888888884
0 0.7199074074074074 0.5180555555555555 0.00462962962962965 0.019444444444444486
0 0.8476851851851852 0.4916666666666667 0.010185185185185186 0.016666666666666663
0 0.8800925925925926 0.49930555555555556 0.015740740740740722 0.018055555555555547
0 0.936574074074074 0.5062500000000001 0.015740740740740722 0.02083333333333337
