0 0.45231481481481484 0.5472222222222223 0.010185185185185186 0.01666666666666672
0 0.42268518518518516 0.5222222222222221 0.017592592592592604 0.025000000000000022
0 0.3388888888888889 0.5277777777777778 0.009259259259259245 0.022222222222222143
0 0.33240740740740743 0.5277777777777778 0.007407407407407418 0.022222222222222143
0 0.2972222222222222 0.5465277777777777 0.005555555555555536 0.012500000000000067
0 0.2787037037037037 0.5611111111111111 0.009259259259259245 0.01388888888888884
0 0.28935185185185186 0.5458333333333334 0.010185185185185186 0.011111111111111183
0 0.14120370370370372 0.5562499999999999 0.024999999999999994 0.043055555555555514
0 0.09305555555555556 0.5708333333333333 0.030555555555555558 0.05277777777777781
0 0.062037037037037036 0.5375000000000001 0.031481481481481485 0.02777777777777779
