0 0.6875 0.6284722222222223 0.02314814814814814 0.03749999999999998
0 0.7449074074074074 0.6347222222222222 0.02314814814814825 0.03888888888888886
0 0.6037037037037036 0.601388888888889 0.024074074074074026 0.033333333333333326
0 0.5398148148148149 0.6215277777777777 0.014814814814814836 0.026388888888888906
0 0.5467592592592593 0.6111111111111112 0.012037037037037068 0.022222222222222254
0 0.5129629629629631 0.5951388888888889 0.012962962962962954 0.02083333333333326
0 0.5467592592592593 0.5791666666666666 0.008333333333333304 0.019444444444444486
0 0.47824074074074074 0.6166666666666667 0.010185185185185186 0.01666666666666672
0 0.3662037037037037 0.5958333333333333 0.010185185185185186 0.019444444444444375
0 0.33564814814814814 0.6055555555555556 0.006481481481481477 0.01388888888888895
0 0.17037037037037037 0.6152777777777778 0.012962962962962954 0.019444444444444486
0 0.1550925925925926 0.6284722222222223 0.01944444444444443 0.03472222222222221
0 0.11342592592592593 0.6194444444444445 0.019444444444444445 0.03888888888888886
0 0.046759259259259264 0.6312500000000001 0.023148148148148147 0.03749999999999998
0 0.2462962962962963 0.6041666666666666 0.005555555555555564 0.008333333333333304
0 0.2523148148148148 0.6090277777777777 0.006481481481481449 0.009722222222222299
0 0.18148148148148147 0.60625 0.009259259259259273 0.012500000000000067
