0 0.19305555555555556 0.6083333333333334 0.013888888888888895 0.01666666666666672
0 0.22083333333333333 0.6034722222222222 0.010185185185185186 0.023611111111111138
0 0.39166666666666666 0.6263888888888889 0.007407407407407418 0.022222222222222143
0 0.41712962962962963 0.6236111111111111 0.0064814814814815325 0.02499999999999991
0 0.46574074074074073 0.6513888888888888 0.005555555555555536 0.025000000000000022
0 0.5347222222222222 0.632638888888889 0.019444444444444375 0.03194444444444444
0 0.6509259259259259 0.6076388888888888 0.03518518518518521 0.05972222222222223
0 0.6736111111111112 0.5944444444444444 0.015740740740740722 0.03333333333333344
0 0.6935185185185184 0.6131944444444444 0.012962962962962954 0.02083333333333337
0 0.7143518518518519 0.5847222222222221 0.021296296296296258 0.030555555555555558
0 0.750925925925926 0.5944444444444444 0.03888888888888886 0.05833333333333335
0 0.7833333333333333 0.6006944444444444 0.024074074074074137 0.03472222222222221
0 0.798148148148148 0.6020833333333333 0.012962962962962954 0.018055555555555602
0 0.8222222222222222 0.6048611111111111 0.033333333333333326 0.04861111111111105
0 0.8421296296296297 0.5868055555555556 0.019444444444444486 0.03472222222222221
0 0.8634259259259259 0.6340277777777779 0.02499999999999991 0.026388888888888906
0 0.9421296296296297 0.625 0.017592592592592604 0.036111111111111205
0 0.18703703703703706 0.6993055555555556 0.06296296296296297 0.14027777777777783
0 0.31203703703703706 0.7638888888888888 0.10185185185185186 0.1777777777777777
0 0.7083333333333333 0.7388888888888889 0.022222222222222254 0.0444444444444444
