0 0.8671296296296296 0.4354166666666667 0.017592592592592604 0.02083333333333337
0 0.8305555555555555 0.4513888888888889 0.011111111111111183 0.022222222222222254
0 0.7694444444444445 0.4652777777777778 0.020370370370370372 0.04999999999999999
0 0.6990740740740741 0.4965277777777778 0.0092592592592593 0.015277777777777779
0 0.662962962962963 0.5041666666666667 0.016666666666666607 0.027777777777777846
0 0.6351851851851852 0.5097222222222222 0.016666666666666607 0.025000000000000022
0 0.6231481481481481 0.4916666666666667 0.0092592592592593 0.016666666666666663
0 0.6032407407407407 0.507638888888889 0.015740740740740833 0.023611111111111138
0 0.5365740740740741 0.5215277777777778 0.010185185185185186 0.018055555555555602
0 0.5222222222222221 0.5194444444444444 0.007407407407407418 0.01388888888888895
0 0.5092592592592593 0.5180555555555555 0.00925925925925919 0.01666666666666672
0 0.5 0.5201388888888889 0.0092592592592593 0.012500000000000067
0 0.4861111111111111 0.5166666666666666 0.007407407407407418 0.011111111111111183
0 0.4601851851851852 0.5319444444444444 0.005555555555555536 0.01388888888888884
0 0.4527777777777778 0.5409722222222222 0.005555555555555536 0.012500000000000067
0 0.43148148148148147 0.5326388888888889 0.007407407407407418 0.00694444444444442
0 0.4064814814814815 0.54375 0.007407407407407418 0.009722222222222299
0 0.37592592592592594 0.5611111111111111 0.007407407407407418 0.01388888888888884
0 0.30694444444444446 0.5395833333333333 0.002777777777777768 0.004166666666666652
0 0.3087962962962963 0.5375 0.002777777777777768 0.005555555555555536
0 0.31157407407407406 0.5361111111111111 0.002777777777777768 0.005555555555555536
0 0.38287037037037036 0.5326388888888889 0.00462962962962965 0.00694444444444442
0 0.5259259259259259 0.5131944444444445 0.005555555555555536 0.009722222222222299
0 0.5546296296296296 0.4965277777777778 0.0018518518518518823 0.004166666666666652
0 0.5625 0.49930555555555556 0.002777777777777768 0.004166666666666652
0 0.5800925925925926 0.49097222222222225 0.002777777777777768 0.004166666666666707
0 0.5851851851851853 0.4895833333333333 0.0018518518518518823 0.004166666666666652
