0 0.09259259259259259 0.7208333333333333 0.07407407407407407 0.18611111111111112
0 0.3569444444444444 0.6041666666666667 0.006481481481481477 0.01666666666666672
0 0.4662037037037037 0.6291666666666667 0.01944444444444443 0.030555555555555558
0 0.47962962962962963 0.6145833333333333 0.0092592592592593 0.015277777777777835
0 0.55 0.6118055555555555 0.022222222222222254 0.029166666666666674
0 0.5925925925925926 0.6604166666666667 0.029629629629629672 0.043055555555555625
0 0.6064814814814815 0.5923611111111111 0.020370370370370372 0.03194444444444444
0 0.6689814814814814 0.6263888888888889 0.021296296296296258 0.036111111111111205
0 0.6976851851851852 0.6020833333333333 0.02499999999999991 0.040277777777777746
0 0.7259259259259259 0.575 0.02962962962962956 0.05833333333333335
0 0.7638888888888888 0.6000000000000001 0.012962962962962954 0.025000000000000022
0 0.8101851851851851 0.6583333333333333 0.033333333333333326 0.061111111111111116
0 0.8912037037037037 0.6006944444444444 0.028703703703703676 0.040277777777777746
0 0.9722222222222223 0.5888888888888888 0.02777777777777779 0.036111111111111094
0 0.21712962962962962 0.6131944444444444 0.008333333333333331 0.009722222222222299
