0 0.2967592592592593 0.6840277777777778 0.013888888888888895 0.023611111111111027
0 0.2791666666666667 0.6298611111111111 0.00462962962962965 0.00694444444444442
0 0.30277777777777776 0.6284722222222222 0.007407407407407418 0.004166666666666652
0 0.31666666666666665 0.6236111111111111 0.003703703703703709 0.008333333333333304
0 0.34074074074074073 0.6284722222222222 0.005555555555555536 0.00694444444444442
0 0.35185185185185186 0.6291666666666667 0.005555555555555536 0.008333333333333304
0 0.3611111111111111 0.6326388888888889 0.005555555555555536 0.009722222222222188
0 0.39583333333333337 0.625 0.004629629629629595 0.008333333333333304
0 0.5981481481481481 0.6375 0.01851851851851849 0.025000000000000022
0 0.7166666666666667 0.5854166666666667 0.025925925925925908 0.03472222222222221
