0 0.42314814814814816 0.5375 0.009259259259259245 0.01388888888888884
0 0.4800925925925926 0.5361111111111111 0.00833333333333336 0.01388888888888884
0 0.5041666666666667 0.5409722222222222 0.008333333333333304 0.015277777777777835
0 0.6421296296296297 0.523611111111111 0.019444444444444486 0.022222222222222254
0 0.412962962962963 0.5451388888888888 0.007407407407407418 0.012500000000000067
0 0.6092592592592592 0.5465277777777777 0.007407407407407418 0.009722222222222299
0 0.4912037037037037 0.5465277777777777 0.00462962962962965 0.006944444444444531
0 0.5087962962962963 0.5326388888888889 0.004629629629629539 0.00694444444444442
0 0.5337962962962963 0.5236111111111111 0.00462962962962965 0.011111111111111072
0 0.5393518518518519 0.5222222222222223 0.004629629629629539 0.008333333333333304
0 0.6092592592592593 0.5215277777777778 0.0037037037037037646 0.004166666666666652
