0 0.8185185185185184 0.5493055555555555 0.033333333333333326 0.04583333333333328
0 0.5726851851851852 0.6006944444444444 0.012037037037037068 0.015277777777777724
0 0.5398148148148147 0.6041666666666667 0.011111111111111183 0.019444444444444486
0 0.4449074074074074 0.6208333333333333 0.006481481481481477 0.01388888888888884
0 0.21574074074074073 0.695138888888889 0.014814814814814808 0.03749999999999998
0 0.27685185185185185 0.6326388888888889 0.007407407407407418 0.009722222222222188
0 0.28935185185185186 0.6381944444444445 0.008333333333333304 0.009722222222222299
0 0.3032407407407407 0.6333333333333333 0.006481481481481477 0.011111111111111072
0 0.3175925925925926 0.6361111111111111 0.005555555555555536 0.008333333333333304
0 0.32916666666666666 0.6333333333333333 0.00462962962962965 0.011111111111111072
0 0.35416666666666663 0.6270833333333333 0.004629629629629595 0.009722222222222188
