0 0.18425925925925926 0.5965277777777778 0.012962962962962954 0.02083333333333326
0 0.21574074074074073 0.6041666666666667 0.012962962962962954 0.01666666666666672
0 0.2513888888888889 0.6173611111111111 0.010185185185185186 0.015277777777777724
0 0.28194444444444444 0.6222222222222222 0.010185185185185186 0.019444444444444375
0 0.28888888888888886 0.6118055555555555 0.009259259259259245 0.018055555555555602
0 0.30138888888888893 0.6069444444444445 0.013888888888888895 0.019444444444444486
0 0.3773148148148148 0.6222222222222222 0.012037037037037068 0.019444444444444375
0 0.7046296296296296 0.6111111111111112 0.020370370370370372 0.02777777777777779
0 0.7467592592592592 0.6125 0.017592592592592604 0.02777777777777779
0 0.836111111111111 0.6222222222222222 0.01666666666666672 0.019444444444444375
0 0.2652777777777778 0.6027777777777777 0.010185185185185186 0.011111111111111072
0 0.22824074074074074 0.6125 0.010185185185185186 0.01388888888888895
