0 0.7828703703703703 0.5444444444444445 0.03240740740740733 0.022222222222222254
0 0.46574074074074073 0.55625 0.007407407407407418 0.012499999999999956
0 0.4847222222222222 0.5583333333333333 0.008333333333333304 0.01388888888888884
0 0.40324074074074073 0.5611111111111111 0.010185185185185186 0.016666666666666607
0 0.38101851851851853 0.5680555555555555 0.006481481481481477 0.01388888888888884
0 0.5189814814814815 0.5583333333333333 0.002777777777777768 0.005555555555555536
0 0.2606481481481482 0.5243055555555556 0.012037037037037013 0.009722222222222188
0 0.34398148148148144 0.5472222222222223 0.00833333333333336 0.011111111111111183
0 0.32361111111111107 0.5576388888888889 0.00833333333333336 0.01805555555555549
0 0.14351851851851852 0.53125 0.016666666666666663 0.01805555555555549
0 0.08888888888888889 0.523611111111111 0.018518518518518517 0.02777777777777779
0 0.11666666666666667 0.5208333333333333 0.016666666666666663 0.011111111111111183
