0 0.4439814814814815 0.49722222222222223 0.025000000000000022 0.03611111111111104
0 0.5949074074074074 0.5402777777777779 0.019444444444444486 0.030555555555555558
0 0.7087962962962963 0.5249999999999999 0.02314814814814814 0.030555555555555558
0 0.8171296296296297 0.41666666666666663 0.02314814814814814 0.055555555555555525
0 0.6856481481481482 0.6631944444444444 0.0064814814814814214 0.009722222222222188
0 0.7569444444444444 0.6451388888888889 0.012037037037037068 0.018055555555555602
0 0.9171296296296296 0.6548611111111111 0.008333333333333304 0.012499999999999956
0 0.898611111111111 0.6416666666666666 0.010185185185185186 0.01666666666666672
0 0.9375 0.6388888888888888 0.008333333333333304 0.01388888888888895
0 0.6212962962962962 0.6729166666666666 0.007407407407407418 0.012500000000000067
0 0.662962962962963 0.675 0.005555555555555536 0.008333333333333415
0 0.8722222222222222 0.7083333333333333 0.007407407407407418 0.01388888888888895
0 0.8810185185185184 0.6694444444444445 0.00462962962962965 0.008333333333333415
0 0.7902777777777779 0.7104166666666667 0.00462962962962965 0.012499999999999956
0 0.7305555555555556 0.6701388888888888 0.007407407407407418 0.012500000000000067
0 0.6953703703703704 0.6743055555555555 0.005555555555555647 0.009722222222222299
0 0.6703703703703703 0.6715277777777777 0.007407407407407418 0.009722222222222299
0 0.5560185185185185 0.6819444444444445 0.0064814814814814214 0.011111111111111072
