0 0.0912037037037037 0.5972222222222223 0.017592592592592604 0.02777777777777779
0 0.21064814814814814 0.5402777777777779 0.013888888888888895 0.030555555555555558
0 0.9722222222222222 0.5611111111111111 0.014814814814814836 0.02777777777777768
0 0.24074074074074076 0.6736111111111112 0.009259259259259273 0.01388888888888895
0 0.043055555555555555 0.6854166666666667 0.008333333333333331 0.012499999999999956
0 0.40509259259259256 0.69375 0.006481481481481477 0.009722222222222188
0 0.4439814814814815 0.7020833333333334 0.00462962962962965 0.006944444444444531
0 0.9162037037037036 0.6777777777777778 0.00462962962962965 0.008333333333333304
0 0.9064814814814814 0.6798611111111111 0.005555555555555536 0.00694444444444442
0 0.8564814814814815 0.6798611111111111 0.005555555555555536 0.00694444444444442
0 0.8240740740740741 0.6909722222222222 0.005555555555555536 0.009722222222222188
0 0.7967592592592593 0.7180555555555556 0.0064814814814815325 0.011111111111111072
0 0.8337962962962963 0.6993055555555555 0.002777777777777768 0.00694444444444442
0 0.7037037037037037 0.6763888888888889 0.007407407407407418 0.011111111111111183
0 0.6967592592592593 0.725 0.0064814814814814214 0.011111111111111072
0 0.6685185185185185 0.6770833333333334 0.0037037037037037646 0.009722222222222188
0 0.5694444444444444 0.6840277777777778 0.005555555555555536 0.009722222222222188
0 0.5578703703703703 0.69375 0.0064814814814815325 0.009722222222222188
0 0.5722222222222222 0.7069444444444444 0.005555555555555536 0.008333333333333415
0 0.003703703703703704 0.7194444444444444 0.005555555555555555 0.011111111111111072
