0 0.34490740740740744 0.5201388888888889 0.01944444444444443 0.023611111111111138
0 0.42083333333333334 0.49930555555555556 0.021296296296296258 0.02916666666666662
0 0.5523148148148148 0.5361111111111112 0.017592592592592604 0.025000000000000022
0 0.2152777777777778 0.6590277777777778 0.008333333333333331 0.015277777777777724
0 0.36157407407407405 0.6215277777777778 0.00833333333333336 0.01805555555555549
0 0.4689814814814815 0.4388888888888889 0.010185185185185186 0.033333333333333326
0 0.48657407407407405 0.56875 0.00833333333333336 0.01805555555555549
0 0.5861111111111111 0.6361111111111111 0.005555555555555536 0.008333333333333304
0 0.6328703703703704 0.6284722222222222 0.008333333333333415 0.012499999999999956
0 0.7 0.6125 0.007407407407407418 0.011111111111111183
0 0.7527777777777778 0.6104166666666666 0.005555555555555536 0.009722222222222299
0 0.9912037037037037 0.43819444444444444 0.015740740740740833 0.03472222222222221
