0 0.28564814814814815 0.5055555555555555 0.02314814814814814 0.030555555555555614
0 0.36296296296296293 0.4548611111111111 0.02407407407407408 0.029166666666666674
0 0.44907407407407407 0.5541666666666667 0.020370370370370372 0.030555555555555558
0 0.5138888888888888 0.4798611111111111 0.024074074074074026 0.029166666666666674
0 0.6879629629629629 0.35277777777777775 0.022222222222222254 0.04722222222222222
0 0.8199074074074074 0.5180555555555555 0.02129629629629637 0.02777777777777779
0 0.5962962962962963 0.6875 0.005555555555555536 0.011111111111111072
0 0.6467592592592593 0.6833333333333333 0.0064814814814815325 0.011111111111111072
0 0.6157407407407407 0.6847222222222222 0.005555555555555536 0.011111111111111072
0 0.6694444444444445 0.6798611111111111 0.005555555555555647 0.009722222222222188
0 0.7629629629629631 0.6715277777777777 0.007407407407407418 0.012500000000000067
0 0.8865740740740741 0.6868055555555556 0.004629629629629539 0.00694444444444442
0 0.9412037037037038 0.6784722222222223 0.00462962962962965 0.00694444444444442
0 0.19814814814814816 0.6756944444444444 0.007407407407407418 0.018055555555555602
0 0.0851851851851852 0.6729166666666666 0.007407407407407404 0.012500000000000067
0 0.5333333333333333 0.7111111111111111 0.005555555555555536 0.005555555555555536
0 0.5416666666666667 0.7152777777777778 0.0037037037037036535 0.005555555555555536
0 0.5819444444444445 0.7111111111111111 0.002777777777777768 0.005555555555555536
0 0.6296296296296297 0.7159722222222222 0.0037037037037037646 0.00694444444444442
0 0.6722222222222223 0.6868055555555556 0.0037037037037036535 0.00694444444444442
0 0.9675925925925926 0.6930555555555555 0.0037037037037036535 0.005555555555555536
