0 0.10925925925925925 0.3770833333333333 0.024074074074074067 0.05138888888888893
0 0.29953703703703705 0.5326388888888889 0.017592592592592604 0.02083333333333326
0 0.3296296296296296 0.5298611111111111 0.007407407407407363 0.029166666666666674
0 0.9185185185185185 0.4548611111111111 0.016666666666666607 0.026388888888888906
0 0.7569444444444444 0.6041666666666667 0.008333333333333304 0.011111111111111183
0 0.6958333333333333 0.6125 0.0064814814814815325 0.011111111111111183
0 0.8041666666666667 0.6444444444444444 0.00462962962962965 0.011111111111111183
0 0.8518518518518519 0.6340277777777777 0.0092592592592593 0.012499999999999956
0 0.8712962962962962 0.6375 0.00925925925925919 0.011111111111111183
0 0.8708333333333333 0.6159722222222223 0.00462962962962965 0.00694444444444442
0 0.10324074074074074 0.7423611111111111 0.0046296296296296224 0.00694444444444442
0 0.6449074074074074 0.6645833333333333 0.002777777777777768 0.004166666666666652
0 0.6754629629629629 0.6118055555555555 0.00462962962962965 0.009722222222222299
0 0.7912037037037036 0.6451388888888889 0.00462962962962965 0.009722222222222299
0 0.5930555555555556 0.6520833333333333 0.002777777777777768 0.00694444444444442
