0 0.11851851851851852 0.6423611111111112 0.012962962962962968 0.015277777777777835
0 0.5689814814814815 0.5270833333333333 0.017592592592592493 0.023611111111111138
0 0.612037037037037 0.523611111111111 0.016666666666666607 0.025000000000000022
0 0.6532407407407408 0.5111111111111111 0.015740740740740722 0.022222222222222254
0 0.5912037037037037 0.6722222222222223 0.002777777777777768 0.005555555555555647
0 0.6356481481481482 0.6305555555555555 0.00462962962962965 0.011111111111111072
0 0.6939814814814815 0.6180555555555556 0.008333333333333415 0.011111111111111072
0 0.7680555555555555 0.6180555555555556 0.0064814814814814214 0.011111111111111072
0 0.7763888888888889 0.4583333333333333 0.01388888888888884 0.033333333333333326
0 0.8527777777777779 0.6368055555555556 0.007407407407407418 0.012500000000000067
0 0.8717592592592592 0.6381944444444445 0.008333333333333304 0.012500000000000067
0 0.9851851851851852 0.5513888888888889 0.005555555555555536 0.011111111111111183
0 0.9898148148148148 0.40694444444444444 0.0185185185185186 0.030555555555555558
0 0.03796296296296296 0.7409722222222223 0.003703703703703709 0.00694444444444442
