0 0.3462962962962963 0.5249999999999999 0.011111111111111127 0.022222222222222254
0 0.6810185185185185 0.49444444444444446 0.017592592592592493 0.027777777777777735
0 0.17777777777777776 0.6444444444444444 0.0111111111111111 0.01666666666666672
0 0.45046296296296295 0.6944444444444444 0.002777777777777768 0.005555555555555536
0 0.45925925925925926 0.6881944444444444 0.0018518518518518823 0.004166666666666652
0 0.7194444444444444 0.6118055555555555 0.005555555555555536 0.009722222222222299
0 0.7842592592592592 0.59375 0.005555555555555647 0.009722222222222188
0 0.8032407407407407 0.6444444444444444 0.0064814814814814214 0.011111111111111183
0 0.7814814814814814 0.65 0.0037037037037036535 0.008333333333333304
0 0.8236111111111111 0.6409722222222223 0.00462962962962965 0.006944444444444531
0 0.8333333333333333 0.6180555555555556 0.0037037037037036535 0.008333333333333304
0 0.8532407407407407 0.6368055555555556 0.008333333333333304 0.012500000000000067
0 0.8638888888888889 0.6166666666666667 0.0037037037037036535 0.005555555555555536
0 0.8930555555555555 0.6131944444444445 0.00462962962962965 0.00694444444444442
0 0.9736111111111112 0.55625 0.00462962962962965 0.009722222222222188
0 0.9967592592592593 0.5527777777777778 0.00462962962962965 0.008333333333333304
