0 0.7824074074074074 0.44027777777777777 0.01666666666666672 0.02777777777777779
0 0.6569444444444444 0.49375 0.019444444444444375 0.02916666666666662
0 0.45416666666666666 0.48541666666666666 0.019444444444444486 0.040277777777777746
0 0.412962962962963 0.5104166666666667 0.01851851851851849 0.029166666666666674
0 0.30138888888888893 0.46319444444444446 0.02870370370370373 0.03750000000000003
0 0.21481481481481482 0.6472222222222221 0.011111111111111127 0.019444444444444486
0 0.13472222222222222 0.6479166666666667 0.013888888888888895 0.018055555555555602
0 0.5865740740740741 0.6423611111111112 0.0064814814814814214 0.009722222222222299
0 0.5541666666666667 0.6770833333333334 0.00462962962962965 0.00694444444444442
0 0.950462962962963 0.55625 0.004629629629629539 0.012499999999999956
