0 0.44120370370370365 0.5930555555555556 0.02685185185185185 0.04444444444444451
0 0.5268518518518519 0.5472222222222223 0.02592592592592602 0.03888888888888886
0 0.9305555555555556 0.8006944444444444 0.011111111111111072 0.023611111111111138
0 0.8439814814814814 0.7694444444444444 0.008333333333333304 0.01388888888888895
0 0.8708333333333333 0.7291666666666667 0.0064814814814815325 0.01666666666666672
0 0.7680555555555555 0.7444444444444445 0.008333333333333415 0.016666666666666607
0 0.7824074074074074 0.7423611111111111 0.005555555555555536 0.015277777777777724
0 0.5402777777777779 0.4881944444444445 0.026851851851851793 0.06250000000000006
0 0.5050925925925926 0.7826388888888889 0.0064814814814814214 0.015277777777777724
0 0.637962962962963 0.7611111111111111 0.005555555555555536 0.011111111111111183
