0 0.4949074074074074 0.5409722222222222 0.008333333333333304 0.023611111111111138
0 0.5314814814814814 0.5298611111111111 0.00925925925925919 0.029166666666666674
0 0.5736111111111111 0.6361111111111111 0.0064814814814814214 0.008333333333333304
0 0.6296296296296297 0.6298611111111111 0.005555555555555536 0.009722222222222188
0 0.6351851851851852 0.625 0.005555555555555536 0.011111111111111072
0 0.725 0.60625 0.0037037037037037646 0.009722222222222299
0 0.7555555555555555 0.4881944444444445 0.011111111111111072 0.020833333333333315
0 0.7949074074074074 0.4791666666666667 0.0064814814814815325 0.02777777777777779
0 0.825925925925926 0.39652777777777776 0.007407407407407418 0.029166666666666674
0 0.9152777777777779 0.5263888888888889 0.010185185185185186 0.019444444444444375
0 0.9513888888888888 0.5645833333333333 0.010185185185185186 0.012499999999999956
0 0.9967592592592593 0.4826388888888889 0.00462962962962965 0.023611111111111138
0 0.20555555555555555 0.6659722222222222 0.009259259259259273 0.012500000000000067
0 0.12314814814814815 0.7402777777777778 0.003703703703703709 0.005555555555555536
0 0.04722222222222222 0.6631944444444444 0.01296296296296296 0.018055555555555602
