0 0.5356481481481481 0.4145833333333333 0.01388888888888895 0.03750000000000003
0 0.2939814814814815 0.39375000000000004 0.013888888888888895 0.04583333333333334
0 0.26666666666666666 0.6319444444444444 0.011111111111111072 0.019444444444444486
0 0.2328703703703704 0.6465277777777778 0.01203703703703704 0.018055555555555602
0 0.8138888888888889 0.5125 0.020370370370370372 0.03888888888888886
0 0.18194444444444446 0.6763888888888889 0.008333333333333331 0.01388888888888895
0 0.1111111111111111 0.6451388888888889 0.00555555555555555 0.023611111111111138
0 0.6851851851851852 0.6875 0.005555555555555536 0.008333333333333304
0 0.7 0.6854166666666667 0.005555555555555536 0.009722222222222188
0 0.5800925925925926 0.6923611111111111 0.0064814814814815325 0.009722222222222188
0 0.6166666666666667 0.6979166666666666 0.005555555555555536 0.00694444444444442
0 0.6342592592592593 0.6868055555555556 0.005555555555555536 0.012499999999999956
0 0.5962962962962963 0.6840277777777778 0.005555555555555536 0.009722222222222188
0 0.2884259259259259 0.6520833333333333 0.010185185185185186 0.015277777777777724
