0 0.4273148148148148 0.5381944444444444 0.017592592592592604 0.029166666666666674
0 0.46435185185185185 0.5381944444444444 0.015740740740740722 0.029166666666666674
0 0.5805555555555555 0.4548611111111111 0.011111111111111183 0.040277777777777746
0 0.600462962962963 0.5340277777777778 0.015740740740740722 0.023611111111111027
0 0.6606481481481481 0.5416666666666667 0.01388888888888895 0.022222222222222254
0 0.8240740740740741 0.5347222222222223 0.014814814814814836 0.02777777777777779
0 0.19814814814814813 0.69375 0.009259259259259273 0.015277777777777724
0 0.974537037037037 0.5583333333333333 0.012037037037036957 0.01388888888888884
0 0.8273148148148148 0.6069444444444445 0.0064814814814815325 0.011111111111111183
0 0.04490740740740741 0.648611111111111 0.013888888888888888 0.019444444444444486
0 0.1259259259259259 0.7388888888888889 0.003703703703703695 0.005555555555555536
0 0.16342592592592592 0.7256944444444444 0.0046296296296296224 0.00694444444444442
0 0.6148148148148148 0.5965277777777778 0.007407407407407307 0.015277777777777724
