0 0.6768518518518518 0.35 0.014814814814814836 0.04999999999999999
0 0.4425925925925926 0.51875 0.01666666666666672 0.03472222222222221
0 0.6699074074074074 0.5055555555555555 0.017592592592592604 0.027777777777777846
0 0.47731481481481486 0.51875 0.013888888888888895 0.029166666666666674
0 0.6398148148148148 0.49722222222222223 0.0092592592592593 0.01944444444444443
0 0.9662037037037037 0.5618055555555556 0.008333333333333304 0.015277777777777724
0 0.8092592592592592 0.58125 0.005555555555555536 0.015277777777777835
0 0.7685185185185186 0.6 0.007407407407407418 0.011111111111111072
0 0.8527777777777777 0.6395833333333334 0.0092592592592593 0.015277777777777835
0 0.7467592592592592 0.5958333333333333 0.008333333333333304 0.011111111111111072
0 0.8578703703703704 0.6027777777777777 0.008333333333333304 0.011111111111111072
0 0.7370370370370369 0.6180555555555556 0.007407407407407418 0.011111111111111072
0 0.11296296296296296 0.7423611111111111 0.003703703703703709 0.00694444444444442
