0 0.026388888888888892 0.4986111111111111 0.028703703703703707 0.04444444444444451
0 0.5171296296296296 0.5166666666666666 0.017592592592592604 0.02777777777777779
0 0.5259259259259259 0.27361111111111114 0.01851851851851849 0.06666666666666668
0 0.7875 0.4736111111111111 0.017592592592592604 0.02777777777777779
0 0.8972222222222223 0.5784722222222223 0.0092592592592593 0.012500000000000067
0 0.6499999999999999 0.6333333333333333 0.007407407407407418 0.011111111111111072
0 0.6675925925925926 0.6097222222222223 0.005555555555555536 0.01388888888888895
0 0.7342592592592592 0.6486111111111111 0.007407407407407418 0.01388888888888884
0 0.7050925925925926 0.6138888888888889 0.0064814814814815325 0.011111111111111183
0 0.3935185185185185 0.5423611111111111 0.009259259259259245 0.023611111111111138
0 0.8023148148148148 0.6451388888888889 0.008333333333333304 0.012500000000000067
0 0.8550925925925926 0.6409722222222223 0.008333333333333304 0.012500000000000067
0 0.7217592592592592 0.6270833333333333 0.0064814814814814214 0.012499999999999956
