0 0.11805555555555555 0.5381944444444444 0.01944444444444443 0.03472222222222221
0 0.23703703703703705 0.3875 0.009259259259259273 0.036111111111111094
0 0.4300925925925926 0.4895833333333333 0.010185185185185186 0.03194444444444444
0 0.2847222222222222 0.5833333333333333 0.017592592592592604 0.02777777777777779
0 0.5231481481481481 0.5194444444444444 0.012962962962962954 0.025000000000000022
0 0.6472222222222221 0.46875 0.012962962962962954 0.029166666666666674
0 0.6995370370370371 0.5256944444444445 0.017592592592592604 0.026388888888888906
0 0.3675925925925926 0.7118055555555556 0.003703703703703709 0.00694444444444442
0 0.5629629629629629 0.5243055555555556 0.01666666666666672 0.018055555555555602
0 0.6097222222222223 0.6291666666666667 0.008333333333333415 0.011111111111111072
0 0.7370370370370369 0.6069444444444445 0.007407407407407418 0.011111111111111183
0 0.7666666666666666 0.5895833333333333 0.007407407407407418 0.012499999999999956
0 0.7805555555555556 0.5972222222222222 0.007407407407407307 0.011111111111111072
0 0.7930555555555556 0.5875 0.008333333333333415 0.011111111111111072
0 0.826851851851852 0.5958333333333333 0.007407407407407418 0.011111111111111072
0 0.9481481481481482 0.5590277777777778 0.0037037037037036535 0.012499999999999956
0 0.9078703703703703 0.6104166666666666 0.00462962962962965 0.006944444444444531
0 0.029166666666666667 0.7381944444444445 0.004629629629629626 0.00694444444444442
0 0.36064814814814816 0.70625 0.002777777777777768 0.004166666666666652
0 0.7652777777777777 0.6090277777777777 0.0064814814814814214 0.009722222222222299
