0 0.17962962962962964 0.64375 0.012962962962962982 0.018055555555555602
0 0.549074074074074 0.4736111111111111 0.024074074074074026 0.033333333333333326
0 0.649537037037037 0.5104166666666667 0.017592592592592604 0.026388888888888906
0 0.8305555555555555 0.5145833333333334 0.012962962962962954 0.023611111111111138
0 0.9236111111111112 0.40347222222222223 0.019444444444444486 0.03749999999999998
0 0.12731481481481483 0.7375 0.0046296296296296224 0.005555555555555536
0 0.13703703703703704 0.7270833333333333 0.003703703703703709 0.00694444444444442
0 0.2847222222222222 0.617361111111111 0.006481481481481477 0.018055555555555602
0 0.48842592592592593 0.4395833333333333 0.013888888888888895 0.03749999999999998
0 0.5731481481481482 0.6409722222222223 0.005555555555555536 0.009722222222222299
0 0.6083333333333334 0.63125 0.007407407407407418 0.012499999999999956
0 0.40324074074074073 0.7055555555555555 0.002777777777777768 0.005555555555555647
0 0.6981481481481482 0.6097222222222223 0.007407407407407418 0.01666666666666672
0 0.7467592592592592 0.5 0.008333333333333304 0.024999999999999967
0 0.924074074074074 0.5569444444444445 0.007407407407407418 0.016666666666666607
0 0.938425925925926 0.5819444444444444 0.0064814814814814214 0.011111111111111183
0 0.9615740740740741 0.5555555555555556 0.00462962962962965 0.011111111111111072
0 0.7898148148148149 0.64375 0.005555555555555536 0.012500000000000067
