0 0.6143518518518518 0.5527777777777778 0.019444444444444486 0.019444444444444486
0 0.561574074074074 0.5361111111111112 0.019444444444444486 0.025000000000000022
0 0.673148148148148 0.5611111111111111 0.012962962962962954 0.016666666666666607
0 0.5902777777777778 0.5458333333333334 0.019444444444444375 0.030555555555555558
0 0.4805555555555555 0.5409722222222222 0.016666666666666663 0.015277777777777835
0 0.43287037037037035 0.5444444444444445 0.012037037037037013 0.01666666666666672
0 0.8097222222222222 0.5291666666666667 0.010185185185185186 0.022222222222222143
0 0.3856481481481482 0.5576388888888889 0.00833333333333336 0.015277777777777724
0 0.40694444444444444 0.5590277777777778 0.006481481481481477 0.012499999999999956
0 0.36296296296296293 0.5506944444444444 0.009259259259259245 0.015277777777777835
0 0.288425925925926 0.5680555555555555 0.006481481481481477 0.011111111111111072
0 0.2564814814814815 0.5729166666666666 0.005555555555555536 0.009722222222222188
