0 0.5541666666666667 0.5916666666666667 0.002777777777777768 0.005555555555555536
0 0.5310185185185186 0.5868055555555556 0.0064814814814814214 0.00694444444444442
0 0.5189814814814815 0.5888888888888889 0.004629629629629539 0.008333333333333304
0 0.48703703703703705 0.5784722222222223 0.007407407407407418 0.012500000000000067
0 0.46111111111111114 0.5631944444444444 0.003703703703703709 0.012499999999999956
0 0.46296296296296297 0.5673611111111111 0.007407407407407418 0.009722222222222188
0 0.4222222222222222 0.5756944444444445 0.0092592592592593 0.009722222222222299
0 0.412962962962963 0.5694444444444444 0.009259259259259245 0.01388888888888884
0 0.3824074074074074 0.5631944444444444 0.011111111111111127 0.012499999999999956
0 0.6222222222222222 0.5722222222222222 0.005555555555555536 0.008333333333333304
