0 0.9421296296296297 0.5 0.04907407407407405 0.07499999999999996
0 0.7337962962962963 0.5298611111111111 0.015740740740740722 0.04027777777777786
0 0.5564814814814815 0.5222222222222223 0.005555555555555536 0.008333333333333304
0 0.6152777777777778 0.5284722222222222 0.00462962962962965 0.004166666666666652
0 0.2851851851851852 0.5305555555555556 0.007407407407407363 0.008333333333333304
0 0.650462962962963 0.5326388888888889 0.0064814814814814214 0.012499999999999956
0 0.6439814814814815 0.5270833333333333 0.004629629629629539 0.009722222222222188
0 0.5027777777777778 0.5270833333333333 0.0037037037037037646 0.009722222222222188
0 0.29768518518518516 0.5222222222222223 0.00833333333333336 0.008333333333333304
0 0.1111111111111111 0.5375 0.003703703703703695 0.011111111111111072
