0 0.7662037037037037 0.4458333333333333 0.028703703703703676 0.027777777777777735
0 0.6805555555555556 0.4534722222222222 0.022222222222222254 0.03194444444444444
0 0.8587962962962963 0.46319444444444446 0.010185185185185186 0.012500000000000011
0 0.5606481481481481 0.5083333333333333 0.01388888888888884 0.01666666666666672
0 0.5421296296296296 0.5048611111111111 0.01388888888888884 0.02083333333333326
0 0.49629629629629635 0.5375 0.003703703703703709 0.011111111111111072
0 0.4842592592592593 0.5326388888888889 0.003703703703703709 0.009722222222222188
0 0.46898148148148144 0.5270833333333333 0.004629629629629595 0.009722222222222188
0 0.4287037037037037 0.5375 0.005555555555555536 0.011111111111111072
0 0.40555555555555556 0.5326388888888889 0.005555555555555536 0.009722222222222188
