0 0.11574074074074073 0.4472222222222222 0.04444444444444444 0.06944444444444448
0 0.4087962962962963 0.48194444444444445 0.01759259259259255 0.022222222222222254
0 0.3643518518518518 0.4986111111111111 0.015740740740740777 0.0222222222222222
0 0.26157407407407407 0.5166666666666666 0.006481481481481477 0.01666666666666672
0 0.04444444444444444 0.45625 0.014814814814814815 0.03194444444444444
0 0.288425925925926 0.5159722222222223 0.006481481481481477 0.02083333333333337
0 0.29027777777777775 0.4951388888888889 0.006481481481481477 0.009722222222222243
0 0.2773148148148148 0.5486111111111112 0.00833333333333336 0.01666666666666672
0 0.35138888888888886 0.5048611111111111 0.00833333333333336 0.015277777777777724
0 0.3819444444444444 0.5013888888888889 0.013888888888888895 0.0222222222222222
0 0.43148148148148147 0.5513888888888889 0.005555555555555536 0.011111111111111183
0 0.4384259259259259 0.5347222222222222 0.006481481481481477 0.008333333333333304
0 0.4467592592592593 0.5305555555555556 0.00833333333333336 0.008333333333333304
