0 0.35620915032679734 0.34191176470588236 0.04575163398692811 0.10049019607843135
0 0.1707516339869281 0.40808823529411764 0.07679738562091504 0.15931372549019607
0 0.2785947712418301 0.2769607843137255 0.07026143790849673 0.14705882352941174
0 0.5857843137254901 0.29289215686274506 0.044117647058823484 0.0514705882352941
0 0.04738562091503268 0.3284313725490196 0.07516339869281047 0.16666666666666666
0 0.5955882352941176 0.3713235294117647 0.05392156862745101 0.09558823529411764
0 0.4803921568627451 0.27450980392156865 0.0816993464052288 0.1764705882352941
0 0.9763071895424837 0.37745098039215685 0.044117647058823484 0.10784313725490197
0 0.9117647058823529 0.36151960784313725 0.045751633986928164 0.12009803921568629
0 0.738562091503268 0.36764705882352944 0.039215686274509776 0.09803921568627455
0 0.8071895424836601 0.36151960784313725 0.0490196078431373 0.12009803921568629
0 0.3194444444444444 0.4901960784313726 0.08006535947712418 0.17647058823529416
0 0.6568627450980392 0.37745098039215685 0.03921568627450989 0.1029411764705882
