0 0.9673202614379085 0.4068627450980392 0.05882352941176472 0.11274509803921573
0 0.2769607843137255 0.5735294117647058 0.07352941176470587 0.1519607843137255
0 0.8921568627450981 0.6262254901960784 0.06209150326797386 0.125
0 0.13398692810457516 0.5245098039215687 0.07189542483660132 0.17647058823529416
0 0.05964052287581699 0.39950980392156865 0.07026143790849673 0.12254901960784309
0 0.49264705882352944 0.3933823529411765 0.05718954248366015 0.07598039215686275
0 0.8031045751633987 0.4375 0.06372549019607843 0.11029411764705888
0 0.38235294117647056 0.41666666666666663 0.04575163398692811 0.0735294117647059
0 0.6928104575163399 0.4485294117647059 0.0490196078431373 0.0980392156862745
0 0.7606209150326797 0.5404411764705882 0.05392156862745101 0.11029411764705882
0 0.26633986928104575 0.39460784313725494 0.05882352941176472 0.14215686274509803
0 0.3488562091503268 0.4889705882352941 0.05065359477124182 0.11519607843137247
0 0.5898692810457516 0.41299019607843135 0.05555555555555558 0.09068627450980388
0 0.4665032679738562 0.4693627450980392 0.05392156862745101 0.125
0 0.5457516339869282 0.5269607843137255 0.06862745098039225 0.15196078431372545
0 0.6625816993464052 0.553921568627451 0.06045751633986929 0.16176470588235292
0 0.4256535947712418 0.5575980392156863 0.06699346405228757 0.13480392156862747
