0 0.07761437908496732 0.13571428571428573 0.034313725490196074 0.07142857142857142
0 0.8031045751633987 0.2285714285714286 0.05065359477124187 0.09523809523809526
0 0.3006535947712418 0.16904761904761906 0.08823529411764708 0.1
0 0.3880718954248366 0.1619047619047619 0.06372549019607843 0.12857142857142856
0 0.5008169934640523 0.17857142857142858 0.0702614379084967 0.10476190476190478
0 0.8986928104575164 0.20476190476190476 0.05882352941176472 0.09047619047619049
0 0.48856209150326796 0.5809523809523809 0.08823529411764708 0.09523809523809523
0 0.7810457516339869 0.36190476190476195 0.06209150326797386 0.10952380952380952
0 0.6821895424836601 0.32857142857142857 0.06045751633986929 0.12380952380952381
0 0.4893790849673203 0.4714285714285714 0.07026143790849676 0.10476190476190478
0 0.33169934640522875 0.430952380952381 0.065359477124183 0.10476190476190478
0 0.5947712418300654 0.14166666666666666 0.07516339869281041 0.10238095238095239
