0 0.8180555555555555 0.4638888888888889 0.021296296296296258 0.030555555555555558
0 0.6939814814814815 0.4618055555555556 0.015740740740740722 0.034722222222222265
0 0.5375 0.5361111111111112 0.017592592592592604 0.025000000000000022
0 0.4027777777777778 0.49444444444444446 0.0222222222222222 0.03333333333333327
0 0.04398148148148148 0.6493055555555556 0.008333333333333331 0.02083333333333337
0 0.09675925925925927 0.6694444444444445 0.012037037037037027 0.01666666666666672
0 0.32361111111111107 0.6861111111111111 0.00833333333333336 0.022222222222222143
0 0.9851851851851852 0.5513888888888889 0.007407407407407418 0.011111111111111183
0 0.9680555555555556 0.5590277777777778 0.0064814814814815325 0.012499999999999956
0 0.8708333333333333 0.6375 0.008333333333333304 0.01388888888888895
0 0.8532407407407407 0.6368055555555556 0.008333333333333304 0.012500000000000067
0 0.5888888888888889 0.6284722222222222 0.005555555555555536 0.009722222222222188
0 0.9277777777777778 0.6125 0.005555555555555536 0.008333333333333415
0 0.8018518518518518 0.64375 0.007407407407407418 0.012500000000000067
0 0.7671296296296296 0.6236111111111111 0.0064814814814815325 0.008333333333333304
0 0.6935185185185185 0.6145833333333334 0.005555555555555536 0.009722222222222188
0 0.12175925925925926 0.7395833333333334 0.0046296296296296224 0.00694444444444442
