0 0.5453703703703704 0.5493055555555555 0.014814814814814836 0.029166666666666674
0 0.5884259259259259 0.5895833333333333 0.015740740740740722 0.026388888888888906
0 0.6171296296296296 0.5930555555555556 0.01388888888888895 0.02499999999999991
0 0.6513888888888888 0.5909722222222222 0.015740740740740722 0.026388888888888906
0 0.7314814814814815 0.5805555555555555 0.0092592592592593 0.025000000000000022
0 0.6805555555555556 0.6590277777777778 0.005555555555555536 0.009722222222222188
0 0.686574074074074 0.6701388888888888 0.00462962962962965 0.006944444444444531
0 0.6912037037037038 0.6590277777777778 0.0064814814814814214 0.009722222222222188
0 0.7824074074074074 0.6534722222222222 0.007407407407407418 0.015277777777777724
0 0.7523148148148148 0.6548611111111111 0.002777777777777768 0.009722222222222188
0 0.8638888888888889 0.7083333333333333 0.007407407407407418 0.011111111111111183
0 0.8578703703703704 0.6916666666666667 0.0064814814814815325 0.005555555555555536
0 0.8912037037037037 0.6611111111111111 0.0064814814814815325 0.008333333333333304
0 0.9486111111111111 0.6416666666666666 0.008333333333333304 0.011111111111111183
0 0.9634259259259259 0.6423611111111112 0.008333333333333304 0.012500000000000067
0 0.4050925925925926 0.7222222222222222 0.002777777777777768 0.005555555555555536
0 0.7907407407407407 0.7097222222222223 0.0037037037037037646 0.011111111111111072
0 0.7027777777777777 0.6680555555555556 0.005555555555555647 0.011111111111111183
0 0.11944444444444444 0.7333333333333334 0.003703703703703695 0.005555555555555647
0 0.19907407407407407 0.7569444444444444 0.003703703703703709 0.005555555555555536
