0 0.6814814814814815 0.4013888888888889 0.022222222222222143 0.03888888888888892
0 0.9101851851851852 0.47291666666666665 0.01851851851851849 0.029166666666666674
0 0.599537037037037 0.5541666666666667 0.015740740740740722 0.022222222222222254
0 0.5513888888888889 0.5256944444444445 0.017592592592592604 0.029166666666666674
0 0.24675925925925923 0.6555555555555556 0.010185185185185158 0.019444444444444375
0 0.1175925925925926 0.7402777777777778 0.003703703703703709 0.005555555555555536
0 0.20046296296296295 0.7104166666666667 0.0027777777777777957 0.004166666666666652
0 0.01759259259259259 0.7597222222222222 0.0037037037037037056 0.005555555555555536
0 0.060648148148148145 0.76875 0.002777777777777775 0.004166666666666652
0 0.46064814814814814 0.6895833333333333 0.00462962962962965 0.00694444444444442
0 0.8916666666666666 0.6118055555555555 0.005555555555555647 0.009722222222222299
0 0.9027777777777778 0.6104166666666666 0.005555555555555536 0.006944444444444531
0 0.5069444444444444 0.5402777777777779 0.00462962962962965 0.022222222222222254
0 0.9805555555555555 0.5472222222222223 0.005555555555555536 0.01388888888888895
