0 0.6797385620915033 0.26049382716049385 0.07516339869281041 0.11604938271604939
0 0.27205882352941174 0.3469135802469136 0.08986928104575162 0.1308641975308642
0 0.5612745098039216 0.3419753086419753 0.07679738562091498 0.10617283950617284
0 0.4183006535947712 0.3172839506172839 0.052287581699346386 0.08148148148148149
0 0.7320261437908497 0.30987654320987656 0.07843137254901966 0.10617283950617284
0 0.3529411764705882 0.2691358024691358 0.07516339869281047 0.11851851851851852
0 0.32598039215686275 0.44814814814814813 0.06045751633986929 0.09135802469135801
0 0.8733660130718954 0.3419753086419753 0.07352941176470584 0.10617283950617284
0 0.3954248366013072 0.4 0.065359477124183 0.09876543209876543
0 0.4959150326797386 0.3407407407407408 0.06045751633986929 0.09382716049382717
