0 0.8063725490196079 0.0728395061728395 0.06699346405228757 0.1259259259259259
0 0.7459150326797386 0.10246913580246914 0.07679738562091498 0.12098765432098767
0 0.798202614379085 0.2740740740740741 0.1029411764705882 0.19753086419753085
0 0.6405228758169934 0.17407407407407405 0.14052287581699352 0.20493827160493824
0 0.613562091503268 0.3506172839506173 0.08660130718954251 0.20740740740740743
0 0.46405228758169936 0.3666666666666667 0.18300653594771243 0.3333333333333333
0 0.3627450980392157 0.4765432098765432 0.12745098039215685 0.25679012345679014
0 0.3366013071895425 0.10617283950617284 0.11437908496732024 0.18765432098765433
0 0.21323529411764705 0.32098765432098764 0.11274509803921567 0.20740740740740743
0 0.18627450980392157 0.5641975308641975 0.1372549019607843 0.23950617283950615
