0 0.10416666666666667 0.18888888888888888 0.02685185185185185 0.08611111111111111
0 0.15416666666666667 0.5118055555555555 0.021296296296296285 0.0402777777777778
0 0.33472222222222225 0.5152777777777777 0.01944444444444443 0.02777777777777779
0 0.5023148148148148 0.4930555555555556 0.012037037037037013 0.030555555555555503
0 0.7490740740740741 0.4388888888888889 0.005555555555555536 0.022222222222222254
0 0.7930555555555556 0.5451388888888888 0.01388888888888895 0.026388888888888906
0 0.8319444444444444 0.5618055555555556 0.015740740740740722 0.026388888888888795
0 0.9578703703703704 0.39375 0.015740740740740833 0.03749999999999998
0 0.8550925925925926 0.6409722222222223 0.008333333333333304 0.012500000000000067
0 0.6773148148148148 0.6631944444444444 0.002777777777777768 0.004166666666666652
0 0.7083333333333333 0.5993055555555555 0.0037037037037036535 0.009722222222222188
0 0.6972222222222222 0.6 0.005555555555555536 0.008333333333333304
0 0.6333333333333333 0.6229166666666667 0.005555555555555536 0.009722222222222188
0 0.5800925925925926 0.6305555555555555 0.00462962962962965 0.011111111111111072
0 0.6180555555555556 0.6291666666666667 0.002777777777777768 0.011111111111111072
0 0.6527777777777778 0.6263888888888889 0.0037037037037037646 0.008333333333333304
0 0.5097222222222222 0.6881944444444444 0.002777777777777768 0.004166666666666652
0 0.44074074074074077 0.6965277777777777 0.003703703703703709 0.004166666666666652
0 0.4638888888888889 0.6888888888888889 0.003703703703703709 0.005555555555555536
0 0.4083333333333333 0.7006944444444445 0.003703703703703709 0.006944444444444531
0 0.37175925925925923 0.7104166666666667 0.0027777777777778234 0.00694444444444442
