0 0.29953703703703705 0.4291666666666667 0.017592592592592604 0.04999999999999999
0 0.5333333333333333 0.6159722222222221 0.022222222222222143 0.029166666666666674
0 0.9328703703703705 0.5534722222222221 0.030555555555555558 0.04583333333333328
0 0.8578703703703704 0.7548611111111111 0.008333333333333304 0.01805555555555549
0 0.6236111111111111 0.6097222222222223 0.008333333333333304 0.030555555555555558
0 0.06388888888888888 0.8513888888888889 0.003703703703703702 0.008333333333333304
0 0.08657407407407408 0.85 0.002777777777777782 0.005555555555555536
0 0.10555555555555556 0.8555555555555556 0.003703703703703709 0.008333333333333415
0 0.40324074074074073 0.8208333333333333 0.00462962962962965 0.008333333333333304
0 0.5027777777777778 0.8152777777777778 0.0037037037037037646 0.008333333333333304
0 0.5115740740740741 0.81875 0.004629629629629539 0.00694444444444442
0 0.5546296296296296 0.8104166666666667 0.005555555555555647 0.009722222222222188
