0 0.07500000000000001 0.6284722222222222 0.012962962962962968 0.015277777777777724
0 0.13055555555555556 0.7388888888888889 0.003703703703703709 0.005555555555555536
0 0.3087962962962963 0.6305555555555555 0.008333333333333304 0.01388888888888884
0 0.5097222222222222 0.6819444444444445 0.00462962962962965 0.005555555555555536
0 0.6157407407407407 0.4305555555555556 0.011111111111111183 0.03888888888888892
0 0.6643518518518519 0.5291666666666667 0.012037037037037068 0.022222222222222143
0 0.6810185185185185 0.6145833333333333 0.00462962962962965 0.012500000000000067
0 0.7916666666666666 0.5993055555555555 0.005555555555555536 0.009722222222222188
0 0.8236111111111111 0.5208333333333333 0.012037037037037068 0.022222222222222254
0 0.8708333333333333 0.6138888888888889 0.00462962962962965 0.008333333333333304
0 0.9662037037037037 0.5444444444444445 0.0064814814814815325 0.011111111111111183
