0 0.5073529411764706 0.5061274509803921 0.07679738562091498 0.11519607843137253
0 0.4068627450980392 0.5245098039215687 0.06209150326797386 0.09313725490196073
0 0.34558823529411764 0.5379901960784313 0.08660130718954251 0.13970588235294112
0 0.5351307189542484 0.2708333333333333 0.12254901960784315 0.1838235294117647
0 0.35130718954248363 0.30269607843137253 0.10457516339869283 0.15441176470588233
0 0.6715686274509804 0.5220588235294118 0.07843137254901966 0.11764705882352944
0 0.8047385620915033 0.3112745098039216 0.12581699346405228 0.19607843137254902
0 0.6209150326797386 0.4583333333333333 0.065359477124183 0.09313725490196079
0 0.2540849673202614 0.2965686274509804 0.15196078431372548 0.24019607843137256
0 0.7312091503267975 0.1531862745098039 0.10620915032679734 0.15441176470588236
