0 0.7884259259259259 0.7597222222222222 0.0064814814814814214 0.01666666666666672
0 0.7666666666666666 0.7701388888888889 0.00925925925925919 0.015277777777777835
0 0.7407407407407407 0.7666666666666666 0.011111111111111183 0.01666666666666672
0 0.7175925925925926 0.7729166666666667 0.0092592592592593 0.015277777777777835
0 0.5532407407407407 0.7729166666666667 0.010185185185185186 0.015277777777777835
0 0.5962962962962963 0.8263888888888888 0.005555555555555536 0.01388888888888895
0 0.4824074074074074 0.8333333333333334 0.005555555555555536 0.008333333333333304
0 0.48518518518518516 0.5319444444444444 0.02407407407407408 0.04166666666666674
0 0.2884259259259259 0.5881944444444445 0.025000000000000022 0.043055555555555625
0 0.08101851851851852 0.84375 0.0046296296296296224 0.00694444444444442
0 0.08703703703703704 0.8520833333333333 0.003703703703703709 0.00694444444444442
