0 0.42314814814814816 0.5166666666666666 0.020370370370370372 0.030555555555555558
0 0.5851851851851853 0.4888888888888889 0.024074074074074026 0.04166666666666663
0 0.537037037037037 0.5097222222222222 0.01851851851851849 0.02777777777777779
0 0.49490740740740735 0.5229166666666667 0.01759259259259255 0.03194444444444444
0 0.36157407407407405 0.6201388888888889 0.012037037037037013 0.01805555555555549
0 0.2337962962962963 0.6694444444444445 0.006481481481481477 0.011111111111111183
0 0.7513888888888889 0.5 0.02129629629629637 0.027777777777777735
0 0.8939814814814815 0.46319444444444446 0.02314814814814814 0.03472222222222221
0 0.13148148148148148 0.73125 0.003703703703703709 0.006944444444444531
0 0.14166666666666666 0.7381944444444445 0.003703703703703709 0.00694444444444442
0 0.6824074074074074 0.6277777777777778 0.005555555555555647 0.008333333333333304
0 0.8314814814814815 0.6291666666666667 0.005555555555555536 0.005555555555555536
0 0.8018518518518518 0.6319444444444444 0.007407407407407418 0.011111111111111072
