0 0.11018518518518519 0.6368055555555556 0.014814814814814822 0.018055555555555602
0 0.3578703703703704 0.5534722222222221 0.012037037037037013 0.026388888888888906
0 0.4375 0.5722222222222222 0.01388888888888884 0.025000000000000022
0 0.5037037037037037 0.51875 0.020370370370370317 0.029166666666666674
0 0.5902777777777778 0.5249999999999999 0.019444444444444375 0.025000000000000022
0 0.6361111111111111 0.4618055555555556 0.011111111111111183 0.03194444444444444
0 0.8453703703703703 0.59375 0.007407407407407418 0.012499999999999956
0 0.912037037037037 0.5520833333333333 0.011111111111111183 0.012500000000000067
0 0.9486111111111111 0.5597222222222222 0.008333333333333304 0.011111111111111072
0 0.6759259259259259 0.5694444444444444 0.011111111111111072 0.019444444444444486
0 0.04490740740740741 0.7423611111111111 0.006481481481481484 0.00694444444444442
0 0.009722222222222222 0.7326388888888888 0.004629629629629629 0.009722222222222299
