0 0.11435185185185184 0.5416666666666667 0.01759259259259259 0.036111111111111094
0 0.4148148148148148 0.4638888888888889 0.012962962962962954 0.03888888888888892
0 0.49583333333333335 0.5013888888888889 0.013888888888888895 0.03611111111111115
0 0.5004629629629629 0.5361111111111112 0.015740740740740722 0.030555555555555558
0 0.6462962962962963 0.34930555555555554 0.014814814814814836 0.03750000000000003
0 0.8296296296296297 0.5409722222222222 0.022222222222222254 0.03749999999999998
0 0.8203703703703704 0.6701388888888888 0.0037037037037036535 0.009722222222222299
0 0.8328703703703704 0.6722222222222223 0.004629629629629539 0.008333333333333415
0 0.7912037037037036 0.71875 0.0064814814814814214 0.009722222222222188
0 0.6606481481481481 0.6791666666666667 0.00462962962962965 0.011111111111111072
0 0.42268518518518516 0.7020833333333334 0.004629629629629595 0.006944444444444531
0 0.013888888888888888 0.6625 0.005555555555555555 0.01388888888888884
