0 0.5078703703703704 0.5111111111111111 0.021296296296296258 0.033333333333333326
0 0.4629629629629629 0.51875 0.016666666666666663 0.03194444444444444
0 0.6287037037037037 0.47430555555555554 0.020370370370370372 0.029166666666666674
0 0.7592592592592593 0.4673611111111111 0.011111111111111183 0.03194444444444444
0 0.8296296296296296 0.5736111111111111 0.016666666666666607 0.02777777777777779
0 0.924537037037037 0.65625 0.0064814814814815325 0.012499999999999956
0 0.9356481481481481 0.6409722222222223 0.008333333333333304 0.015277777777777835
0 0.912962962962963 0.65625 0.007407407407407418 0.009722222222222188
0 0.8726851851851851 0.6416666666666666 0.008333333333333415 0.01388888888888895
0 0.9935185185185185 0.6361111111111111 0.00925925925925919 0.01666666666666672
0 0.6810185185185185 0.6680555555555556 0.0064814814814814214 0.011111111111111183
0 0.6662037037037036 0.6666666666666666 0.0064814814814814214 0.008333333333333304
0 0.7064814814814815 0.6645833333333333 0.007407407407407418 0.009722222222222188
0 0.8814814814814815 0.6375 0.011111111111111183 0.01666666666666672
0 0.6069444444444445 0.6638888888888889 0.00462962962962965 0.011111111111111072
0 0.5143518518518518 0.7152777777777778 0.002777777777777768 0.005555555555555536
