0 0.5326797385620915 0.32186732186732187 0.12745098039215685 0.2702702702702703
0 0.10866013071895425 0.38943488943488946 0.1715686274509804 0.28746928746928746
0 0.2181372549019608 0.19164619164619165 0.1454248366013072 0.2653562653562654
0 0.3815359477124183 0.20393120393120395 0.17483660130718953 0.36363636363636365
0 0.45098039215686275 0.6990171990171989 0.20588235294117652 0.4643734643734644
0 0.6380718954248366 0.1461916461916462 0.1029411764705882 0.18427518427518427
0 0.7107843137254902 0.4950859950859951 0.17647058823529416 0.371007371007371
0 0.9428104575163399 0.48525798525798525 0.1143790849673203 0.3906633906633907
0 0.7941176470588236 0.12653562653562656 0.14052287581699352 0.19901719901719903
0 0.5122549019607843 0.08108108108108107 0.08006535947712423 0.15724815724815724
0 0.08333333333333333 0.6535626535626535 0.16339869281045752 0.3292383292383293
