0 0.30324074074074076 0.4979166666666667 0.02314814814814814 0.02916666666666662
0 0.5666666666666667 0.5034722222222222 0.01851851851851849 0.0319444444444445
0 0.6074074074074074 0.5111111111111111 0.020370370370370372 0.033333333333333326
0 0.8046296296296296 0.4534722222222222 0.01851851851851849 0.03472222222222221
0 0.6643518518518519 0.5472222222222223 0.012037037037037068 0.022222222222222254
0 0.8064814814814815 0.5375000000000001 0.011111111111111072 0.019444444444444486
0 0.049074074074074076 0.6499999999999999 0.01296296296296296 0.019444444444444486
0 0.07777777777777778 0.6534722222222222 0.012962962962962954 0.01805555555555549
0 0.9708333333333334 0.5486111111111112 0.010185185185185186 0.019444444444444486
0 0.8722222222222222 0.6388888888888888 0.007407407407407418 0.01388888888888895
0 0.6819444444444445 0.6145833333333333 0.0064814814814815325 0.012500000000000067
0 0.5467592592592592 0.64375 0.00462962962962965 0.009722222222222299
0 0.11666666666666667 0.7395833333333334 0.003703703703703709 0.00694444444444442
