0 0.9490740740740741 0.5409722222222222 0.011111111111111072 0.015277777777777835
0 0.9837962962962963 0.5243055555555556 0.008333333333333304 0.018055555555555602
0 0.8574074074074074 0.48680555555555555 0.020370370370370372 0.026388888888888906
0 0.8541666666666666 0.6388888888888888 0.008333333333333304 0.01388888888888895
0 0.8013888888888889 0.6444444444444444 0.008333333333333304 0.011111111111111183
0 0.7856481481481481 0.6125 0.0064814814814814214 0.011111111111111183
0 0.7564814814814815 0.5916666666666667 0.0037037037037036535 0.011111111111111072
0 0.7481481481481481 0.6048611111111111 0.005555555555555536 0.012500000000000067
0 0.7138888888888889 0.6395833333333334 0.005555555555555536 0.009722222222222299
0 0.7032407407407408 0.6444444444444444 0.00462962962962965 0.008333333333333415
0 0.6833333333333333 0.6125 0.007407407407407418 0.01388888888888895
0 0.6712962962962963 0.6145833333333333 0.007407407407407418 0.012500000000000067
0 0.6625 0.6201388888888889 0.0064814814814815325 0.009722222222222188
0 0.5662037037037038 0.5340277777777778 0.017592592592592493 0.026388888888888906
0 0.5296296296296297 0.6395833333333334 0.005555555555555536 0.012500000000000067
0 0.30833333333333335 0.54375 0.011111111111111127 0.026388888888888906
0 0.34490740740740744 0.68125 0.012037037037037013 0.01805555555555549
0 0.03194444444444444 0.7236111111111111 0.004629629629629629 0.011111111111111072
0 0.15462962962962962 0.7375 0.0037037037037036813 0.005555555555555536
