0 0.24768518518518517 0.5006944444444444 0.024999999999999994 0.04305555555555557
0 0.3162037037037037 0.5277777777777777 0.021296296296296258 0.036111111111111094
0 0.5537037037037037 0.5270833333333333 0.022222222222222143 0.029166666666666674
0 0.5055555555555555 0.5645833333333334 0.016666666666666607 0.029166666666666674
0 0.5893518518518519 0.4895833333333333 0.026851851851851793 0.040277777777777746
0 0.7652777777777777 0.5159722222222223 0.021296296296296258 0.029166666666666674
0 0.8587962962962963 0.5708333333333333 0.019444444444444375 0.02777777777777779
0 0.9689814814814814 0.6319444444444444 0.008333333333333304 0.019444444444444486
0 0.9592592592592593 0.6298611111111111 0.0092592592592593 0.009722222222222188
0 0.9069444444444444 0.6583333333333333 0.008333333333333304 0.01388888888888884
0 0.9162037037037036 0.6597222222222222 0.00462962962962965 0.011111111111111072
0 0.8171296296296297 0.70625 0.0064814814814815325 0.009722222222222299
0 0.6416666666666666 0.6826388888888889 0.005555555555555647 0.009722222222222188
