0 0.44362745098039214 0.39215686274509803 0.03758169934640526 0.05882352941176472
0 0.6151960784313726 0.43504901960784315 0.037581699346405206 0.056372549019607865
0 0.5008169934640523 0.4215686274509804 0.03758169934640526 0.05882352941176472
0 0.7540849673202614 0.45098039215686275 0.037581699346405206 0.05882352941176472
0 0.8349673202614378 0.4362745098039216 0.039215686274509776 0.05392156862745101
0 0.5449346405228759 0.46200980392156865 0.044117647058823484 0.06617647058823534
0 0.4632352941176471 0.4693627450980392 0.03758169934640526 0.056372549019607865
0 0.7344771241830066 0.3602941176470588 0.044117647058823484 0.06372549019607843
0 0.7001633986928104 0.4227941176470588 0.037581699346405206 0.056372549019607865
0 0.6446078431372548 0.39215686274509803 0.037581699346405206 0.05392156862745101
0 0.8022875816993464 0.38848039215686275 0.039215686274509776 0.056372549019607865
0 0.39052287581699346 0.43995098039215685 0.03594771241830064 0.056372549019607865
