0 0.8202614379084967 0.20833333333333331 0.10457516339869277 0.15686274509803919
0 0.4035947712418301 0.4252450980392157 0.1437908496732026 0.2279411764705882
0 0.9501633986928104 0.29901960784313725 0.09967320261437906 0.1568627450980392
0 0.3627450980392157 0.18382352941176472 0.08823529411764708 0.1323529411764706
0 0.27941176470588236 0.09313725490196079 0.10784313725490194 0.16176470588235292
0 0.12336601307189543 0.4019607843137255 0.15849673202614378 0.21568627450980388
0 0.6895424836601307 0.3112745098039216 0.13725490196078427 0.19117647058823528
0 0.8308823529411765 0.4816176470588235 0.12908496732026142 0.18872549019607837
0 0.21323529411764708 0.2757352941176471 0.09967320261437909 0.1593137254901961
0 0.5359477124183006 0.1715686274509804 0.10457516339869283 0.16176470588235292
0 0.517156862745098 0.517156862745098 0.15849673202614378 0.23039215686274506
0 0.6503267973856208 0.1556372549019608 0.10457516339869277 0.16421568627450978
