0 0.4078703703703703 0.5305555555555556 0.021296296296296313 0.03333333333333344
0 0.28425925925925927 0.44652777777777775 0.012962962962962954 0.03750000000000003
0 0.6782407407407407 0.3715277777777778 0.021296296296296258 0.05138888888888887
0 0.8263888888888888 0.375 0.021296296296296258 0.05277777777777781
0 0.10370370370370371 0.6861111111111111 0.009259259259259259 0.01388888888888884
0 0.03194444444444444 0.6673611111111111 0.010185185185185183 0.018055555555555602
0 0.9287037037037037 0.6854166666666667 0.005555555555555536 0.00694444444444442
0 0.8268518518518518 0.6979166666666666 0.0037037037037037646 0.00694444444444442
0 0.8087962962962963 0.6916666666666667 0.002777777777777768 0.005555555555555536
0 0.7837962962962963 0.6708333333333334 0.002777777777777768 0.008333333333333415
0 0.7736111111111111 0.6715277777777777 0.002777777777777768 0.009722222222222299
0 0.6800925925925926 0.6888888888888889 0.0064814814814815325 0.008333333333333304
0 0.6666666666666666 0.6847222222222222 0.005555555555555536 0.008333333333333304
0 0.19675925925925924 0.6701388888888888 0.008333333333333331 0.015277777777777835
0 0.03287037037037037 0.6798611111111111 0.008333333333333331 0.012499999999999956
