0 0.4842592592592593 0.4888888888888889 0.018518518518518545 0.033333333333333326
0 0.8189814814814815 0.45972222222222225 0.02314814814814814 0.03888888888888892
0 0.22083333333333333 0.6722222222222223 0.006481481481481477 0.01388888888888895
0 0.012962962962962964 0.6923611111111111 0.00925925925925926 0.009722222222222188
0 0.6078703703703703 0.6993055555555555 0.00462962962962965 0.00694444444444442
0 0.6263888888888889 0.68125 0.004629629629629539 0.00694444444444442
0 0.7240740740740741 0.6784722222222223 0.005555555555555536 0.009722222222222188
0 0.7967592592592592 0.6840277777777778 0.00462962962962965 0.00694444444444442
0 0.43472222222222223 0.5625 0.013888888888888895 0.019444444444444375
0 0.688425925925926 0.36875 0.00462962962962965 0.03194444444444444
0 0.9037037037037037 0.28055555555555556 0.011111111111111072 0.0444444444444444
0 0.17546296296296296 0.6541666666666667 0.002777777777777768 0.01388888888888884
0 0.6226851851851851 0.6902777777777778 0.00462962962962965 0.005555555555555536
0 0.5680555555555555 0.6798611111111111 0.002777777777777768 0.00694444444444442
0 0.674537037037037 0.6868055555555556 0.004629629629629539 0.009722222222222188
0 0.8583333333333334 0.6805555555555556 0.0037037037037036535 0.005555555555555536
0 0.9495370370370371 0.6916666666666667 0.00462962962962965 0.005555555555555536
