0 0.4935185185185185 0.5756944444444445 0.059259259259259234 0.09583333333333333
0 0.7185185185185186 0.5916666666666667 0.0537037037037037 0.08333333333333326
0 0.8166666666666667 0.5284722222222222 0.07777777777777772 0.13194444444444442
0 0.9601851851851853 0.5083333333333333 0.07407407407407407 0.175
0 0.3833333333333333 0.6229166666666667 0.011111111111111127 0.02083333333333326
0 0.4305555555555556 0.6229166666666667 0.011111111111111127 0.02083333333333326
0 0.41620370370370374 0.6131944444444444 0.013888888888888895 0.02083333333333337
0 0.5296296296296297 0.5916666666666667 0.014814814814814836 0.02499999999999991
0 0.5532407407407407 0.6034722222222222 0.012037037037036957 0.03194444444444444
0 0.2861111111111111 0.6111111111111112 0.011111111111111127 0.025000000000000022
