0 0.7699074074074074 0.5611111111111111 0.008333333333333304 0.022222222222222143
0 0.6972222222222222 0.5631944444444444 0.020370370370370372 0.026388888888888795
0 0.6499999999999999 0.5659722222222222 0.007407407407407418 0.012499999999999956
0 0.648611111111111 0.5756944444444445 0.00462962962962965 0.012500000000000067
0 0.611574074074074 0.5909722222222222 0.00462962962962965 0.00694444444444442
0 0.6023148148148147 0.5930555555555556 0.00462962962962965 0.008333333333333304
0 0.587962962962963 0.5819444444444444 0.007407407407407418 0.011111111111111183
0 0.5824074074074075 0.5951388888888889 0.0037037037037036535 0.009722222222222188
0 0.5694444444444444 0.5854166666666667 0.0037037037037037646 0.00694444444444442
0 0.5513888888888889 0.5965277777777778 0.002777777777777768 0.00694444444444442
0 0.5342592592592592 0.5916666666666667 0.0037037037037036535 0.005555555555555536
0 0.5152777777777777 0.5944444444444444 0.00462962962962965 0.011111111111111072
