0 0.4411764705882353 0.40931372549019607 0.052287581699346386 0.0735294117647059
0 0.9509803921568627 0.4142156862745098 0.04575163398692805 0.06372549019607848
0 0.07598039215686275 0.383578431372549 0.044117647058823525 0.06617647058823534
0 0.184640522875817 0.42034313725490197 0.0392156862745098 0.056372549019607865
0 0.6715686274509804 0.4007352941176471 0.03594771241830064 0.05637254901960781
0 0.7810457516339869 0.366421568627451 0.05228758169934644 0.08088235294117646
0 0.25245098039215685 0.24509803921568626 0.037581699346405206 0.053921568627450955
0 0.75 0.26348039215686275 0.03921568627450989 0.056372549019607865
0 0.36437908496732024 0.27450980392156865 0.03594771241830064 0.053921568627450955
0 0.5702614379084967 0.28308823529411764 0.03594771241830064 0.056372549019607865
