0 0.23425925925925928 0.6236111111111111 0.009259259259259273 0.016666666666666607
0 0.28194444444444444 0.6236111111111111 0.01388888888888884 0.019444444444444375
0 0.3060185185185185 0.63125 0.012037037037037068 0.01805555555555549
0 0.3106481481481481 0.6180555555555556 0.00833333333333336 0.008333333333333304
0 0.3310185185185185 0.6256944444444444 0.00833333333333336 0.012499999999999956
0 0.3453703703703704 0.6270833333333333 0.005555555555555536 0.015277777777777724
0 0.37037037037037035 0.6145833333333333 0.011111111111111127 0.015277777777777835
0 0.3902777777777778 0.6326388888888889 0.0064814814814815325 0.012499999999999956
0 0.39814814814814814 0.6263888888888889 0.005555555555555536 0.011111111111111072
0 0.40555555555555556 0.6333333333333333 0.007407407407407418 0.011111111111111072
0 0.41527777777777775 0.6208333333333333 0.004629629629629595 0.01388888888888884
0 0.4199074074074074 0.6277777777777778 0.006481481481481477 0.011111111111111072
0 0.5148148148148148 0.6381944444444445 0.005555555555555536 0.012500000000000067
0 0.7837962962962963 0.6895833333333334 0.01388888888888884 0.03472222222222221
0 0.8171296296296297 0.6791666666666667 0.01388888888888884 0.030555555555555558
