0 0.47630718954248363 0.28431372549019607 0.06372549019607843 0.09313725490196079
0 0.5580065359477124 0.2720588235294118 0.040849673202614456 0.10294117647058826
0 0.4199346405228758 0.2622549019607843 0.042483660130718914 0.08823529411764708
0 0.7540849673202614 0.3247549019607843 0.03104575163398693 0.10049019607843135
0 0.6339869281045751 0.23529411764705882 0.03594771241830064 0.08823529411764708
0 0.8112745098039216 0.5931372549019608 0.12908496732026142 0.18627450980392157
0 0.6977124183006536 0.3088235294117647 0.04901960784313719 0.10294117647058826
0 0.32271241830065356 0.31862745098039214 0.07026143790849676 0.13235294117647062
0 0.4493464052287582 0.5477941176470589 0.15032679738562094 0.31617647058823534
0 0.8014705882352942 0.3762254901960784 0.06045751633986929 0.12009803921568629
0 0.6062091503267973 0.3639705882352941 0.06862745098039214 0.12009803921568629
0 0.37336601307189543 0.27205882352941174 0.04411764705882354 0.09313725490196076
0 0.45751633986928103 0.20098039215686275 0.0326797385620915 0.0392156862745098
