0 0.029166666666666667 0.6770833333333333 0.01203703703703704 0.018055555555555602
0 0.062037037037037036 0.675 0.012962962962962968 0.01666666666666672
0 0.12638888888888888 0.6597222222222222 0.006481481481481477 0.011111111111111072
0 0.14583333333333331 0.6583333333333333 0.008333333333333331 0.008333333333333304
0 0.16203703703703703 0.6604166666666667 0.005555555555555536 0.009722222222222188
0 0.3680555555555556 0.6673611111111111 0.004629629629629595 0.00694444444444442
0 0.3935185185185185 0.6708333333333334 0.005555555555555591 0.008333333333333415
0 0.4018518518518519 0.6715277777777777 0.003703703703703709 0.006944444444444531
0 0.5814814814814815 0.6715277777777777 0.011111111111111072 0.012500000000000067
0 0.6143518518518518 0.6798611111111111 0.008333333333333304 0.00694444444444442
0 0.7125 0.6493055555555556 0.05277777777777781 0.07638888888888884
0 0.799074074074074 0.6805555555555556 0.020370370370370372 0.02777777777777779
0 0.950925925925926 0.6854166666666667 0.007407407407407418 0.009722222222222188
