0 0.6444444444444445 0.55 0.025925925925925908 0.0444444444444444
0 0.8597222222222223 0.5118055555555555 0.019444444444444486 0.05138888888888887
0 0.47916666666666663 0.5784722222222223 0.01944444444444443 0.03749999999999998
0 0.4125 0.5687500000000001 0.013888888888888895 0.029166666666666674
0 0.836111111111111 0.5249999999999999 0.02777777777777779 0.036111111111111094
0 0.9111111111111111 0.5152777777777777 0.011111111111111072 0.01666666666666672
0 0.4481481481481482 0.58125 0.009259259259259245 0.018055555555555602
0 0.19675925925925924 0.5576388888888888 0.01574074074074075 0.03194444444444444
0 0.12314814814814815 0.5305555555555554 0.012962962962962954 0.030555555555555558
0 0.5055555555555555 0.5923611111111111 0.011111111111111072 0.03194444444444444
0 0.6037037037037036 0.586111111111111 0.00925925925925919 0.019444444444444486
0 0.5689814814814815 0.5729166666666667 0.010185185185185186 0.012500000000000067
