0 0.46977124183006536 0.4459183673469388 0.05065359477124187 0.10000000000000003
0 0.565359477124183 0.44795918367346943 0.06862745098039214 0.08775510204081632
0 0.06209150326797386 0.423469387755102 0.05555555555555555 0.07551020408163261
0 0.15441176470588236 0.4316326530612245 0.04738562091503268 0.055102040816326525
0 0.10866013071895425 0.38979591836734695 0.03104575163398693 0.05714285714285716
0 0.30800653594771243 0.3795918367346939 0.03104575163398693 0.05714285714285716
0 0.35784313725490197 0.4091836734693878 0.019607843137254943 0.026530612244898
0 0.43709150326797386 0.3653061224489796 0.04738562091503268 0.048979591836734726
0 0.8366013071895425 0.3642857142857143 0.07189542483660127 0.06734693877551018
0 0.9705882352941176 0.37857142857142856 0.05882352941176472 0.09183673469387754
0 0.7696078431372548 0.3551020408163265 0.07516339869281052 0.09387755102040818
