0 0.9800925925925925 0.5652777777777778 0.026851851851851793 0.050000000000000044
0 0.8018518518518518 0.554861111111111 0.033333333333333326 0.040277777777777746
0 0.8273148148148148 0.5541666666666667 0.017592592592592604 0.030555555555555558
0 0.7337962962962963 0.5256944444444445 0.026851851851851904 0.05138888888888893
0 0.6194444444444445 0.5611111111111111 0.029629629629629672 0.04166666666666674
0 0.3833333333333333 0.5770833333333334 0.01296296296296301 0.023611111111111138
0 0.5171296296296296 0.5826388888888889 0.008333333333333304 0.012500000000000067
0 0.5564814814814815 0.5784722222222223 0.005555555555555536 0.012500000000000067
0 0.5291666666666667 0.5756944444444445 0.008333333333333304 0.012500000000000067
0 0.4023148148148148 0.5784722222222223 0.004629629629629595 0.006944444444444531
0 0.3490740740740741 0.5763888888888888 0.003703703703703709 0.008333333333333415
0 0.15092592592592594 0.6041666666666667 0.020370370370370372 0.02777777777777779
0 0.2310185185185185 0.5861111111111111 0.008333333333333331 0.008333333333333304
0 0.4638888888888889 0.5833333333333333 0.007407407407407418 0.011111111111111183
0 0.6555555555555556 0.5826388888888889 0.005555555555555536 0.012500000000000067
0 0.7657407407407408 0.5701388888888889 0.012962962962962954 0.015277777777777724
0 0.9370370370370371 0.5673611111111112 0.01666666666666672 0.029166666666666674
