0 0.7296296296296296 0.6916666666666667 0.022222222222222143 0.019444444444444375
0 0.8782407407407407 0.6847222222222222 0.019444444444444486 0.019444444444444375
0 0.8467592592592592 0.679861111111111 0.012037037037036957 0.029166666666666674
0 0.7819444444444444 0.6618055555555555 0.02314814814814814 0.03749999999999998
0 0.7467592592592593 0.6506944444444445 0.015740740740740722 0.015277777777777724
0 0.7231481481481481 0.6375 0.011111111111111183 0.019444444444444486
0 0.7337962962962963 0.6402777777777777 0.008333333333333304 0.01388888888888895
0 0.6773148148148148 0.6541666666666667 0.015740740740740833 0.019444444444444375
0 0.6578703703703703 0.6333333333333333 0.010185185185185186 0.011111111111111072
0 0.6342592592592593 0.6472222222222221 0.00925925925925919 0.019444444444444486
0 0.6092592592592593 0.6361111111111111 0.0092592592592593 0.01666666666666672
0 0.6041666666666667 0.6486111111111111 0.010185185185185186 0.008333333333333304
0 0.5685185185185184 0.6701388888888888 0.01851851851851849 0.03749999999999998
0 0.5356481481481481 0.6756944444444444 0.021296296296296258 0.03472222222222221
0 0.5041666666666667 0.6402777777777777 0.017592592592592604 0.030555555555555558
0 0.4550925925925926 0.6444444444444444 0.015740740740740722 0.025000000000000022
0 0.4111111111111111 0.6506944444444445 0.020370370370370372 0.03472222222222221
0 0.37824074074074077 0.6555555555555556 0.013888888888888895 0.008333333333333304
0 0.35694444444444445 0.6326388888888889 0.012037037037037068 0.015277777777777724
0 0.29814814814814816 0.6256944444444444 0.016666666666666663 0.026388888888888795
0 0.31157407407407406 0.6243055555555556 0.010185185185185186 0.02083333333333326
0 0.28240740740740744 0.6215277777777778 0.011111111111111127 0.01805555555555549
0 0.2324074074074074 0.6402777777777777 0.014814814814814808 0.025000000000000022
0 0.25416666666666665 0.6201388888888889 0.00833333333333336 0.012499999999999956
0 0.2199074074074074 0.6180555555555556 0.013888888888888895 0.025000000000000022
0 0.20185185185185184 0.6215277777777778 0.01666666666666669 0.023611111111111027
0 0.18657407407407406 0.6284722222222222 0.013888888888888867 0.01805555555555549
0 0.1560185185185185 0.6236111111111111 0.01203703703703704 0.019444444444444375
