0 0.4194444444444444 0.4930555555555556 0.003703703703703709 0.005555555555555591
0 0.42824074074074076 0.4888888888888889 0.00462962962962965 0.005555555555555536
0 0.43194444444444446 0.48819444444444443 0.002777777777777768 0.004166666666666652
0 0.4361111111111111 0.49444444444444446 0.003703703703703709 0.00833333333333336
0 0.44907407407407407 0.49722222222222223 0.005555555555555536 0.005555555555555536
0 0.45416666666666666 0.49722222222222223 0.00462962962962965 0.005555555555555536
0 0.4560185185185185 0.48958333333333337 0.004629629629629595 0.006944444444444475
0 0.46805555555555556 0.4951388888888889 0.012037037037037068 0.020833333333333315
0 0.4740740740740741 0.47916666666666663 0.0018518518518518268 0.005555555555555591
0 0.4916666666666667 0.47916666666666663 0.01296296296296301 0.016666666666666663
