0 0.7336601307189543 0.3681710213776722 0.05228758169934633 0.07600950118764849
0 0.5473856209150327 0.5831353919239906 0.039215686274509776 0.0546318289786224
0 0.6862745098039216 0.49287410926365793 0.05228758169934644 0.07838479809976245
0 0.636437908496732 0.48218527315914494 0.044117647058823484 0.06175771971496441
0 0.5939542483660131 0.5296912114014252 0.044117647058823595 0.061757719714964354
0 0.8586601307189543 0.4691211401425178 0.07352941176470595 0.11163895486935865
0 0.6495098039215687 0.6306413301662708 0.05065359477124187 0.07363420427553447
0 0.6062091503267975 0.671021377672209 0.05228758169934633 0.07838479809976251
0 0.21486928104575165 0.9287410926365796 0.04411764705882351 0.0665083135391924
0 0.5367647058823529 0.6484560570071258 0.044117647058823595 0.061757719714964465
0 0.5351307189542484 0.5106888361045131 0.044117647058823595 0.06175771971496441
0 0.3700980392156863 0.6413301662707838 0.09967320261437912 0.1567695961995249
0 0.7794117647058824 0.5 0.06209150326797386 0.09263657957244659
0 0.7042483660130718 0.6175771971496438 0.05228758169934633 0.07600950118764838
