0 0.24918300653594772 0.3013698630136986 0.06045751633986929 0.1004566210045662
0 0.3700980392156863 0.2728310502283105 0.06045751633986929 0.08904109589041098
0 0.4526143790849673 0.2636986301369863 0.05555555555555558 0.09817351598173518
0 0.5318627450980392 0.2751141552511416 0.0702614379084967 0.09360730593607308
0 0.6356209150326797 0.1552511415525114 0.06862745098039214 0.1141552511415525
0 0.7581699346405228 0.18378995433789952 0.07516339869281041 0.07990867579908675
0 0.7532679738562091 0.3116438356164384 0.06862745098039214 0.09817351598173513
0 0.6633986928104575 0.42237442922374424 0.07189542483660127 0.1141552511415525
0 0.571078431372549 0.4817351598173516 0.08986928104575165 0.1461187214611872
0 0.4665032679738562 0.4748858447488584 0.06372549019607843 0.1095890410958904
0 0.35620915032679734 0.4360730593607306 0.07189542483660133 0.1004566210045662
0 0.2916666666666667 0.2226027397260274 0.06045751633986929 0.08447488584474885
0 0.869281045751634 0.319634703196347 0.07189542483660127 0.091324200913242
0 0.12254901960784313 0.3321917808219178 0.05882352941176469 0.10273972602739723
