0 0.5629084967320261 0.527431421446384 0.10947712418300659 0.21197007481296753
0 0.7459150326797386 0.6907730673316708 0.1748366013071896 0.25436408977556113
0 0.11356209150326797 0.5074812967581047 0.08660130718954248 0.18703241895261846
0 0.03594771241830066 0.6197007481296759 0.06535947712418301 0.24189526184538657
0 0.4950980392156863 0.3765586034912718 0.11111111111111116 0.1695760598503741
0 0.19362745098039216 0.41895261845386533 0.11274509803921567 0.19950124688279303
0 0.8014705882352942 0.21820448877805487 0.09313725490196079 0.18703241895261846
0 0.6380718954248366 0.4177057356608479 0.13235294117647067 0.19700748129675816
0 0.8619281045751634 0.3329177057356608 0.1029411764705882 0.1970074812967581
0 0.3970588235294118 0.5536159600997507 0.10784313725490197 0.16458852867830426
0 0.9354575163398693 0.371571072319202 0.10294117647058831 0.20448877805486287
0 0.9640522875816994 0.18827930174563592 0.07189542483660127 0.12718204488778057
0 0.1315359477124183 0.3017456359102244 0.11601307189542483 0.13965087281795513
0 0.28104575163398693 0.5922693266832917 0.07843137254901958 0.16708229426433918
0 0.23284313725490197 0.10473815461346633 0.08986928104575165 0.14962593516209477
0 0.951797385620915 0.7518703241895262 0.09640522875816993 0.1920199501246883
0 0.8831699346405228 0.7581047381546134 0.08660130718954251 0.2743142144638404
0 0.3006535947712418 0.8765586034912718 0.2483660130718954 0.2119700748129676
0 0.5343137254901961 0.22693266832917708 0.12418300653594772 0.12468827930174567
0 0.4215686274509804 0.08354114713216958 0.10784313725490191 0.14713216957605987
