0 0.28431372549019607 0.19117647058823528 0.039215686274509776 0.07352941176470587
0 0.3431372549019608 0.19607843137254902 0.05882352941176472 0.09313725490196079
0 0.44771241830065356 0.3872549019607843 0.04901960784313725 0.0980392156862745
0 0.41094771241830064 0.27818627450980393 0.05718954248366015 0.10049019607843138
0 0.4787581699346405 0.3174019607843137 0.052287581699346386 0.07598039215686275
0 0.3202614379084967 0.2610294117647059 0.055555555555555525 0.06617647058823531
0 0.5277777777777777 0.26715686274509803 0.03594771241830064 0.06862745098039214
0 0.5931372549019608 0.26715686274509803 0.03921568627450989 0.06862745098039214
0 0.49019607843137253 0.25980392156862747 0.042483660130718914 0.0392156862745098
0 0.39215686274509803 0.36397058823529416 0.05228758169934644 0.07107843137254904
0 0.7508169934640523 0.31004901960784315 0.05065359477124187 0.07107843137254899
0 0.5580065359477124 0.4215686274509804 0.037581699346405206 0.06372549019607843
0 0.24428104575163398 0.18137254901960784 0.053921568627450955 0.09313725490196079
