0 0.39950980392156865 0.6850490196078431 0.11601307189542481 0.2230392156862745
0 0.5490196078431373 0.6348039215686274 0.10784313725490191 0.17647058823529416
0 0.613562091503268 0.32230392156862747 0.08660130718954251 0.1642156862745098
0 0.4991830065359477 0.3651960784313726 0.10294117647058826 0.1764705882352941
0 0.4215686274509804 0.4019607843137255 0.07189542483660127 0.1568627450980392
0 0.6805555555555556 0.2303921568627451 0.0702614379084967 0.1519607843137255
0 0.2565359477124183 0.553921568627451 0.09150326797385619 0.13235294117647062
0 0.738562091503268 0.31495098039215685 0.13725490196078438 0.16421568627450978
0 0.6936274509803921 0.5245098039215687 0.08986928104575165 0.20098039215686275
0 0.6102941176470589 0.5036764705882353 0.06699346405228768 0.13480392156862742
0 0.34477124183006536 0.4754901960784314 0.10457516339869277 0.1519607843137255
