0 0.5163398692810458 0.7549019607843137 0.18627450980392163 0.2450980392156863
0 0.09313725490196079 0.6446078431372549 0.14705882352941174 0.2450980392156863
0 0.7998366013071896 0.5784313725490196 0.13235294117647067 0.23039215686274506
0 0.5833333333333334 0.6299019607843137 0.12091503267973858 0.17647058823529416
0 0.9019607843137255 0.5808823529411764 0.19281045751633985 0.3970588235294118
0 0.06045751633986929 0.4142156862745098 0.0784313725490196 0.1764705882352941
0 0.25 0.5073529411764706 0.07516339869281044 0.1519607843137255
0 0.6021241830065359 0.33210784313725494 0.11601307189542487 0.13480392156862747
0 0.3880718954248366 0.5306372549019608 0.12908496732026142 0.1446078431372549
0 0.5032679738562091 0.4889705882352941 0.12418300653594772 0.21323529411764708
0 0.22467320261437906 0.7205882352941176 0.15522875816993462 0.2647058823529411
