0 0.024509803921568627 0.5133495145631067 0.04248366013071895 0.1674757281553398
0 0.3194444444444444 0.3919902912621359 0.08006535947712418 0.09951456310679613
0 0.08660130718954248 0.5776699029126213 0.12091503267973856 0.16990291262135926
0 0.7165032679738561 0.5218446601941747 0.03104575163398693 0.11650485436893199
0 0.9035947712418301 0.4004854368932039 0.08496732026143783 0.1699029126213592
0 0.9444444444444444 0.5716019417475728 0.08823529411764708 0.15291262135922334
0 0.6560457516339869 0.5303398058252426 0.0702614379084967 0.15776699029126207
0 0.5089869281045751 0.5279126213592233 0.08333333333333337 0.15776699029126207
0 0.05718954248366013 0.7402912621359223 0.10457516339869281 0.18932038834951448
0 0.38316993464052285 0.6432038834951457 0.1062091503267974 0.15533980582524276
0 0.5686274509803921 0.6128640776699029 0.07843137254901955 0.15776699029126218
0 0.732843137254902 0.35922330097087374 0.08660130718954251 0.13592233009708737
0 0.5147058823529412 0.32402912621359226 0.06862745098039219 0.12378640776699029
