0 0.6782407407407407 0.5986111111111111 0.008333333333333415 0.019444444444444375
0 0.9888888888888889 0.6111111111111112 0.014814814814814836 0.030555555555555558
0 0.18611111111111112 0.6118055555555555 0.016666666666666663 0.023611111111111138
0 0.7731481481481481 0.5875 0.0092592592592593 0.01388888888888884
0 0.9236111111111112 0.5875 0.008333333333333415 0.01388888888888884
0 0.8999999999999999 0.5847222222222223 0.007407407407407418 0.011111111111111072
0 0.23287037037037037 0.5930555555555556 0.010185185185185186 0.016666666666666607
0 0.3055555555555556 0.6131944444444444 0.003703703703703709 0.012500000000000067
0 0.3310185185185185 0.6131944444444444 0.006481481481481477 0.009722222222222299
0 0.35833333333333334 0.6083333333333334 0.005555555555555536 0.011111111111111183
0 0.3416666666666667 0.6118055555555555 0.003703703703703709 0.006944444444444531
0 0.39583333333333337 0.6131944444444444 0.004629629629629595 0.009722222222222299
0 0.43981481481481477 0.6166666666666667 0.003703703703703709 0.008333333333333304
