0 0.5833333333333333 0.1605392156862745 0.10457516339869277 0.1642156862745098
0 0.46486928104575165 0.44975490196078427 0.11274509803921573 0.17892156862745096
0 0.6233660130718954 0.4987745098039216 0.13888888888888884 0.21813725490196073
0 0.7826797385620915 0.6029411764705883 0.1143790849673203 0.21078431372549022
0 0.809640522875817 0.2904411764705882 0.10947712418300659 0.17401960784313725
0 0.39460784313725494 0.5821078431372548 0.021241830065359457 0.03676470588235292
0 0.440359477124183 0.6066176470588236 0.02450980392156865 0.051470588235294046
0 0.4444444444444444 0.6813725490196079 0.0326797385620915 0.05392156862745101
0 0.4068627450980392 0.6446078431372549 0.02614379084967322 0.06862745098039214
0 0.3651960784313726 0.6409313725490196 0.01797385620915032 0.056372549019607754
0 0.3529411764705882 0.5637254901960784 0.026143790849673165 0.0490196078431373
0 0.3897058823529412 0.0821078431372549 0.09967320261437906 0.14460784313725492
