0 0.6887254901960784 0.08555555555555555 0.040849673202614456 0.06
0 0.04983660130718954 0.1388888888888889 0.044117647058823525 0.06000000000000001
0 0.3872549019607843 0.3377777777777778 0.09150326797385622 0.12444444444444447
0 0.31290849673202614 0.45222222222222225 0.10620915032679734 0.14
0 0.15522875816993464 0.07555555555555556 0.04248366013071897 0.05777777777777778
0 0.32107843137254904 0.15888888888888889 0.06372549019607843 0.08666666666666667
0 0.6315359477124183 0.05888888888888889 0.037581699346405206 0.051111111111111114
0 0.761437908496732 0.17666666666666667 0.065359477124183 0.08666666666666667
0 0.5866013071895425 0.33111111111111113 0.06209150326797386 0.08444444444444449
0 0.8521241830065359 0.35333333333333333 0.07679738562091498 0.10222222222222221
0 0.08496732026143791 0.20555555555555555 0.06209150326797386 0.08222222222222222
0 0.02696078431372549 0.30333333333333334 0.05392156862745098 0.11333333333333331
0 0.46568627450980393 0.17666666666666667 0.052287581699346386 0.06888888888888889
0 0.24836601307189543 0.05888888888888889 0.05882352941176472 0.08666666666666667
0 0.3741830065359477 0.06666666666666667 0.06209150326797386 0.08444444444444443
0 0.4893790849673203 0.1 0.06372549019607848 0.08444444444444445
0 0.28513071895424835 0.33666666666666667 0.0800653594771242 0.09555555555555556
0 0.09967320261437909 0.15555555555555556 0.06209150326797386 0.08444444444444445
0 0.9763071895424836 0.27222222222222225 0.04738562091503273 0.10000000000000003
0 0.4803921568627451 0.2811111111111111 0.07843137254901966 0.09555555555555556
0 0.21568627450980393 0.13222222222222224 0.07516339869281044 0.1
0 0.744281045751634 0.06555555555555556 0.037581699346405206 0.051111111111111114
0 0.8472222222222222 0.24 0.06045751633986929 0.08444444444444443
0 0.6576797385620915 0.27999999999999997 0.07679738562091498 0.10666666666666666
0 0.5555555555555556 0.08555555555555555 0.045751633986928164 0.06
0 0.14542483660130717 0.22555555555555554 0.09150326797385619 0.12666666666666665
0 0.5751633986928104 0.18777777777777777 0.07189542483660138 0.10444444444444442
0 0.9444444444444444 0.23 0.06209150326797386 0.08222222222222225
