0 0.9501633986928104 0.16299019607843138 0.05065359477124176 0.07598039215686275
0 0.31290849673202614 0.27205882352941174 0.044117647058823484 0.0637254901960784
0 0.4387254901960784 0.2610294117647059 0.06372549019607843 0.09068627450980393
0 0.20588235294117646 0.24264705882352944 0.04248366013071894 0.06372549019607845
0 0.5580065359477124 0.19240196078431374 0.06372549019607843 0.09558823529411764
0 0.8423202614379085 0.25735294117647056 0.10620915032679745 0.15196078431372548
0 0.7663398692810457 0.3308823529411765 0.07189542483660138 0.11274509803921567
0 0.0392156862745098 0.2071078431372549 0.0784313725490196 0.1299019607843137
0 0.49673202614379086 0.25857843137254904 0.10130718954248369 0.1593137254901961
0 0.6299019607843137 0.2193627450980392 0.05392156862745101 0.07598039215686272
0 0.7189542483660131 0.24754901960784315 0.05228758169934644 0.07843137254901958
