0 0.32546296296296295 0.6194444444444445 0.01944444444444443 0.036111111111111094
0 0.3837962962962963 0.6201388888888888 0.015740740740740722 0.029166666666666674
0 0.7111111111111111 0.6458333333333333 0.029629629629629672 0.04999999999999993
0 0.7402777777777778 0.7229166666666667 0.02314814814814814 0.04583333333333339
0 0.2462962962962963 0.6090277777777777 0.020370370370370372 0.026388888888888906
0 0.14351851851851852 0.6131944444444444 0.016666666666666663 0.026388888888888906
0 0.4208333333333333 0.6312500000000001 0.013888888888888895 0.02083333333333337
0 0.8347222222222223 0.7680555555555556 0.028703703703703676 0.061111111111111116
0 0.8027777777777778 0.6833333333333333 0.011111111111111072 0.025000000000000022
0 0.5907407407407408 0.6611111111111112 0.022222222222222254 0.030555555555555558
0 0.4666666666666667 0.6305555555555555 0.011111111111111072 0.019444444444444375
0 0.5041666666666667 0.6506944444444445 0.01388888888888884 0.01805555555555549
0 0.225 0.6520833333333333 0.016666666666666663 0.029166666666666674
0 0.48842592592592593 0.6326388888888889 0.006481481481481477 0.015277777777777724
