0 0.020370370370370372 0.5819444444444444 0.012962962962962964 0.019444444444444486
0 0.2791666666666667 0.5625 0.00462962962962965 0.008333333333333304
0 0.2856481481481481 0.5645833333333333 0.006481481481481477 0.009722222222222188
0 0.2962962962962963 0.5708333333333333 0.003703703703703709 0.008333333333333304
0 0.30833333333333335 0.5701388888888889 0.003703703703703709 0.00694444444444442
0 0.31574074074074077 0.5708333333333333 0.003703703703703709 0.008333333333333304
0 0.34675925925925927 0.5625 0.00462962962962965 0.008333333333333304
0 0.4787037037037037 0.5541666666666667 0.005555555555555536 0.011111111111111072
0 0.4814814814814815 0.5673611111111111 0.003703703703703709 0.00694444444444442
0 0.5078703703703704 0.5611111111111111 0.008333333333333415 0.01388888888888884
0 0.6523148148148148 0.5520833333333333 0.01388888888888884 0.02083333333333337
0 0.6828703703703705 0.5722222222222222 0.010185185185185186 0.022222222222222254
0 0.7722222222222223 0.56875 0.005555555555555536 0.015277777777777724
0 0.8800925925925926 0.5347222222222222 0.008333333333333415 0.01388888888888884
0 0.9532407407407407 0.5555555555555556 0.03981481481481475 0.07222222222222219
