0 0.849537037037037 0.675 0.0064814814814814214 0.01666666666666672
0 0.8004629629629629 0.6680555555555556 0.00462962962962965 0.01388888888888895
0 0.019444444444444445 0.6708333333333334 0.005555555555555557 0.008333333333333415
0 0.05925925925925926 0.6715277777777777 0.005555555555555557 0.009722222222222299
0 0.1601851851851852 0.6722222222222223 0.005555555555555564 0.008333333333333415
0 0.18194444444444446 0.6659722222222222 0.008333333333333331 0.012500000000000067
0 0.5939814814814814 0.6743055555555555 0.0064814814814814214 0.009722222222222299
0 0.6050925925925925 0.6638888888888889 0.0064814814814814214 0.008333333333333304
0 0.6416666666666666 0.6784722222222221 0.007407407407407418 0.015277777777777835
0 0.8962962962962963 0.6826388888888889 0.005555555555555536 0.012499999999999956
