0 0.8875 0.6979166666666666 0.047222222222222165 0.06805555555555554
0 0.7347222222222223 0.6354166666666667 0.012037037037036957 0.018055555555555602
0 0.7152777777777777 0.6451388888888889 0.010185185185185186 0.012500000000000067
0 0.6717592592592593 0.6388888888888888 0.008333333333333304 0.01666666666666672
0 0.6291666666666667 0.6222222222222222 0.008333333333333304 0.016666666666666607
0 0.6074074074074074 0.6263888888888889 0.011111111111111072 0.01388888888888884
0 0.5884259259259259 0.6416666666666666 0.017592592592592604 0.02777777777777779
0 0.5569444444444445 0.6583333333333333 0.012037037037037068 0.022222222222222143
0 0.575 0.648611111111111 0.011111111111111183 0.019444444444444486
0 0.5018518518518519 0.625 0.005555555555555591 0.011111111111111072
0 0.39861111111111114 0.6104166666666666 0.006481481481481477 0.006944444444444531
0 0.43287037037037035 0.6104166666666666 0.006481481481481477 0.009722222222222299
0 0.42685185185185187 0.6180555555555556 0.007407407407407418 0.008333333333333304
0 0.5384259259259259 0.6319444444444444 0.0064814814814814214 0.011111111111111072
