0 0.19281045751633985 0.43137254901960786 0.08823529411764705 0.13235294117647062
0 0.43790849673202614 0.5379901960784313 0.08823529411764708 0.1299019607843137
0 0.3292483660130719 0.5968137254901961 0.10620915032679734 0.1642156862745099
0 0.5196078431372548 0.5232843137254902 0.09150326797385622 0.12990196078431376
0 0.3047385620915033 0.4142156862745098 0.08986928104575159 0.1274509803921569
0 0.6544117647058824 0.6237745098039216 0.13235294117647056 0.19852941176470584
0 0.7107843137254901 0.3786764705882353 0.08823529411764708 0.1446078431372549
0 0.636437908496732 0.41299019607843135 0.07679738562091509 0.11029411764705882
0 0.40032679738562094 0.41666666666666663 0.07516339869281047 0.11274509803921567
0 0.7834967320261438 0.3394607843137255 0.0866013071895424 0.13970588235294118
