0 0.8282407407407407 0.6763888888888889 0.0064814814814815325 0.011111111111111183
0 0.8171296296296295 0.6791666666666667 0.00462962962962965 0.008333333333333304
0 0.6736111111111112 0.6798611111111111 0.008333333333333415 0.012499999999999956
0 0.6634259259259259 0.66875 0.0064814814814814214 0.012500000000000067
0 0.5694444444444444 0.6909722222222222 0.0092592592592593 0.015277777777777724
0 0.6935185185185185 0.6597222222222222 0.005555555555555536 0.008333333333333304
0 0.6050925925925925 0.6631944444444444 0.00462962962962965 0.009722222222222188
0 0.5657407407407407 0.6784722222222223 0.007407407407407418 0.009722222222222188
0 0.5236111111111111 0.6743055555555555 0.0064814814814815325 0.012500000000000067
0 0.5078703703703704 0.675 0.00462962962962965 0.008333333333333415
0 0.5671296296296295 0.6597222222222222 0.00462962962962965 0.011111111111111072
0 0.6055555555555555 0.6631944444444444 0.005555555555555536 0.009722222222222188
0 0.5333333333333333 0.6604166666666667 0.005555555555555536 0.00694444444444442
0 0.2537037037037037 0.6673611111111111 0.0111111111111111 0.015277777777777835
0 0.32731481481481484 0.6680555555555556 0.004629629629629595 0.008333333333333415
0 0.3476851851851852 0.6763888888888889 0.004629629629629595 0.008333333333333304
0 0.3652777777777778 0.6729166666666666 0.006481481481481477 0.006944444444444531
0 0.8074074074074074 0.6743055555555555 0.0037037037037036535 0.006944444444444531
