0 0.49722222222222223 0.7520833333333333 0.04444444444444451 0.10972222222222228
0 0.6777777777777778 0.7340277777777777 0.04814814814814816 0.10416666666666663
0 0.9560185185185186 0.6826388888888889 0.00462962962962965 0.009722222222222188
0 0.9074074074074074 0.6791666666666667 0.005555555555555536 0.008333333333333304
0 0.8768518518518518 0.6791666666666667 0.0037037037037036535 0.008333333333333304
0 0.6138888888888889 0.6631944444444444 0.0037037037037036535 0.00694444444444442
0 0.5990740740740741 0.6388888888888888 0.005555555555555536 0.008333333333333415
0 0.42268518518518516 0.6625 0.012037037037037013 0.016666666666666607
0 0.4027777777777778 0.6625000000000001 0.012962962962962954 0.019444444444444486
0 0.2712962962962963 0.6902777777777778 0.014814814814814836 0.02499999999999991
0 0.1425925925925926 0.6625 0.0037037037037036813 0.005555555555555536
0 0.14305555555555555 0.675 0.0046296296296296224 0.008333333333333415
0 0.012499999999999999 0.6652777777777777 0.00648148148148148 0.005555555555555536
0 0.5486111111111112 0.5451388888888888 0.00462962962962965 0.004166666666666763
0 0.6055555555555556 0.5451388888888888 0.0037037037037036535 0.004166666666666763
