0 0.012962962962962963 0.5673611111111111 0.007407407407407408 0.01805555555555549
0 0.4046296296296297 0.5451388888888888 0.003703703703703709 0.006944444444444531
0 0.45879629629629626 0.5597222222222222 0.00833333333333336 0.019444444444444375
0 0.4916666666666667 0.5569444444444445 0.005555555555555591 0.011111111111111072
0 0.47824074074074074 0.6055555555555556 0.021296296296296258 0.022222222222222254
0 0.600462962962963 0.6125 0.03981481481481475 0.05555555555555547
0 0.6634259259259259 0.5597222222222222 0.00462962962962965 0.008333333333333304
0 0.688425925925926 0.5645833333333333 0.00462962962962965 0.009722222222222188
0 0.700925925925926 0.5680555555555555 0.0037037037037036535 0.008333333333333304
0 0.1736111111111111 0.5472222222222223 0.008333333333333331 0.01666666666666672
