0 0.7064814814814815 0.5416666666666667 0.024074074074074137 0.02777777777777779
0 0.462037037037037 0.49236111111111114 0.009259259259259245 0.009722222222222243
0 0.2967592592592593 0.4916666666666667 0.010185185185185186 0.0222222222222222
0 0.5560185185185185 0.4840277777777778 0.00462962962962965 0.00694444444444442
0 0.5699074074074073 0.5138888888888888 0.00462962962962965 0.008333333333333415
0 0.5486111111111112 0.4979166666666667 0.00462962962962965 0.009722222222222188
0 0.5356481481481481 0.5041666666666667 0.00462962962962965 0.008333333333333304
0 0.9375 0.5222222222222223 0.002777777777777768 0.008333333333333304
0 0.4439814814814815 0.4986111111111111 0.002777777777777768 0.002777777777777768
0 0.5055555555555555 0.50625 0.0092592592592593 0.012499999999999956
