0 0.18300653594771243 0.34558823529411764 0.052287581699346414 0.0784313725490196
0 0.8929738562091503 0.4362745098039216 0.044117647058823484 0.06372549019607843
0 0.39542483660130723 0.3713235294117647 0.04248366013071897 0.06617647058823528
0 0.9583333333333333 0.5980392156862745 0.05065359477124176 0.07843137254901955
0 0.5751633986928104 0.4485294117647059 0.04575163398692805 0.06862745098039214
0 0.08088235294117647 0.21691176470588236 0.037581699346405234 0.05637254901960784
0 0.3611111111111111 0.2512254901960784 0.03594771241830064 0.05637254901960784
0 0.8602941176470589 0.45098039215686275 0.0539215686274509 0.07352941176470584
0 0.940359477124183 0.4375 0.05065359477124187 0.08088235294117652
0 0.10212418300653595 0.40318627450980393 0.05065359477124182 0.07598039215686275
0 0.09803921568627451 0.4852941176470589 0.052287581699346414 0.0784313725490196
0 0.034313725490196074 0.2977941176470588 0.04248366013071895 0.06617647058823528
0 0.7475490196078431 0.37745098039215685 0.044117647058823595 0.06372549019607843
0 0.5718954248366013 0.9276960784313726 0.08496732026143794 0.13970588235294124
0 0.27941176470588236 0.29901960784313725 0.039215686274509776 0.05882352941176472
0 0.49183006535947715 0.6200980392156863 0.06209150326797391 0.09313725490196079
0 0.12581699346405228 0.2855392156862745 0.03921568627450982 0.056372549019607865
0 0.6568627450980392 0.24877450980392157 0.042483660130719025 0.06617647058823528
0 0.8276143790849673 0.3529411764705882 0.05065359477124176 0.0735294117647059
0 0.4558823529411765 0.38602941176470584 0.04901960784313725 0.07598039215686275
0 0.8259803921568627 0.7365196078431373 0.09640522875816993 0.12990196078431382
0 0.6993464052287581 0.3970588235294118 0.06209150326797386 0.08823529411764702
0 0.7802287581699346 0.5870098039215687 0.05065359477124187 0.0759803921568627
0 0.636437908496732 0.42034313725490197 0.06045751633986929 0.09068627450980393
0 0.5424836601307189 0.642156862745098 0.065359477124183 0.08823529411764708
0 0.33169934640522875 0.508578431372549 0.06209150326797386 0.0955882352941177
0 0.09395424836601307 0.5906862745098038 0.06372549019607843 0.0980392156862745
0 0.18218954248366015 0.5 0.050653594771241844 0.07352941176470584
