0 0.2785947712418301 0.704656862745098 0.06045751633986929 0.10539215686274506
0 0.9697712418300654 0.09803921568627451 0.05718954248366015 0.14705882352941177
0 0.5408496732026145 0.6262254901960784 0.07843137254901966 0.13480392156862742
0 0.9550653594771241 0.7659313725490197 0.06699346405228768 0.125
0 0.7124183006535947 0.6225490196078431 0.08496732026143794 0.0980392156862745
0 0.20833333333333331 0.0392156862745098 0.05718954248366012 0.07352941176470587
0 0.25735294117647056 0.18014705882352944 0.05392156862745098 0.07107843137254902
0 0.9158496732026145 0.45833333333333337 0.037581699346405206 0.08333333333333331
0 0.6658496732026145 0.2536764705882353 0.044117647058823484 0.07598039215686275
0 0.5032679738562091 0.2120098039215686 0.06209150326797386 0.0906862745098039
0 0.9313725490196079 0.9448529411764706 0.09150326797385622 0.11029411764705888
0 0.5972222222222222 0.07352941176470588 0.04738562091503273 0.07352941176470587
