0 0.13562091503267973 0.5563725490196079 0.058823529411764705 0.12745098039215685
0 0.6772875816993464 0.5183823529411764 0.08333333333333337 0.16421568627450978
0 0.4950980392156863 0.491421568627451 0.0947712418300653 0.20833333333333331
0 0.37826797385620914 0.3321078431372549 0.09967320261437906 0.15441176470588236
0 0.7606209150326797 0.5110294117647058 0.06045751633986929 0.14460784313725494
0 0.05555555555555556 0.48774509803921573 0.058823529411764705 0.13235294117647062
0 0.8986928104575163 0.7169117647058824 0.08823529411764708 0.21323529411764697
0 0.8480392156862746 0.48651960784313725 0.08823529411764708 0.1740196078431372
0 0.5980392156862746 0.5514705882352942 0.09150326797385622 0.14215686274509803
0 0.8218954248366013 0.7205882352941176 0.06209150326797386 0.19117647058823528
