0 0.799537037037037 0.56875 0.037962962962962976 0.04861111111111116
0 0.8527777777777779 0.6055555555555555 0.02777777777777779 0.05833333333333335
0 0.42592592592592593 0.6125 0.01851851851851849 0.036111111111111094
0 0.3912037037037037 0.6041666666666667 0.015740740740740722 0.02777777777777779
0 0.3453703703703704 0.6340277777777779 0.012962962962962954 0.026388888888888906
0 0.48194444444444445 0.5958333333333333 0.015740740740740722 0.019444444444444375
0 0.5259259259259259 0.60625 0.012962962962962954 0.018055555555555602
0 0.5898148148148148 0.6104166666666666 0.01851851851851849 0.026388888888888906
0 0.6300925925925926 0.586111111111111 0.02314814814814825 0.02777777777777779
0 0.2625 0.6006944444444444 0.010185185185185186 0.03194444444444444
0 0.674537037037037 0.6041666666666667 0.008333333333333304 0.01388888888888895
0 0.912962962962963 0.5868055555555556 0.011111111111111072 0.015277777777777724
0 0.9337962962962962 0.5861111111111111 0.0064814814814814214 0.01388888888888884
