0 0.898611111111111 0.5402777777777777 0.025000000000000022 0.06666666666666665
0 0.5810185185185186 0.5541666666666667 0.010185185185185186 0.022222222222222254
0 0.4601851851851852 0.5652777777777778 0.007407407407407418 0.01388888888888884
0 0.48055555555555557 0.5534722222222223 0.005555555555555536 0.009722222222222188
0 0.5222222222222221 0.5513888888888889 0.007407407407407418 0.011111111111111183
0 0.7361111111111112 0.5180555555555555 0.01666666666666672 0.047222222222222165
0 0.9226851851851852 0.5229166666666667 0.03240740740740744 0.056944444444444464
0 0.6060185185185185 0.5743055555555556 0.008333333333333304 0.012500000000000067
0 0.6736111111111112 0.5604166666666667 0.008333333333333415 0.012499999999999956
0 0.6375 0.55625 0.008333333333333415 0.012499999999999956
0 0.4814814814814815 0.5680555555555555 0.007407407407407363 0.01388888888888884
0 0.34490740740740744 0.5618055555555556 0.006481481481481477 0.009722222222222188
0 0.3 0.5673611111111111 0.005555555555555536 0.009722222222222188
0 0.2652777777777778 0.5638888888888889 0.00462962962962965 0.008333333333333304
0 0.28981481481481486 0.5708333333333333 0.003703703703703709 0.008333333333333304
