0 0.1597222222222222 0.5805555555555555 0.013888888888888867 0.033333333333333326
0 0.2625 0.5694444444444444 0.008333333333333304 0.011111111111111072
0 0.28703703703703703 0.5798611111111112 0.0037037037037036535 0.006944444444444531
0 0.3310185185185185 0.5819444444444444 0.004629629629629595 0.011111111111111183
0 0.35324074074074074 0.5791666666666666 0.00462962962962965 0.005555555555555647
0 0.4203703703703704 0.5805555555555555 0.005555555555555591 0.008333333333333415
0 0.45694444444444443 0.60625 0.036111111111111094 0.043055555555555514
0 0.4773148148148148 0.5756944444444445 0.00462962962962965 0.012500000000000067
0 0.4893518518518518 0.5909722222222222 0.013888888888888895 0.02083333333333326
0 0.5166666666666666 0.575 0.00925925925925919 0.01388888888888895
0 0.5333333333333333 0.5756944444444445 0.014814814814814836 0.023611111111111138
0 0.5648148148148149 0.5784722222222223 0.012962962962962954 0.02083333333333337
0 0.5810185185185185 0.5736111111111111 0.002777777777777768 0.008333333333333304
0 0.8050925925925926 0.5506944444444444 0.0064814814814815325 0.015277777777777835
0 0.8712962962962962 0.5472222222222223 0.011111111111111183 0.019444444444444486
