0 0.6365740740740741 0.7006944444444445 0.015740740740740833 0.023611111111111138
0 0.4550925925925926 0.7402777777777778 0.015740740740740722 0.03888888888888886
0 0.499537037037037 0.6798611111111111 0.008333333333333304 0.012499999999999956
0 0.5185185185185186 0.6791666666666667 0.007407407407407418 0.01666666666666672
0 0.44953703703703707 0.6604166666666667 0.004629629629629595 0.012499999999999956
0 0.7731481481481481 0.6819444444444445 0.007407407407407418 0.01388888888888884
0 0.7171296296296297 0.6770833333333333 0.010185185185185186 0.015277777777777835
0 0.6541666666666667 0.68125 0.008333333333333304 0.015277777777777724
0 0.6416666666666666 0.6694444444444445 0.011111111111111183 0.01666666666666672
0 0.8611111111111112 0.6833333333333333 0.005555555555555647 0.011111111111111072
0 0.8787037037037038 0.6819444444444445 0.007407407407407418 0.008333333333333304
0 0.3666666666666667 0.6652777777777777 0.005555555555555591 0.008333333333333304
0 0.058333333333333334 0.6756944444444444 0.011111111111111106 0.02083333333333337
0 0.16898148148148148 0.6611111111111111 0.006481481481481477 0.011111111111111072
0 0.1587962962962963 0.6694444444444445 0.00462962962962965 0.008333333333333415
