0 0.11064814814814815 0.6659722222222222 0.002777777777777768 0.00694444444444442
0 0.020370370370370372 0.6861111111111111 0.005555555555555553 0.019444444444444375
0 0.5055555555555555 0.6708333333333334 0.0037037037037037646 0.008333333333333415
0 0.5212962962962964 0.6784722222222223 0.0037037037037036535 0.012499999999999956
0 0.55 0.68125 0.007407407407407418 0.012499999999999956
0 0.5601851851851851 0.6597222222222222 0.0037037037037036535 0.011111111111111072
0 0.5541666666666667 0.6618055555555555 0.00462962962962965 0.00694444444444442
0 0.5777777777777777 0.6576388888888889 0.0037037037037036535 0.009722222222222188
0 0.5717592592592593 0.6798611111111111 0.008333333333333415 0.015277777777777724
0 0.6189814814814816 0.7 0.015740740740740722 0.025000000000000022
0 0.649537037037037 0.7006944444444445 0.015740740740740722 0.026388888888888906
0 0.5513888888888889 0.5465277777777777 0.002777777777777768 0.004166666666666763
0 0.5296296296296297 0.5527777777777778 0.0018518518518518823 0.005555555555555536
0 0.6060185185185185 0.5444444444444445 0.002777777777777768 0.005555555555555647
0 0.7740740740740741 0.6819444444444445 0.005555555555555647 0.011111111111111072
0 0.7018518518518518 0.54375 0.0037037037037037646 0.006944444444444531
0 0.7101851851851853 0.6729166666666666 0.0037037037037036535 0.006944444444444531
0 0.5986111111111112 0.6416666666666666 0.00462962962962965 0.008333333333333415
0 0.350462962962963 0.6708333333333334 0.0009259259259259411 0.002777777777777879
0 0.33796296296296297 0.66875 0.0018518518518518823 0.004166666666666652
0 0.1597222222222222 0.6638888888888889 0.0046296296296296224 0.005555555555555536
