0 0.9259259259259259 0.6777777777777778 0.014814814814814836 0.025000000000000022
0 0.8337962962962964 0.6937500000000001 0.021296296296296258 0.03472222222222221
0 0.8046296296296296 0.66875 0.007407407407407418 0.018055555555555602
0 0.7856481481481481 0.6597222222222222 0.01388888888888895 0.019444444444444375
0 0.7 0.6326388888888889 0.011111111111111183 0.015277777777777724
0 0.7074074074074075 0.6993055555555556 0.042592592592592626 0.054166666666666585
0 0.6768518518518518 0.6409722222222223 0.007407407407407418 0.012500000000000067
0 0.6615740740740741 0.6368055555555556 0.0064814814814815325 0.009722222222222299
0 0.6472222222222221 0.6409722222222223 0.007407407407407418 0.015277777777777835
0 0.6370370370370371 0.6284722222222222 0.007407407407407418 0.009722222222222188
0 0.6277777777777778 0.6333333333333333 0.007407407407407418 0.01388888888888884
0 0.5810185185185186 0.7243055555555555 0.021296296296296258 0.04583333333333339
0 0.6162037037037037 0.63125 0.0064814814814815325 0.012499999999999956
0 0.5962962962962963 0.6319444444444444 0.0092592592592593 0.01388888888888884
0 0.5828703703703704 0.6333333333333333 0.008333333333333304 0.01388888888888884
0 0.6097222222222223 0.6284722222222222 0.0064814814814814214 0.012499999999999956
0 0.5546296296296296 0.6388888888888888 0.011111111111111183 0.01666666666666672
0 0.5050925925925926 0.6277777777777778 0.008333333333333415 0.01388888888888884
0 0.437037037037037 0.61875 0.009259259259259245 0.012499999999999956
0 0.37824074074074077 0.6305555555555555 0.010185185185185186 0.01388888888888884
0 0.4652777777777778 0.6152777777777778 0.008333333333333304 0.011111111111111072
