0 0.5685185185185185 0.6847222222222222 0.014814814814814836 0.04166666666666674
0 0.6953703703703704 0.7631944444444445 0.04629629629629628 0.07361111111111118
0 0.8754629629629629 0.63125 0.06018518518518523 0.07361111111111107
0 0.5236111111111111 0.6673611111111111 0.008333333333333304 0.009722222222222299
0 0.5962962962962963 0.6777777777777778 0.007407407407407418 0.011111111111111072
0 0.8226851851851852 0.679861111111111 0.008333333333333304 0.018055555555555602
0 0.013425925925925926 0.6659722222222222 0.00648148148148148 0.00694444444444442
0 0.030555555555555558 0.6708333333333334 0.007407407407407408 0.011111111111111183
0 0.31342592592592594 0.6722222222222223 0.002777777777777768 0.008333333333333415
0 0.3277777777777778 0.6729166666666666 0.0018518518518518823 0.006944444444444531
0 0.3472222222222222 0.6736111111111112 0.003703703703703709 0.008333333333333415
0 0.3652777777777778 0.6715277777777777 0.004629629629629595 0.006944444444444531
0 0.33518518518518514 0.675 0.003703703703703709 0.005555555555555536
