0 0.9523148148148148 0.675 0.047222222222222276 0.05833333333333335
0 0.6541666666666666 0.6826388888888889 0.010185185185185186 0.012499999999999956
0 0.6361111111111111 0.6666666666666667 0.007407407407407418 0.01666666666666672
0 0.8032407407407407 0.6888888888888889 0.008333333333333415 0.01388888888888884
0 0.7847222222222222 0.6770833333333333 0.008333333333333304 0.012500000000000067
0 0.4981481481481481 0.6638888888888889 0.009259259259259245 0.01388888888888884
0 0.3060185185185185 0.6770833333333333 0.008333333333333304 0.012500000000000067
0 0.16203703703703703 0.6458333333333333 0.011111111111111127 0.01666666666666672
0 0.8555555555555555 0.6763888888888889 0.005555555555555536 0.011111111111111183
0 0.837037037037037 0.6819444444444445 0.005555555555555536 0.011111111111111072
0 0.6958333333333333 0.6694444444444445 0.00462962962962965 0.011111111111111183
0 0.6703703703703704 0.6694444444444445 0.005555555555555536 0.011111111111111183
0 0.5398148148148149 0.6625 0.005555555555555536 0.008333333333333304
0 0.4087962962962963 0.6680555555555556 0.004629629629629595 0.008333333333333415
0 0.3902777777777778 0.6694444444444445 0.00462962962962965 0.011111111111111183
0 0.37777777777777777 0.6680555555555556 0.005555555555555536 0.008333333333333415
0 0.3643518518518518 0.6708333333333334 0.004629629629629595 0.002777777777777879
0 0.35416666666666663 0.6694444444444445 0.004629629629629595 0.005555555555555647
0 0.34444444444444444 0.6673611111111111 0.0037037037037036535 0.00694444444444442
0 0.6537037037037037 0.6625 0.005555555555555536 0.008333333333333304
0 0.5569444444444445 0.675 0.00462962962962965 0.008333333333333415
