0 0.6772875816993464 0.20955882352941174 0.08006535947712423 0.12009803921568626
0 0.6535947712418301 0.383578431372549 0.11111111111111116 0.15931372549019612
0 0.5130718954248366 0.5490196078431373 0.16013071895424835 0.22058823529411764
0 0.7369281045751634 0.2867647058823529 0.06209150326797386 0.0980392156862745
0 0.12581699346405228 0.07107843137254902 0.04901960784313725 0.0784313725490196
0 0.8602941176470589 0.031862745098039214 0.044117647058823484 0.06372549019607843
0 0.636437908496732 0.034313725490196074 0.037581699346405206 0.053921568627450976
0 0.059640522875817 0.0428921568627451 0.05065359477124183 0.07598039215686275
0 0.4844771241830066 0.06127450980392157 0.06372549019607848 0.09313725490196079
0 0.2450980392156863 0.18504901960784315 0.1045751633986928 0.1691176470588235
0 0.5972222222222222 0.12867647058823528 0.0702614379084967 0.12009803921568626
0 0.744281045751634 0.03799019607843137 0.044117647058823595 0.0661764705882353
0 0.4468954248366013 0.22303921568627452 0.12581699346405223 0.19607843137254904
0 0.9166666666666667 0.11887254901960784 0.04901960784313719 0.07598039215686274
0 0.5571895424836601 0.3357843137254902 0.08823529411764708 0.13725490196078433
