0 0.45185185185185184 0.5875 0.04814814814814816 0.08055555555555549
0 0.5282407407407408 0.5819444444444445 0.03981481481481486 0.061111111111111116
0 0.5865740740740741 0.5972222222222222 0.030555555555555558 0.061111111111111116
0 0.8467592592592592 0.5444444444444445 0.04351851851851851 0.07500000000000007
0 0.9412037037037038 0.5326388888888889 0.04907407407407416 0.07638888888888884
0 0.6712962962962963 0.6027777777777777 0.029629629629629672 0.061111111111111116
0 0.6375 0.5729166666666666 0.00462962962962965 0.009722222222222188
0 0.6171296296296296 0.5777777777777777 0.008333333333333415 0.01666666666666672
0 0.6046296296296296 0.5631944444444444 0.007407407407407307 0.012499999999999956
0 0.6421296296296297 0.5555555555555556 0.00462962962962965 0.008333333333333304
0 0.8217592592592593 0.5472222222222223 0.008333333333333415 0.019444444444444486
0 0.9847222222222223 0.50625 0.012037037037036957 0.012499999999999956
