0 0.9183006535947713 0.23651960784313725 0.1633986928104575 0.4681372549019608
0 0.5857843137254902 0.3713235294117647 0.07352941176470584 0.08088235294117646
0 0.6650326797385622 0.37254901960784315 0.0816993464052288 0.1715686274509804
0 0.488562091503268 0.517156862745098 0.0784313725490196 0.16666666666666663
0 0.38398692810457513 0.446078431372549 0.08496732026143788 0.16176470588235298
0 0.16993464052287582 0.4730392156862745 0.11764705882352941 0.23529411764705882
0 0.8202614379084967 0.2892156862745098 0.04575163398692805 0.24509803921568626
0 0.7573529411764706 0.4227941176470589 0.06372549019607843 0.11029411764705882
0 0.29901960784313725 0.36764705882352944 0.05882352941176472 0.13235294117647062
0 0.22794117647058823 0.3517156862745098 0.0735294117647059 0.16421568627450983
