0 0.15441176470588236 0.2917705735660848 0.13235294117647056 0.314214463840399
0 0.22303921568627452 0.1596009975062344 0.1062091503267974 0.2094763092269327
0 0.7949346405228758 0.10473815461346633 0.06372549019607843 0.1197007481296758
0 0.701797385620915 0.06483790523690773 0.07352941176470595 0.11471321695760597
0 0.8888888888888888 0.21820448877805487 0.0816993464052288 0.2119700748129676
0 0.9419934640522876 0.34788029925187036 0.10947712418300659 0.24688279301745636
0 0.46405228758169936 0.4389027431421446 0.19281045751633985 0.27431421446384036
0 0.5334967320261438 0.23690773067331672 0.08660130718954245 0.2144638403990025
0 0.875 0.71571072319202 0.25 0.5635910224438903
0 0.7875816993464053 0.3092269326683292 0.09477124183006536 0.15461346633416462
0 0.630718954248366 0.24563591022443892 0.08496732026143794 0.1571072319201995
0 0.4256535947712418 0.16708229426433915 0.06699346405228757 0.13466334164588528
