0 0.190359477124183 0.5318627450980392 0.06045751633986929 0.09803921568627455
0 0.27205882352941174 0.44975490196078427 0.05392156862745098 0.07598039215686275
0 0.5931372549019608 0.4276960784313726 0.03921568627450989 0.05637254901960781
0 0.49836601307189543 0.4227941176470588 0.03594771241830069 0.056372549019607865
0 0.3946078431372549 0.3480392156862745 0.037581699346405206 0.053921568627450955
0 0.6478758169934641 0.5073529411764706 0.05065359477124187 0.07352941176470584
0 0.3374183006535948 0.4473039215686274 0.03758169934640526 0.05637254901960781
0 0.5089869281045751 0.7426470588235294 0.08660130718954251 0.13235294117647056
0 0.17238562091503268 0.6384803921568627 0.13235294117647062 0.19852941176470595
0 0.6258169934640523 0.6262254901960784 0.07516339869281041 0.11519607843137258
