0 0.3925925925925926 0.5673611111111111 0.007407407407407418 0.015277777777777724
0 0.47870370370370374 0.5715277777777779 0.009259259259259245 0.018055555555555602
0 0.49768518518518523 0.5604166666666667 0.00833333333333336 0.009722222222222188
0 0.662037037037037 0.5701388888888889 0.011111111111111183 0.015277777777777724
0 0.6981481481481482 0.5569444444444445 0.012962962962962954 0.022222222222222254
0 0.7222222222222222 0.5659722222222222 0.005555555555555536 0.012499999999999956
0 0.5986111111111111 0.5729166666666666 0.008333333333333304 0.009722222222222188
0 0.6291666666666667 0.5638888888888889 0.008333333333333304 0.016666666666666607
0 0.6416666666666666 0.5701388888888889 0.00925925925925919 0.015277777777777724
0 0.6726851851851852 0.5791666666666666 0.00462962962962965 0.011111111111111183
