0 0.6168300653594772 0.32352941176470584 0.07679738562091498 0.13235294117647062
0 0.3970588235294118 0.29901960784313725 0.08496732026143788 0.23529411764705885
0 0.5441176470588235 0.18504901960784315 0.05882352941176472 0.12009803921568626
0 0.8194444444444444 0.21568627450980393 0.040849673202614345 0.07352941176470587
0 0.8839869281045751 0.18382352941176472 0.04575163398692805 0.06372549019607845
0 0.9763071895424837 0.15073529411764705 0.044117647058823484 0.07598039215686274
0 0.4493464052287582 0.2254901960784314 0.05882352941176472 0.16176470588235295
0 0.517156862745098 0.4117647058823529 0.09640522875816993 0.196078431372549
0 0.7263071895424837 0.3700980392156863 0.08986928104575165 0.14215686274509803
0 0.2410130718954248 0.23161764705882354 0.027777777777777762 0.06617647058823531
0 0.08333333333333334 0.49387254901960786 0.10784313725490197 0.11029411764705888
0 0.19444444444444442 0.24877450980392157 0.0718954248366013 0.11519607843137258
0 0.047385620915032685 0.2573529411764706 0.08169934640522876 0.12745098039215688
