0 0.6180555555555556 0.4722222222222222 0.062037037037037 0.08888888888888896
0 0.7810185185185186 0.5645833333333333 0.03425925925925932 0.08194444444444438
0 0.5203703703703704 0.5465277777777777 0.031481481481481444 0.06527777777777788
0 0.4546296296296296 0.5416666666666667 0.020370370370370372 0.011111111111111183
0 0.4907407407407407 0.5381944444444444 0.020370370370370317 0.02083333333333337
0 0.40925925925925927 0.5486111111111112 0.012962962962962954 0.025000000000000022
0 0.3837962962962963 0.5458333333333334 0.012037037037037068 0.01388888888888895
0 0.3921296296296296 0.5569444444444445 0.00833333333333336 0.016666666666666607
0 0.37777777777777777 0.570138888888889 0.011111111111111127 0.018055555555555602
0 0.3347222222222222 0.5590277777777778 0.010185185185185186 0.015277777777777724
0 0.2694444444444445 0.5513888888888889 0.009259259259259245 0.019444444444444486
0 0.36342592592592593 0.5576388888888889 0.010185185185185186 0.01805555555555549
