0 0.701797385620915 0.21200980392156862 0.1029411764705882 0.16911764705882354
0 0.1854575163398693 0.4068627450980392 0.19117647058823528 0.2794117647058823
0 0.49183006535947715 0.366421568627451 0.1339869281045752 0.1985294117647059
0 0.5212418300653595 0.6985294117647058 0.17647058823529416 0.28431372549019607
0 0.3684640522875817 0.5502450980392157 0.19117647058823534 0.27205882352941174
0 0.696078431372549 0.5992647058823529 0.15032679738562094 0.22303921568627455
0 0.8243464052287581 0.2732843137254902 0.1421568627450981 0.23284313725490197
0 0.45179738562091504 0.12745098039215685 0.07352941176470584 0.1127450980392157
0 0.25735294117647056 0.22058823529411764 0.08660130718954248 0.13725490196078435
0 0.40441176470588236 0.2696078431372549 0.06372549019607843 0.09313725490196076
0 0.5980392156862746 0.15931372549019607 0.09150326797385622 0.13725490196078433
0 0.3553921568627451 0.31004901960784315 0.08660130718954251 0.13480392156862744
