0 0.5240740740740741 0.6041666666666667 0.062962962962963 0.10555555555555551
0 0.6824074074074074 0.5694444444444444 0.05555555555555547 0.09166666666666667
0 0.7861111111111111 0.5930555555555556 0.051851851851851816 0.050000000000000044
0 0.3768518518518519 0.6041666666666667 0.007407407407407363 0.022222222222222254
0 0.28935185185185186 0.5965277777777778 0.010185185185185186 0.03750000000000009
0 0.2685185185185185 0.6118055555555555 0.01296296296296301 0.029166666666666674
0 0.4101851851851852 0.5979166666666667 0.016666666666666663 0.023611111111111138
0 0.45092592592592595 0.6041666666666667 0.01296296296296301 0.022222222222222254
0 0.4712962962962963 0.6187499999999999 0.01481481481481478 0.026388888888888906
0 0.9402777777777778 0.5888888888888888 0.012037037037037068 0.025000000000000022
