0 0.5796296296296296 0.5965277777777778 0.0092592592592593 0.023611111111111027
0 0.6861111111111111 0.632638888888889 0.012962962962962954 0.02083333333333337
0 0.7263888888888889 0.6041666666666667 0.01388888888888884 0.022222222222222254
0 0.7388888888888889 0.6361111111111111 0.011111111111111183 0.01388888888888895
0 0.8523148148148147 0.5402777777777779 0.026851851851851793 0.033333333333333326
0 0.8685185185185185 0.5833333333333333 0.014814814814814725 0.02777777777777779
0 0.9208333333333334 0.5930555555555556 0.021296296296296258 0.03333333333333344
0 0.9657407407407408 0.5770833333333334 0.014814814814814725 0.03194444444444444
0 0.8175925925925926 0.6486111111111111 0.0037037037037036535 0.005555555555555536
0 0.7930555555555555 0.6493055555555556 0.002777777777777768 0.00694444444444442
0 0.4203703703703704 0.6472222222222223 0.003703703703703709 0.008333333333333304
0 0.3662037037037037 0.6152777777777778 0.00462962962962965 0.011111111111111072
