0 0.5089869281045751 0.696078431372549 0.014705882352941235 0.03431372549019607
0 0.48366013071895425 0.704656862745098 0.019607843137254943 0.03676470588235292
0 0.45506535947712423 0.6924019607843137 0.01797385620915032 0.05147058823529416
0 0.588235294117647 0.6936274509803921 0.039215686274509776 0.07352941176470584
0 0.1315359477124183 0.35539215686274506 0.08660130718954247 0.19607843137254904
0 0.6805555555555556 0.36642156862745096 0.18137254901960786 0.24754901960784312
0 0.27369281045751637 0.34681372549019607 0.07679738562091504 0.1299019607843137
0 0.49754901960784315 0.24754901960784315 0.06372549019607843 0.1519607843137255
0 0.553921568627451 0.321078431372549 0.0980392156862745 0.18137254901960784
0 0.35784313725490197 0.30637254901960786 0.065359477124183 0.12254901960784317
0 0.553921568627451 0.6911764705882353 0.0326797385620915 0.044117647058823595
