0 0.49754901960784315 0.2107843137254902 0.05392156862745101 0.0784313725490196
0 0.440359477124183 0.29656862745098034 0.05065359477124182 0.0784313725490196
0 0.4509803921568627 0.24509803921568626 0.04901960784313725 0.0784313725490196
0 0.32434640522875813 0.2181372549019608 0.05065359477124182 0.07352941176470587
0 0.6576797385620915 0.2181372549019608 0.05392156862745101 0.07843137254901958
0 0.6209150326797386 0.23161764705882354 0.05228758169934644 0.07598039215686272
0 0.25735294117647056 0.23161764705882354 0.04411764705882354 0.06617647058823531
0 0.4076797385620915 0.2463235294117647 0.05065359477124187 0.08088235294117646
0 0.738562091503268 0.2463235294117647 0.05228758169934633 0.08088235294117646
0 0.7900326797385621 0.2107843137254902 0.05065359477124187 0.0784313725490196
0 0.6879084967320261 0.3014705882352941 0.042483660130719025 0.06862745098039214
