0 0.5157407407407408 0.4986111111111111 0.012962962962962954 0.01944444444444443
0 0.47916666666666663 0.5243055555555556 0.012037037037037013 0.018055555555555602
0 0.5430555555555556 0.50625 0.012037037037036957 0.015277777777777724
0 0.5824074074074074 0.5048611111111111 0.011111111111111072 0.012499999999999956
0 0.6388888888888888 0.4916666666666667 0.011111111111111183 0.016666666666666663
0 0.6805555555555556 0.48611111111111116 0.0092592592592593 0.013888888888888895
0 0.6972222222222222 0.475 0.012962962962962954 0.011111111111111127
0 0.7171296296296297 0.46319444444444446 0.010185185185185186 0.015277777777777779
0 0.7435185185185185 0.4652777777777778 0.014814814814814725 0.01944444444444443
0 0.2175925925925926 0.4027777777777778 0.06481481481481483 0.09444444444444444
0 0.38611111111111107 0.5402777777777779 0.009259259259259245 0.01388888888888895
0 0.40046296296296297 0.5402777777777779 0.010185185185185186 0.01388888888888895
0 0.4101851851851852 0.5368055555555555 0.009259259259259245 0.009722222222222188
0 0.4282407407407407 0.5256944444444445 0.006481481481481477 0.012499999999999956
0 0.437962962962963 0.5305555555555556 0.009259259259259245 0.01388888888888884
0 0.4462962962962963 0.5305555555555556 0.005555555555555536 0.01388888888888884
0 0.46064814814814814 0.5305555555555556 0.008333333333333304 0.01388888888888884
0 0.4722222222222222 0.5201388888888889 0.005555555555555536 0.018055555555555602
