0 0.12663398692810457 0.5931372549019608 0.05392156862745098 0.11274509803921573
0 0.6478758169934641 0.5980392156862745 0.0702614379084967 0.11764705882352944
0 0.18382352941176472 0.6936274509803921 0.050653594771241844 0.0980392156862745
0 0.190359477124183 0.5919117647058824 0.05392156862745098 0.08578431372549011
0 0.1184640522875817 0.678921568627451 0.06699346405228757 0.0980392156862745
0 0.2679738562091503 0.571078431372549 0.049019607843137275 0.08333333333333337
0 0.3464052287581699 0.588235294117647 0.04901960784313725 0.08823529411764708
0 0.5424836601307189 0.5808823529411764 0.065359477124183 0.11274509803921562
0 0.6870915032679739 0.375 0.0702614379084967 0.11764705882352944
0 0.4959150326797386 0.5281862745098039 0.05065359477124187 0.09558823529411759
