0 0.2091503267973856 0.6740196078431373 0.052287581699346414 0.08333333333333337
0 0.3137254901960784 0.5588235294117647 0.04901960784313725 0.08333333333333326
0 0.6911764705882353 0.4019607843137255 0.06209150326797386 0.10294117647058826
0 0.6266339869281046 0.6384803921568627 0.06045751633986929 0.08088235294117652
0 0.5392156862745098 0.5955882352941176 0.05882352941176472 0.08823529411764697
0 0.12336601307189543 0.5698529411764706 0.07026143790849672 0.08088235294117652
0 0.5040849673202614 0.5294117647058824 0.03758169934640526 0.08333333333333331
0 0.19444444444444445 0.5208333333333334 0.04248366013071897 0.07107843137254904
0 0.14869281045751634 0.49264705882352944 0.04901960784313725 0.0735294117647059
0 0.44852941176470584 0.5147058823529412 0.0408496732026144 0.0735294117647059
0 0.12254901960784313 0.6409313725490196 0.05555555555555555 0.11519607843137247
0 0.36683006535947715 0.5661764705882353 0.0408496732026144 0.06372549019607843
