0 0.5473856209150327 0.11363636363636365 0.03594771241830064 0.05
0 0.08415032679738563 0.15795454545454546 0.03758169934640522 0.052272727272727276
0 0.7050653594771241 0.19204545454545455 0.0539215686274509 0.07045454545454544
0 0.5874183006535948 0.18068181818181817 0.05392156862745101 0.07499999999999998
0 0.11029411764705882 0.3318181818181818 0.09313725490196079 0.12272727272727274
0 0.24673202614379086 0.3522727272727273 0.08496732026143794 0.12272727272727274
0 0.6503267973856208 0.14431818181818182 0.042483660130718914 0.061363636363636356
0 0.940359477124183 0.3284090909090909 0.0866013071895424 0.1159090909090909
0 0.9558823529411764 0.4988636363636364 0.08496732026143794 0.12045454545454543
0 0.26552287581699346 0.15113636363636362 0.037581699346405206 0.052272727272727276
0 0.6568627450980392 0.2943181818181818 0.08823529411764697 0.12954545454545452
0 0.6331699346405228 0.2056818181818182 0.05065359477124187 0.07045454545454546
0 0.3112745098039216 0.3136363636363636 0.0702614379084967 0.10454545454545455
0 0.803921568627451 0.25227272727272726 0.05228758169934644 0.07272727272727272
0 0.8831699346405228 0.2056818181818182 0.037581699346405206 0.052272727272727276
0 0.119281045751634 0.18181818181818182 0.0392156862745098 0.04999999999999999
0 0.9411764705882353 0.2 0.05228758169934644 0.06818181818181818
0 0.20098039215686275 0.20113636363636364 0.052287581699346414 0.07045454545454544
0 0.309640522875817 0.1431818181818182 0.04411764705882354 0.0590909090909091
0 0.31781045751633985 0.22499999999999998 0.05065359477124182 0.07272727272727272
0 0.7998366013071896 0.18636363636363634 0.05065359477124176 0.07272727272727272
0 0.05228758169934641 0.2272727272727273 0.08823529411764706 0.1181818181818182
0 0.6797385620915033 0.46931818181818186 0.12745098039215685 0.17045454545454547
0 0.16339869281045752 0.2318181818181818 0.0784313725490196 0.09999999999999998
0 0.5196078431372549 0.16704545454545455 0.06209150326797391 0.08863636363636364
0 0.41748366013071897 0.28068181818181814 0.15849673202614378 0.21136363636363636
0 0.5571895424836601 0.3965909090909091 0.08496732026143794 0.1159090909090909
0 0.8521241830065359 0.27954545454545454 0.07679738562091498 0.10454545454545458
0 0.5702614379084967 0.27045454545454545 0.07516339869281041 0.09999999999999998
