0 0.1287037037037037 0.6763888888888889 0.014814814814814808 0.025000000000000022
0 0.14675925925925926 0.6652777777777779 0.01203703703703704 0.019444444444444486
0 0.2087962962962963 0.6472222222222221 0.008333333333333331 0.01388888888888895
0 0.2763888888888889 0.6402777777777777 0.010185185185185186 0.011111111111111183
0 0.2865740740740741 0.6381944444444445 0.006481481481481477 0.009722222222222299
0 0.375462962962963 0.625 0.006481481481481477 0.011111111111111072
0 0.399537037037037 0.6305555555555555 0.00833333333333336 0.016666666666666607
0 0.45555555555555555 0.60625 0.005555555555555536 0.006944444444444531
0 0.48842592592592593 0.6125 0.008333333333333304 0.011111111111111183
0 0.5328703703703703 0.6006944444444444 0.010185185185185186 0.015277777777777724
0 0.6921296296296297 0.5979166666666667 0.01388888888888884 0.015277777777777724
