0 0.43137254901960786 0.21200980392156862 0.0326797385620915 0.04656862745098039
0 0.26143790849673204 0.5772058823529411 0.13071895424836602 0.24264705882352938
0 0.5588235294117647 0.20220588235294118 0.0326797385620915 0.06127450980392157
0 0.5212418300653594 0.13970588235294118 0.02941176470588236 0.05882352941176472
0 0.49264705882352944 0.1801470588235294 0.031045751633986873 0.06617647058823528
0 0.44771241830065356 0.15808823529411764 0.026143790849673165 0.03676470588235295
0 0.8006535947712419 0.4595588235294118 0.12418300653594772 0.31617647058823534
0 0.09068627450980393 0.6825980392156863 0.14215686274509803 0.2867647058823529
0 0.1503267973856209 0.38112745098039214 0.12091503267973856 0.25245098039215685
0 0.44689542483660133 0.3884803921568627 0.1519607843137255 0.3014705882352941
