0 0.29953703703703705 0.6000000000000001 0.015740740740740722 0.030555555555555558
0 0.38703703703703707 0.6020833333333333 0.018518518518518545 0.029166666666666674
0 0.950462962962963 0.58125 0.03240740740740744 0.07638888888888895
0 0.7541666666666667 0.6069444444444445 0.019444444444444375 0.025000000000000022
0 0.6902777777777778 0.6194444444444445 0.019444444444444375 0.04166666666666663
0 0.6078703703703704 0.5972222222222223 0.01388888888888884 0.02777777777777779
0 0.5782407407407408 0.6000000000000001 0.015740740740740722 0.025000000000000022
0 0.42083333333333334 0.6145833333333333 0.012037037037037068 0.023611111111111138
0 0.44166666666666665 0.6138888888888889 0.014814814814814836 0.022222222222222254
0 0.5402777777777779 0.6069444444444445 0.010185185185185186 0.01666666666666672
0 0.461574074074074 0.6138888888888889 0.013888888888888895 0.022222222222222254
0 0.8314814814814815 0.6041666666666667 0.016666666666666607 0.04166666666666663
