0 0.4991830065359477 0.5412026726057907 0.08660130718954245 0.12472160356347445
0 0.22549019607843135 0.09465478841870824 0.08823529411764705 0.11804008908685967
0 0.4117647058823529 0.12917594654788417 0.08496732026143788 0.12026726057906459
0 0.09068627450980392 0.19933184855233854 0.10620915032679737 0.1447661469933185
0 0.6323529411764706 0.37973273942093544 0.07516339869281041 0.10022271714922054
0 0.3055555555555556 0.09910913140311804 0.08823529411764702 0.11804008908685967
0 0.3316993464052288 0.30734966592427615 0.10457516339869283 0.13808463251670375
0 0.3880718954248366 0.2416481069042316 0.08660130718954251 0.11804008908685967
0 0.5490196078431373 0.4298440979955457 0.10457516339869277 0.14699331848552344
0 0.5302287581699346 0.2516703786191537 0.1062091503267974 0.1514476614699332
0 0.5416666666666667 0.6636971046770601 0.08986928104575165 0.12026726057906456
