0 0.2652777777777778 0.55 0.012037037037037068 0.01666666666666672
0 0.02824074074074074 0.5090277777777779 0.03796296296296296 0.029166666666666674
0 0.09166666666666667 0.5263888888888888 0.024074074074074067 0.025000000000000022
0 0.14907407407407408 0.5319444444444444 0.016666666666666663 0.022222222222222143
0 0.35370370370370374 0.55625 0.011111111111111127 0.01805555555555549
0 0.44305555555555554 0.5555555555555556 0.010185185185185186 0.016666666666666607
0 0.46111111111111114 0.5527777777777778 0.005555555555555591 0.011111111111111072
0 0.5023148148148148 0.5590277777777778 0.006481481481481477 0.009722222222222188
0 0.5277777777777778 0.5590277777777778 0.005555555555555536 0.009722222222222188
0 0.7749999999999999 0.5458333333333334 0.03888888888888886 0.033333333333333326
