0 0.31209150326797386 0.4068627450980392 0.07516339869281041 0.11274509803921573
0 0.5808823529411764 0.35416666666666663 0.09313725490196079 0.1446078431372549
0 0.06944444444444445 0.5343137254901961 0.037581699346405234 0.05392156862745101
0 0.08251633986928104 0.6066176470588236 0.037581699346405234 0.056372549019607754
0 0.19526143790849673 0.35661764705882354 0.037581699346405206 0.056372549019607865
0 0.034313725490196074 0.6200980392156863 0.04248366013071895 0.06862745098039214
0 0.4624183006535948 0.42034313725490197 0.065359477124183 0.09068627450980393
0 0.7736928104575164 0.41299019607843135 0.07352941176470584 0.10539215686274511
0 0.37663398692810457 0.37254901960784315 0.06372549019607843 0.0980392156862745
0 0.8415032679738562 0.7401960784313726 0.05228758169934644 0.07352941176470584
0 0.9093137254901961 0.75 0.044117647058823595 0.06372549019607843
0 0.9812091503267975 0.6764705882352942 0.037581699346405206 0.05882352941176472
0 0.018790849673202614 0.7120098039215687 0.03758169934640523 0.0759803921568627
