0 0.5196078431372549 0.2622549019607843 0.06535947712418305 0.09803921568627452
0 0.09640522875816993 0.4620098039215686 0.1111111111111111 0.16421568627450978
0 0.6772875816993464 0.321078431372549 0.06045751633986929 0.09803921568627455
0 0.20588235294117646 0.47916666666666663 0.08496732026143791 0.13480392156862742
0 0.9648692810457516 0.25735294117647056 0.0702614379084967 0.13235294117647062
0 0.8047385620915033 0.23651960784313725 0.07352941176470584 0.11519607843137256
0 0.434640522875817 0.3443627450980392 0.06209150326797386 0.09068627450980393
0 0.5866013071895425 0.3713235294117647 0.05882352941176472 0.09558823529411764
0 0.37254901960784315 0.4227941176470588 0.05882352941176472 0.09068627450980393
0 0.22222222222222224 0.2389705882352941 0.07516339869281047 0.12009803921568626
0 0.09395424836601307 0.3174019607843137 0.08986928104575165 0.13970588235294118
