0 0.5759803921568627 0.3018223234624146 0.13235294117647067 0.234624145785877
0 0.10947712418300654 0.7949886104783599 0.1437908496732026 0.32801822323462415
0 0.35784313725490197 0.44760820045558086 0.13725490196078427 0.23006833712984054
0 0.026143790849673203 0.11958997722095671 0.049019607843137254 0.22095671981776766
0 0.8169934640522876 0.1856492027334852 0.11111111111111116 0.17084282460136674
0 0.49183006535947715 0.11731207289293849 0.1274509803921569 0.14806378132118453
0 0.20098039215686275 0.20501138952164008 0.1045751633986928 0.18678815489749429
0 0.1053921568627451 0.18792710706150342 0.11601307189542484 0.1571753986332574
0 0.19771241830065361 0.44988610478359903 0.16013071895424838 0.2984054669703872
0 0.5008169934640523 0.43621867881548976 0.11928104575163401 0.2482915717539863
