0 0.6372549019607843 0.38510101010101006 0.08496732026143794 0.1388888888888889
0 0.0784313725490196 0.18055555555555558 0.09150326797385622 0.14393939393939395
0 0.6968954248366013 0.3787878787878788 0.08986928104575165 0.13636363636363635
0 0.29330065359477125 0.43686868686868685 0.10947712418300651 0.16161616161616155
0 0.9550653594771241 0.22095959595959597 0.08333333333333337 0.13888888888888887
0 0.5473856209150327 0.06313131313131314 0.09150326797385622 0.12626262626262627
0 0.7696078431372548 0.1527777777777778 0.10784313725490191 0.1590909090909091
0 0.44281045751633985 0.48484848484848486 0.09150326797385622 0.1363636363636363
0 0.34068627450980393 0.3143939393939394 0.1029411764705882 0.16414141414141414
0 0.5980392156862746 0.5833333333333333 0.08823529411764708 0.13636363636363635
0 0.15441176470588236 0.19191919191919193 0.10947712418300654 0.16666666666666666
0 0.6552287581699346 0.10732323232323232 0.08823529411764697 0.1388888888888889
