0 0.7189542483660131 0.4546568627450981 0.0915032679738561 0.12990196078431376
0 0.5359477124183006 0.3088235294117647 0.045751633986928164 0.06372549019607843
0 0.6037581699346406 0.6090686274509803 0.1519607843137255 0.23774509803921567
0 0.6764705882352942 0.3737745098039216 0.05228758169934633 0.08088235294117652
0 0.44852941176470584 0.6666666666666667 0.10294117647058826 0.1568627450980392
0 0.3954248366013072 0.4803921568627451 0.05882352941176472 0.09313725490196079
0 0.5261437908496732 0.4375 0.0490196078431373 0.08088235294117652
0 0.4566993464052288 0.27450980392156865 0.05065359477124182 0.0784313725490196
0 0.3308823529411765 0.38848039215686275 0.04411764705882354 0.06617647058823528
0 0.5816993464052288 0.3958333333333333 0.05882352941176472 0.09068627450980393
