0 0.6462418300653594 0.6658878504672897 0.20751633986928109 0.29439252336448596
0 0.8848039215686274 0.1366822429906542 0.037581699346405206 0.05373831775700934
0 0.11846405228758171 0.3119158878504673 0.037581699346405234 0.05373831775700938
0 0.6715686274509804 0.21378504672897197 0.08823529411764708 0.12850467289719628
0 0.9558823529411764 0.23831775700934577 0.03594771241830064 0.056074766355140165
0 0.6160130718954249 0.48598130841121495 0.12745098039215685 0.17757009345794394
0 0.565359477124183 0.3060747663551402 0.10130718954248374 0.1542056074766355
0 0.32189542483660133 0.37149532710280375 0.12745098039215685 0.18224299065420563
0 0.4763071895424837 0.23598130841121495 0.08986928104575165 0.13084112149532712
0 0.8186274509803921 0.36565420560747663 0.08496732026143794 0.12850467289719625
0 0.3700980392156863 0.24883177570093457 0.09967320261437912 0.1518691588785047
