0 0.6263888888888889 0.54375 0.01388888888888884 0.023611111111111138
0 0.6101851851851852 0.5645833333333333 0.011111111111111072 0.015277777777777724
0 0.5675925925925926 0.5486111111111112 0.00925925925925919 0.02777777777777779
0 0.6680555555555556 0.5298611111111111 0.01388888888888895 0.029166666666666674
0 0.48703703703703705 0.5666666666666667 0.005555555555555536 0.008333333333333304
0 0.4736111111111111 0.5604166666666667 0.00462962962962965 0.00694444444444442
0 0.4194444444444444 0.5729166666666666 0.003703703703703709 0.00694444444444442
0 0.437037037037037 0.5659722222222222 0.003703703703703709 0.00694444444444442
0 0.40694444444444444 0.5701388888888889 0.00462962962962965 0.004166666666666652
0 0.39629629629629626 0.5736111111111111 0.0018518518518518268 0.005555555555555536
0 0.37824074074074077 0.5666666666666667 0.004629629629629595 0.008333333333333304
