0 0.7611111111111111 0.6916666666666667 0.00925925925925919 0.016666666666666607
0 0.5680555555555555 0.6729166666666666 0.010185185185185186 0.015277777777777835
0 0.5958333333333334 0.6833333333333333 0.010185185185185186 0.011111111111111072
0 0.6981481481481482 0.6805555555555556 0.0037037037037036535 0.008333333333333304
0 0.25555555555555554 0.675 0.009259259259259245 0.01388888888888895
0 0.29166666666666663 0.6694444444444445 0.011111111111111127 0.01666666666666672
0 0.6050925925925926 0.69375 0.008333333333333304 0.015277777777777724
0 0.8532407407407407 0.6791666666666667 0.008333333333333304 0.011111111111111072
0 0.8398148148148148 0.6805555555555556 0.005555555555555536 0.008333333333333304
0 0.8111111111111111 0.6736111111111112 0.005555555555555536 0.008333333333333415
