0 0.5671296296296297 0.6756944444444445 0.03240740740740744 0.05972222222222223
0 0.6129629629629629 0.6694444444444445 0.050000000000000044 0.07500000000000007
0 0.49444444444444446 0.6972222222222222 0.012962962962962898 0.019444444444444486
0 0.4111111111111111 0.675 0.012962962962962954 0.019444444444444486
0 0.49675925925925923 0.6756944444444444 0.008333333333333304 0.023611111111111138
0 0.5231481481481481 0.6673611111111111 0.011111111111111072 0.02083333333333337
0 0.8018518518518518 0.6729166666666666 0.01851851851851849 0.043055555555555514
0 0.8675925925925926 0.7173611111111111 0.025925925925925908 0.043055555555555625
0 0.7620370370370371 0.6791666666666667 0.01666666666666672 0.022222222222222254
0 0.26666666666666666 0.6541666666666667 0.012962962962962954 0.019444444444444375
0 0.22916666666666669 0.6729166666666666 0.008333333333333331 0.018055555555555602
