0 0.9297385620915033 0.530562347188264 0.05228758169934644 0.08312958435207823
0 0.33415032679738566 0.4315403422982885 0.057189542483660094 0.0806845965770171
0 0.8954248366013071 0.8141809290953546 0.10130718954248363 0.22982885085574567
0 0.07352941176470588 0.5024449877750612 0.065359477124183 0.08557457212713937
0 0.20261437908496732 0.49511002444987773 0.065359477124183 0.07579462102689488
0 0.26062091503267976 0.4706601466992665 0.06372549019607845 0.08557457212713943
0 0.4281045751633987 0.4718826405867971 0.052287581699346386 0.09290953545232267
0 0.4959150326797386 0.41442542787286063 0.044117647058823595 0.0660146699266504
0 0.5138888888888888 0.5183374083129585 0.040849673202614345 0.06356968215158926
0 0.642156862745098 0.4339853300733496 0.05228758169934633 0.061124694376528066
0 0.2565359477124183 0.6772616136919316 0.07189542483660133 0.10268948655256727
0 0.8439542483660131 0.5378973105134475 0.04738562091503273 0.06845965770171147
0 0.48366013071895425 0.7689486552567237 0.0816993464052288 0.16870415647921755
0 0.7638888888888888 0.812958435207824 0.14869281045751637 0.33007334963325174
0 0.8120915032679739 0.6797066014669927 0.06862745098039214 0.1466992665036675
0 0.6339869281045751 0.6687041564792175 0.05228758169934644 0.09046454767726153
0 0.2957516339869281 0.9046454767726162 0.1372549019607843 0.19070904645476772
0 0.14624183006535948 0.8080684596577017 0.09640522875816994 0.19804400977995107
0 0.3872549019607843 0.6894865525672371 0.065359477124183 0.10757946210268943
0 0.5727124183006536 0.6552567237163814 0.0702614379084967 0.12224938875305624
