0 0.08703703703703704 0.6222222222222222 0.005555555555555564 0.008333333333333304
0 0.13703703703703704 0.6229166666666667 0.005555555555555536 0.009722222222222188
0 0.16018518518518518 0.6229166666666667 0.011111111111111127 0.01805555555555549
0 0.1509259259259259 0.6388888888888888 0.012962962962962982 0.01388888888888895
0 0.18981481481481483 0.6187499999999999 0.012962962962962982 0.023611111111111138
0 0.21296296296296297 0.6222222222222222 0.016666666666666663 0.02499999999999991
0 0.2300925925925926 0.6256944444444444 0.006481481481481477 0.012499999999999956
0 0.23796296296296296 0.6423611111111112 0.016666666666666663 0.029166666666666674
0 0.2652777777777778 0.6208333333333333 0.010185185185185186 0.01388888888888884
0 0.28148148148148144 0.6354166666666667 0.016666666666666663 0.02083333333333337
0 0.30694444444444446 0.6256944444444444 0.010185185185185186 0.012499999999999956
0 0.34444444444444444 0.6361111111111111 0.014814814814814836 0.022222222222222254
0 0.36944444444444446 0.6486111111111111 0.029629629629629617 0.047222222222222276
0 0.45185185185185184 0.6847222222222222 0.061111111111111116 0.10000000000000009
0 0.5407407407407407 0.6347222222222222 0.0092592592592593 0.019444444444444486
0 0.5629629629629629 0.6416666666666666 0.00925925925925919 0.019444444444444486
0 0.6087962962962963 0.6451388888888889 0.008333333333333304 0.015277777777777835
0 0.6203703703703703 0.6451388888888889 0.0092592592592593 0.023611111111111138
0 0.6328703703703704 0.6493055555555556 0.015740740740740722 0.018055555555555602
0 0.6472222222222223 0.6416666666666666 0.011111111111111072 0.019444444444444486
0 0.6796296296296296 0.6520833333333333 0.00925925925925919 0.015277777777777724
0 0.712037037037037 0.6701388888888888 0.012962962962962954 0.023611111111111138
0 0.7314814814814814 0.6583333333333334 0.012962962962962954 0.02777777777777779
0 0.773611111111111 0.663888888888889 0.010185185185185186 0.025000000000000022
