0 0.4671296296296296 0.6645833333333333 0.017592592592592604 0.026388888888888906
0 0.5013888888888889 0.6208333333333333 0.004629629629629595 0.011111111111111072
0 0.48750000000000004 0.6173611111111111 0.006481481481481477 0.00694444444444442
0 0.5328703703703703 0.6097222222222223 0.0064814814814814214 0.005555555555555647
0 0.5472222222222223 0.6111111111111112 0.005555555555555647 0.008333333333333415
0 0.5555555555555556 0.6069444444444445 0.005555555555555536 0.011111111111111183
0 0.5689814814814815 0.6104166666666666 0.0064814814814814214 0.006944444444444531
0 0.6652777777777777 0.6006944444444444 0.012037037037037068 0.012499999999999956
0 0.6759259259259259 0.6131944444444444 0.007407407407407307 0.012500000000000067
0 0.8796296296296297 0.6138888888888889 0.014814814814814836 0.025000000000000022
