0 0.41203703703703703 0.625 0.011111111111111072 0.019444444444444375
0 0.48703703703703705 0.6194444444444445 0.007407407407407418 0.011111111111111072
0 0.5013888888888889 0.625 0.006481481481481477 0.011111111111111072
0 0.4324074074074074 0.6069444444444445 0.005555555555555536 0.011111111111111183
0 0.549537037037037 0.6222222222222222 0.008333333333333304 0.016666666666666607
0 0.625 0.6395833333333334 0.007407407407407307 0.012500000000000067
0 0.6550925925925926 0.6430555555555555 0.015740740740740722 0.01666666666666672
0 0.7486111111111111 0.6423611111111112 0.010185185185185186 0.018055555555555602
0 0.764351851851852 0.6576388888888889 0.010185185185185186 0.02083333333333326
0 0.8120370370370371 0.6576388888888889 0.01666666666666672 0.023611111111111027
0 0.8254629629629631 0.6416666666666666 0.010185185185185186 0.019444444444444486
0 0.8768518518518519 0.6680555555555556 0.011111111111111072 0.019444444444444486
0 0.7194444444444444 0.6534722222222222 0.014814814814814836 0.01805555555555549
