0 0.9347222222222222 0.6826388888888888 0.019444444444444375 0.03472222222222221
0 0.8356481481481481 0.6625000000000001 0.012037037037037068 0.019444444444444486
0 0.813425925925926 0.6659722222222222 0.010185185185185186 0.02083333333333337
0 0.8009259259259259 0.6590277777777778 0.0092592592592593 0.01805555555555549
0 0.7222222222222222 0.6479166666666667 0.0092592592592593 0.018055555555555602
0 0.7046296296296296 0.6388888888888888 0.014814814814814836 0.022222222222222254
0 0.6847222222222222 0.6520833333333333 0.008333333333333304 0.015277777777777724
0 0.6041666666666667 0.6298611111111111 0.0064814814814814214 0.00694444444444442
0 0.5912037037037037 0.6375 0.0064814814814815325 0.011111111111111183
0 0.5990740740740741 0.6291666666666667 0.0037037037037037646 0.008333333333333304
0 0.5587962962962962 0.6263888888888889 0.008333333333333415 0.01388888888888884
0 0.5467592592592593 0.6208333333333333 0.008333333333333304 0.01388888888888884
0 0.5125 0.6125 0.008333333333333415 0.01388888888888895
0 0.45555555555555555 0.6125 0.007407407407407418 0.011111111111111183
0 0.36574074074074076 0.6076388888888888 0.005555555555555536 0.009722222222222299
0 0.2935185185185185 0.6236111111111111 0.016666666666666663 0.022222222222222143
