0 0.7861111111111111 0.6805555555555556 0.03518518518518521 0.05833333333333335
0 0.8449074074074074 0.6666666666666667 0.021296296296296258 0.02777777777777779
0 0.8893518518518518 0.6548611111111111 0.01388888888888884 0.02083333333333326
0 0.8564814814814815 0.6444444444444444 0.0092592592592593 0.025000000000000022
0 0.8106481481481481 0.6590277777777778 0.017592592592592604 0.03194444444444444
0 0.7143518518518519 0.6423611111111112 0.01388888888888895 0.02083333333333337
0 0.6513888888888889 0.6701388888888888 0.01388888888888884 0.03749999999999998
0 0.6342592592592593 0.6499999999999999 0.020370370370370372 0.025000000000000022
0 0.6041666666666667 0.6555555555555556 0.025000000000000022 0.03333333333333344
0 0.5518518518518518 0.6958333333333333 0.01851851851851849 0.047222222222222165
0 0.5314814814814814 0.7166666666666667 0.020370370370370372 0.04166666666666674
0 0.4305555555555556 0.6729166666666666 0.02407407407407408 0.029166666666666674
0 0.46435185185185185 0.648611111111111 0.021296296296296258 0.030555555555555558
0 0.3597222222222222 0.6333333333333333 0.02314814814814814 0.036111111111111094
0 0.30787037037037035 0.6368055555555556 0.021296296296296313 0.03194444444444444
0 0.21944444444444444 0.632638888888889 0.016666666666666663 0.026388888888888906
0 0.19537037037037036 0.6395833333333334 0.018518518518518517 0.023611111111111138
0 0.15 0.61875 0.007407407407407418 0.012499999999999956
0 0.16620370370370371 0.6305555555555555 0.006481481481481477 0.008333333333333304
0 0.09907407407407406 0.6326388888888889 0.00555555555555555 0.009722222222222188
0 0.2375 0.6375 0.01203703703703704 0.019444444444444486
0 0.275 0.6277777777777778 0.007407407407407418 0.01388888888888884
0 0.5050925925925926 0.6381944444444445 0.008333333333333415 0.012500000000000067
