0 0.5337962962962963 0.5166666666666666 0.017592592592592604 0.02777777777777779
0 0.4615740740740741 0.49236111111111114 0.010185185185185186 0.009722222222222243
0 0.48611111111111116 0.5111111111111111 0.003703703703703709 0.005555555555555536
0 0.31666666666666665 0.4965277777777778 0.003703703703703709 0.00694444444444442
0 0.3018518518518518 0.49375 0.003703703703703709 0.006944444444444475
0 0.34953703703703703 0.49375 0.00462962962962965 0.006944444444444475
0 0.3625 0.4979166666666667 0.00462962962962965 0.009722222222222188
0 0.44675925925925924 0.5 0.002777777777777768 0.005555555555555536
0 0.44074074074074077 0.5 0.003703703703703709 0.005555555555555536
0 0.5694444444444444 0.5 0.0037037037037037646 0.005555555555555536
0 0.6162037037037037 0.5 0.0064814814814815325 0.005555555555555536
0 0.6662037037037036 0.5722222222222222 0.025000000000000022 0.030555555555555558
0 0.7981481481481482 0.5284722222222222 0.011111111111111072 0.02083333333333326
