0 0.32592592592592595 0.5513888888888889 0.011111111111111127 0.025000000000000022
0 0.34953703703703703 0.5569444444444445 0.008333333333333304 0.022222222222222254
0 0.2828703703703703 0.5638888888888889 0.012037037037037013 0.022222222222222143
0 0.2199074074074074 0.5722222222222222 0.006481481481481477 0.01666666666666672
0 0.16620370370370371 0.5597222222222222 0.010185185185185186 0.016666666666666607
0 0.14305555555555555 0.570138888888889 0.013888888888888895 0.02083333333333337
0 0.5365740740740741 0.55625 0.00462962962962965 0.00694444444444442
0 0.5625 0.5722222222222222 0.0064814814814815325 0.008333333333333304
0 0.49675925925925923 0.5659722222222222 0.004629629629629595 0.00694444444444442
0 0.3736111111111111 0.54375 0.00462962962962965 0.006944444444444531
