0 0.040740740740740744 0.5041666666666667 0.009259259259259266 0.016666666666666607
0 0.1 0.49930555555555556 0.011111111111111113 0.018055555555555547
0 0.26342592592592595 0.49930555555555556 0.006481481481481477 0.018055555555555547
0 0.5347222222222222 0.51875 0.002777777777777768 0.009722222222222299
0 0.6018518518518519 0.5222222222222223 0.0037037037037037646 0.008333333333333304
0 0.24212962962962964 0.5138888888888888 0.006481481481481477 0.011111111111111183
0 0.3763888888888889 0.5305555555555556 0.010185185185185186 0.016666666666666607
0 0.8467592592592592 0.5229166666666667 0.002777777777777768 0.004166666666666652
0 0.8513888888888889 0.5208333333333334 0.002777777777777768 0.002777777777777768
0 0.8305555555555555 0.5236111111111111 0.0018518518518518823 0.002777777777777768
0 0.8240740740740741 0.5256944444444445 0.0018518518518517713 0.004166666666666652
