0 0.43981481481481477 0.5347222222222222 0.011111111111111127 0.019444444444444375
0 0.45925925925925926 0.5625 0.005555555555555536 0.011111111111111072
0 0.524537037037037 0.5472222222222223 0.008333333333333304 0.011111111111111183
0 0.537037037037037 0.5548611111111111 0.005555555555555647 0.009722222222222188
0 0.610648148148148 0.5729166666666666 0.00462962962962965 0.00694444444444442
0 0.6143518518518518 0.5708333333333333 0.002777777777777768 0.008333333333333304
0 0.6578703703703703 0.5652777777777778 0.002777777777777768 0.008333333333333304
0 0.8967592592592593 0.4236111111111111 0.02129629629629637 0.030555555555555558
0 0.9944444444444445 0.4638888888888889 0.007407407407407418 0.033333333333333326
0 0.9856481481481482 0.5451388888888888 0.002777777777777768 0.009722222222222299
0 0.9921296296296296 0.5277777777777778 0.002777777777777768 0.008333333333333304
