0 0.662962962962963 0.45625 0.025925925925925908 0.0625
0 0.7560185185185185 0.4340277777777778 0.03981481481481475 0.0625
0 0.7935185185185185 0.4305555555555556 0.016666666666666607 0.01944444444444443
0 0.5675925925925926 0.44166666666666665 0.024074074074074026 0.02777777777777779
0 0.5194444444444445 0.4270833333333333 0.025925925925925908 0.03472222222222221
0 0.46944444444444444 0.4569444444444445 0.012962962962962954 0.0222222222222222
0 0.4981481481481481 0.44513888888888886 0.011111111111111072 0.009722222222222243
0 0.4291666666666667 0.4513888888888889 0.01759259259259255 0.022222222222222254
0 0.40509259259259256 0.44999999999999996 0.00833333333333336 0.011111111111111127
0 0.33287037037037037 0.45486111111111116 0.012037037037037068 0.015277777777777779
0 0.38657407407407407 0.4548611111111111 0.00462962962962965 0.009722222222222188
0 0.9490740740740741 0.3993055555555556 0.007407407407407307 0.012500000000000011
