0 0.8518518518518519 0.5569444444444445 0.020370370370370372 0.02777777777777779
0 0.6925925925925926 0.5583333333333333 0.03888888888888886 0.06666666666666665
0 0.5916666666666667 0.5763888888888888 0.011111111111111072 0.02777777777777779
0 0.1865740740740741 0.5777777777777777 0.010185185185185186 0.01666666666666672
0 0.5106481481481482 0.5604166666666667 0.008333333333333304 0.01805555555555549
0 0.40601851851851856 0.5583333333333333 0.004629629629629595 0.008333333333333304
0 0.30462962962962964 0.5569444444444445 0.007407407407407418 0.011111111111111072
0 0.2833333333333333 0.5645833333333333 0.005555555555555536 0.009722222222222188
0 0.24675925925925926 0.5666666666666667 0.00462962962962965 0.008333333333333304
0 0.2537037037037037 0.5666666666666667 0.005555555555555536 0.005555555555555536
