0 0.6032407407407407 0.5562499999999999 0.010185185185185186 0.023611111111111138
0 0.8004629629629629 0.5583333333333333 0.017592592592592604 0.019444444444444375
0 0.8518518518518519 0.5472222222222223 0.014814814814814836 0.022222222222222254
0 0.8675925925925926 0.5756944444444445 0.0185185185185186 0.026388888888888906
0 0.3296296296296296 0.5833333333333333 0.005555555555555591 0.01388888888888895
0 0.34814814814814815 0.5791666666666666 0.007407407407407418 0.011111111111111183
0 0.5023148148148149 0.5805555555555555 0.010185185185185186 0.01666666666666672
0 0.3175925925925926 0.5791666666666666 0.007407407407407418 0.01388888888888895
0 0.3236111111111111 0.5791666666666666 0.00462962962962965 0.008333333333333415
0 0.39629629629629626 0.5798611111111112 0.003703703703703709 0.009722222222222299
0 0.4949074074074074 0.5645833333333333 0.0064814814814815325 0.012499999999999956
0 0.45092592592592595 0.5708333333333333 0.003703703703703709 0.008333333333333304
