0 0.12638888888888888 0.5645833333333333 0.013888888888888881 0.05138888888888893
0 0.08055555555555555 0.5493055555555555 0.022222222222222213 0.05138888888888882
0 0.6634259259259259 0.5763888888888888 0.008333333333333415 0.01388888888888895
0 0.6861111111111111 0.5659722222222222 0.011111111111111072 0.01805555555555549
0 0.7231481481481481 0.5777777777777777 0.00925925925925919 0.011111111111111183
0 0.7050925925925926 0.5680555555555555 0.0064814814814815325 0.01388888888888884
0 0.6527777777777777 0.575 0.007407407407407418 0.01388888888888895
0 0.6347222222222222 0.5659722222222222 0.0064814814814814214 0.012499999999999956
0 0.6180555555555556 0.5770833333333334 0.0064814814814815325 0.009722222222222299
0 0.5851851851851851 0.5631944444444444 0.005555555555555536 0.00694444444444442
0 0.5583333333333333 0.5708333333333333 0.0092592592592593 0.019444444444444486
