0 0.525 0.54375 0.020370370370370372 0.029166666666666674
0 0.5564814814814815 0.5756944444444445 0.016666666666666607 0.029166666666666674
0 0.674074074074074 0.5708333333333333 0.0092592592592593 0.01666666666666672
0 0.6856481481481481 0.5638888888888889 0.008333333333333304 0.016666666666666607
0 0.7171296296296297 0.5694444444444444 0.012037037037036957 0.016666666666666607
0 0.6967592592592593 0.5826388888888889 0.010185185185185186 0.015277777777777835
0 0.19675925925925924 0.5916666666666667 0.01203703703703704 0.01388888888888884
0 0.3592592592592593 0.5756944444444445 0.003703703703703709 0.006944444444444531
0 0.3856481481481482 0.5770833333333334 0.006481481481481477 0.009722222222222299
0 0.39305555555555555 0.5729166666666666 0.00462962962962965 0.00694444444444442
