0 0.32546296296296295 0.6215277777777778 0.010185185185185186 0.015277777777777724
0 0.36157407407407405 0.6180555555555556 0.03796296296296292 0.08611111111111114
0 0.42638888888888893 0.6027777777777779 0.00833333333333336 0.01666666666666672
0 0.3990740740740741 0.6138888888888889 0.0092592592592593 0.01666666666666672
0 0.4634259259259259 0.6090277777777777 0.006481481481481477 0.009722222222222299
0 0.5574074074074074 0.6076388888888888 0.01666666666666672 0.015277777777777835
0 0.6208333333333333 0.6145833333333333 0.010185185185185186 0.018055555555555602
0 0.663425925925926 0.6291666666666667 0.037962962962962976 0.05833333333333335
0 0.6898148148148149 0.6388888888888888 0.012962962962962954 0.022222222222222254
0 0.7305555555555556 0.6458333333333334 0.031481481481481555 0.06388888888888888
0 0.7902777777777779 0.6402777777777777 0.015740740740740722 0.036111111111111094
0 0.8217592592592593 0.6256944444444444 0.019444444444444486 0.04027777777777786
0 0.735648148148148 0.5722222222222222 0.010185185185185186 0.01388888888888895
0 0.5925925925925926 0.5923611111111111 0.005555555555555536 0.012499999999999956
0 0.7527777777777778 0.5701388888888889 0.007407407407407418 0.009722222222222188
0 0.525 0.5784722222222223 0.005555555555555536 0.012500000000000067
