0 0.825925925925926 0.46458333333333335 0.050000000000000044 0.0763888888888889
0 0.7486111111111111 0.5451388888888888 0.010185185185185186 0.015277777777777835
0 0.5949074074074074 0.5826388888888889 0.00462962962962965 0.00694444444444442
0 0.5907407407407408 0.5798611111111112 0.0018518518518518823 0.009722222222222299
0 0.7273148148148147 0.56875 0.00462962962962965 0.00694444444444442
0 0.6365740740740741 0.5666666666666667 0.004629629629629539 0.008333333333333304
0 0.6300925925925926 0.5770833333333334 0.002777777777777879 0.009722222222222299
0 0.6217592592592593 0.5680555555555555 0.00462962962962965 0.005555555555555536
0 0.610648148148148 0.5798611111111112 0.00462962962962965 0.009722222222222299
0 0.6171296296296296 0.5798611111111112 0.002777777777777768 0.009722222222222299
0 0.5856481481481481 0.5930555555555556 0.002777777777777768 0.005555555555555536
0 0.5555555555555556 0.5854166666666667 0.005555555555555536 0.009722222222222188
0 0.5444444444444445 0.5861111111111111 0.0037037037037036535 0.008333333333333304
