0 0.4837962962962963 0.6590277777777778 0.03981481481481475 0.07916666666666661
0 0.6453703703703704 0.7097222222222221 0.0185185185185186 0.02777777777777779
0 0.6953703703703704 0.6881944444444444 0.020370370370370372 0.03472222222222232
0 0.125 0.6881944444444444 0.014814814814814822 0.023611111111111027
0 0.16712962962962963 0.6770833333333333 0.012037037037037013 0.023611111111111138
0 0.5365740740740741 0.6506944444444445 0.00462962962962965 0.009722222222222188
0 0.25601851851851853 0.675 0.00833333333333336 0.01388888888888895
0 0.3203703703703704 0.6729166666666666 0.003703703703703709 0.006944444444444531
0 0.32916666666666666 0.6729166666666666 0.00462962962962965 0.006944444444444531
0 0.24583333333333335 0.6694444444444445 0.008333333333333331 0.01388888888888895
0 0.1439814814814815 0.6736111111111112 0.0046296296296296224 0.008333333333333415
0 0.018055555555555554 0.6680555555555556 0.004629629629629633 0.008333333333333415
