0 0.6398148148148148 0.49583333333333335 0.020370370370370372 0.03611111111111104
0 0.7282407407407407 0.46111111111111114 0.02129629629629637 0.03333333333333338
0 0.7953703703703704 0.4756944444444444 0.024074074074074137 0.0402777777777778
0 0.5986111111111111 0.5131944444444445 0.012037037037037068 0.026388888888888906
0 0.525 0.4722222222222222 0.014814814814814836 0.025000000000000022
0 0.8578703703703703 0.4736111111111111 0.010185185185185186 0.0222222222222222
0 0.6842592592592592 0.48888888888888893 0.0092592592592593 0.00833333333333336
0 0.32361111111111107 0.5326388888888889 0.006481481481481477 0.012499999999999956
0 0.43472222222222223 0.5472222222222223 0.002777777777777768 0.005555555555555647
0 0.4236111111111111 0.5513888888888889 0.002777777777777768 0.002777777777777768
