0 0.9699074074074074 0.4736111111111111 0.010185185185185186 0.02777777777777779
0 0.4212962962962963 0.4916666666666667 0.016666666666666663 0.027777777777777735
0 0.44027777777777777 0.5118055555555556 0.012037037037037068 0.029166666666666674
0 0.6050925925925926 0.5284722222222222 0.012037037037037068 0.02083333333333326
0 0.27824074074074073 0.47152777777777777 0.02314814814814814 0.03749999999999998
0 0.36342592592592593 0.5173611111111112 0.008333333333333304 0.015277777777777835
0 0.3226851851851852 0.5326388888888889 0.00462962962962965 0.012499999999999956
0 0.30694444444444446 0.5263888888888889 0.006481481481481477 0.011111111111111072
0 0.33518518518518514 0.5263888888888889 0.003703703703703709 0.011111111111111072
0 0.3537037037037037 0.5180555555555555 0.005555555555555536 0.019444444444444486
