0 0.8652777777777778 0.48888888888888893 0.010185185185185186 0.013888888888888895
0 0.8601851851851852 0.47916666666666663 0.007407407407407418 0.013888888888888895
0 0.7944444444444445 0.4819444444444444 0.005555555555555647 0.016666666666666663
0 0.7648148148148148 0.4986111111111111 0.0037037037037037646 0.011111111111111072
0 0.6953703703703704 0.4756944444444444 0.005555555555555647 0.006944444444444475
0 0.4907407407407407 0.4673611111111111 0.009259259259259245 0.009722222222222188
0 0.5069444444444444 0.5048611111111111 0.00462962962962965 0.012499999999999956
0 0.47453703703703703 0.5118055555555556 0.00462962962962965 0.012500000000000067
0 0.45879629629629626 0.50625 0.006481481481481477 0.015277777777777724
0 0.4513888888888889 0.4673611111111111 0.008333333333333304 0.009722222222222188
0 0.43194444444444446 0.4722222222222222 0.002777777777777768 0.013888888888888895
0 0.3671296296296296 0.4805555555555555 0.006481481481481477 0.011111111111111127
0 0.2375 0.5069444444444444 0.0046296296296296224 0.01388888888888884
0 0.2185185185185185 0.50625 0.005555555555555564 0.012499999999999956
0 0.21666666666666667 0.5118055555555556 0.005555555555555564 0.009722222222222299
0 0.18657407407407406 0.5 0.006481481481481505 0.011111111111111072
0 0.18842592592592594 0.5222222222222223 0.006481481481481505 0.011111111111111072
0 0.14675925925925926 0.5166666666666666 0.00462962962962965 0.011111111111111183
0 0.12592592592592594 0.5104166666666667 0.009259259259259273 0.012500000000000067
0 0.029166666666666667 0.5159722222222223 0.008333333333333331 0.012500000000000067
0 0.009259259259259259 0.5159722222222223 0.009259259259259259 0.012500000000000067
