0 0.7319444444444445 0.4652777777777778 0.008333333333333415 0.01944444444444443
0 0.6555555555555556 0.5034722222222222 0.005555555555555536 0.012499999999999956
0 0.6421296296296296 0.5486111111111112 0.008333333333333304 0.008333333333333415
0 0.5356481481481481 0.5347222222222222 0.00462962962962965 0.008333333333333304
0 0.5217592592592593 0.5333333333333333 0.008333333333333304 0.011111111111111072
0 0.45925925925925926 0.5333333333333333 0.007407407407407418 0.011111111111111072
0 0.44722222222222224 0.5361111111111111 0.007407407407407418 0.008333333333333304
0 0.4013888888888889 0.5333333333333333 0.00833333333333336 0.011111111111111072
0 0.42453703703703705 0.5486111111111112 0.002777777777777768 0.005555555555555647
0 0.4199074074074074 0.5527777777777778 0.002777777777777768 0.005555555555555536
