0 0.05740740740740741 0.4652777777777778 0.00555555555555555 0.005555555555555536
0 0.07222222222222222 0.50625 0.003703703703703695 0.00694444444444442
0 0.08981481481481482 0.5152777777777777 0.00555555555555555 0.011111111111111183
0 0.16944444444444445 0.4701388888888889 0.003703703703703709 0.009722222222222188
0 0.18055555555555558 0.47291666666666665 0.0018518518518518545 0.009722222222222243
0 0.15416666666666667 0.5006944444444444 0.006481481481481477 0.009722222222222188
0 0.17222222222222222 0.5034722222222222 0.005555555555555536 0.012499999999999956
0 0.18935185185185183 0.5159722222222223 0.008333333333333331 0.012500000000000067
0 0.1962962962962963 0.5173611111111112 0.003703703703703709 0.009722222222222299
0 0.21064814814814814 0.5083333333333333 0.0046296296296296224 0.011111111111111072
0 0.21342592592592594 0.4673611111111111 0.006481481481481477 0.009722222222222188
0 0.24074074074074076 0.475 0.0018518518518518545 0.005555555555555591
0 0.28888888888888886 0.5111111111111111 0.0018518518518518268 0.005555555555555536
0 0.31342592592592594 0.5111111111111111 0.002777777777777768 0.005555555555555536
0 0.4615740740740741 0.5152777777777777 0.00462962962962965 0.011111111111111183
0 0.47916666666666663 0.5479166666666666 0.006481481481481477 0.006944444444444531
0 0.48611111111111116 0.4861111111111111 0.003703703703703709 0.002777777777777768
0 0.5148148148148148 0.5090277777777777 0.0037037037037037646 0.00694444444444442
0 0.5078703703703704 0.5055555555555555 0.002777777777777768 0.005555555555555536
0 0.6421296296296296 0.5 0.0064814814814815325 0.005555555555555536
0 0.7527777777777778 0.5229166666666667 0.0018518518518517713 0.004166666666666652
0 0.7814814814814814 0.5173611111111112 0.005555555555555536 0.006944444444444531
0 0.41388888888888886 0.4701388888888889 0.007407407407407363 0.009722222222222188
0 0.5560185185185185 0.50625 0.00462962962962965 0.00694444444444442
