0 0.8925925925925926 0.5590277777777778 0.02777777777777779 0.04027777777777786
0 0.875 0.4986111111111111 0.025925925925925908 0.03611111111111115
0 0.7444444444444445 0.55625 0.007407407407407418 0.015277777777777724
0 0.7282407407407407 0.5618055555555556 0.0064814814814815325 0.015277777777777724
0 0.5981481481481481 0.5465277777777777 0.012962962962962954 0.023611111111111138
0 0.5745370370370371 0.5673611111111111 0.010185185185185186 0.012499999999999956
0 0.5550925925925926 0.5652777777777778 0.008333333333333304 0.016666666666666607
0 0.47824074074074074 0.55625 0.010185185185185186 0.015277777777777724
0 0.4638888888888889 0.5555555555555556 0.009259259259259245 0.01388888888888884
0 0.3671296296296296 0.5631944444444446 0.021296296296296313 0.03194444444444444
0 0.31527777777777777 0.5430555555555556 0.02685185185185185 0.04166666666666663
0 0.25462962962962965 0.5763888888888888 0.012962962962962982 0.019444444444444486
0 0.2222222222222222 0.5638888888888889 0.014814814814814808 0.022222222222222143
0 0.4212962962962963 0.5604166666666667 0.005555555555555536 0.009722222222222188
0 0.41203703703703703 0.5659722222222222 0.0037037037037036535 0.00694444444444442
0 0.4930555555555556 0.5479166666666666 0.004629629629629595 0.009722222222222299
0 0.0375 0.5680555555555555 0.01203703703703704 0.022222222222222254
