0 0.6212962962962962 0.5083333333333333 0.01666666666666672 0.025000000000000022
0 0.6870370370370371 0.4930555555555556 0.024074074074074026 0.030555555555555503
0 0.5569444444444445 0.5430555555555556 0.012037037037037068 0.01666666666666672
0 0.5398148148148147 0.53125 0.011111111111111183 0.01805555555555549
0 0.5773148148148148 0.5375000000000001 0.012037037037037068 0.019444444444444486
0 0.512962962962963 0.5409722222222222 0.0092592592592593 0.018055555555555602
0 0.3652777777777778 0.56875 0.004629629629629595 0.012499999999999956
0 0.4546296296296296 0.5298611111111111 0.007407407407407363 0.015277777777777724
0 0.4912037037037037 0.5576388888888889 0.002777777777777768 0.009722222222222188
0 0.4898148148148148 0.5597222222222222 0.0037037037037036535 0.008333333333333304
0 0.6666666666666666 0.4979166666666667 0.014814814814814836 0.009722222222222188
