0 0.3643518518518518 0.45625 0.02870370370370373 0.03194444444444444
0 0.4189814814814815 0.42986111111111114 0.02870370370370373 0.02916666666666662
0 0.47175925925925927 0.3833333333333333 0.02314814814814814 0.04722222222222222
0 0.8962962962962964 0.19374999999999998 0.033333333333333326 0.07083333333333333
0 0.7574074074074073 0.4326388888888889 0.033333333333333326 0.04583333333333334
0 0.6458333333333333 0.44513888888888886 0.03425925925925932 0.04583333333333334
0 0.5731481481481482 0.6513888888888889 0.011111111111111183 0.016666666666666607
0 0.6157407407407407 0.6840277777777778 0.005555555555555536 0.009722222222222188
0 0.23657407407407405 0.68125 0.008333333333333331 0.012499999999999956
0 0.5185185185185186 0.7131944444444445 0.0037037037037036535 0.004166666666666652
0 0.5509259259259259 0.7159722222222222 0.005555555555555536 0.00694444444444442
0 0.7259259259259259 0.7201388888888889 0.007407407407407418 0.009722222222222188
0 0.0412037037037037 0.6951388888888889 0.008333333333333338 0.009722222222222188
0 0.11759259259259258 0.6534722222222222 0.009259259259259259 0.015277777777777724
0 0.5273148148148148 0.7131944444444445 0.00462962962962965 0.00694444444444442
0 0.5087962962962963 0.7152777777777778 0.002777777777777768 0.005555555555555536
0 0.587037037037037 0.7034722222222223 0.005555555555555536 0.009722222222222299
0 0.6083333333333334 0.6951388888888889 0.0037037037037036535 0.00694444444444442
0 0.7152777777777777 0.7215277777777778 0.00462962962962965 0.00694444444444442
0 0.7328703703703703 0.6944444444444444 0.00462962962962965 0.008333333333333304
0 0.8064814814814816 0.7159722222222222 0.007407407407407418 0.009722222222222188
0 0.8476851851851852 0.6694444444444445 0.0064814814814815325 0.008333333333333415
0 0.9731481481481481 0.6923611111111111 0.0037037037037036535 0.00694444444444442
