0 0.4898148148148148 0.4041666666666667 0.01851851851851849 0.04999999999999999
0 0.6537037037037037 0.4951388888888889 0.0092592592592593 0.02638888888888885
0 0.5050925925925926 0.4638888888888889 0.019444444444444486 0.03888888888888892
0 0.8856481481481482 0.4375 0.012037037037037068 0.03888888888888886
0 0.43287037037037035 0.5631944444444444 0.015740740740740777 0.023611111111111027
0 0.23703703703703705 0.6819444444444445 0.009259259259259273 0.01388888888888884
0 0.09861111111111111 0.6743055555555555 0.008333333333333331 0.012500000000000067
0 0.025462962962962965 0.6722222222222223 0.00648148148148148 0.01388888888888895
0 0.3592592592592593 0.7104166666666667 0.003703703703703709 0.00694444444444442
0 0.6995370370370371 0.6868055555555556 0.0064814814814814214 0.009722222222222188
0 0.6157407407407407 0.6972222222222222 0.005555555555555536 0.008333333333333304
0 0.601388888888889 0.6881944444444444 0.00462962962962965 0.009722222222222188
0 0.8060185185185185 0.6847222222222222 0.00462962962962965 0.008333333333333304
0 0.8208333333333333 0.6819444444444445 0.00462962962962965 0.005555555555555536
0 0.9402777777777778 0.6798611111111111 0.004629629629629539 0.009722222222222188
