0 0.056018518518518516 0.6493055555555556 0.013888888888888881 0.02083333333333337
0 0.20601851851851855 0.6479166666666667 0.008333333333333331 0.012499999999999956
0 0.33564814814814814 0.5180555555555555 0.021296296296296258 0.030555555555555558
0 0.4449074074074074 0.5166666666666666 0.01944444444444443 0.025000000000000022
0 0.5231481481481481 0.46944444444444444 0.024074074074074137 0.033333333333333326
0 0.6814814814814815 0.4902777777777778 0.014814814814814836 0.024999999999999967
0 0.736574074074074 0.49236111111111114 0.017592592592592604 0.02638888888888885
0 0.8851851851851852 0.45208333333333334 0.016666666666666607 0.026388888888888906
0 0.125 0.7395833333333334 0.003703703703703709 0.004166666666666652
0 0.25416666666666665 0.7194444444444444 0.00462962962962965 0.005555555555555536
0 0.3648148148148148 0.6840277777777778 0.0037037037037036535 0.00694444444444442
0 0.41435185185185186 0.6770833333333334 0.00462962962962965 0.00694444444444442
0 0.5717592592592593 0.6756944444444445 0.002777777777777768 0.004166666666666652
0 0.5962962962962963 0.6111111111111112 0.0092592592592593 0.008333333333333415
0 0.6365740740740741 0.6194444444444445 0.004629629629629539 0.008333333333333304
0 0.7074074074074074 0.6125 0.005555555555555536 0.008333333333333415
0 0.7611111111111111 0.5993055555555555 0.007407407407407418 0.012499999999999956
0 0.7916666666666667 0.5944444444444444 0.007407407407407418 0.011111111111111072
