0 0.9796296296296296 0.48194444444444445 0.025925925925925908 0.036111111111111094
0 0.5064814814814815 0.5520833333333333 0.012962962962962954 0.029166666666666674
0 0.5824074074074075 0.5673611111111112 0.01666666666666672 0.03194444444444444
0 0.7773148148148148 0.5006944444444444 0.028703703703703676 0.0402777777777778
0 0.005555555555555555 0.6895833333333333 0.007407407407407407 0.012499999999999956
0 0.08425925925925926 0.6784722222222221 0.009259259259259259 0.015277777777777835
0 0.12685185185185185 0.6791666666666667 0.009259259259259259 0.01388888888888884
0 0.9606481481481481 0.6743055555555555 0.004629629629629539 0.009722222222222299
0 0.8625 0.6881944444444444 0.00462962962962965 0.00694444444444442
0 0.8384259259259259 0.6715277777777777 0.00462962962962965 0.009722222222222299
0 0.7791666666666667 0.6847222222222222 0.0064814814814815325 0.008333333333333304
0 0.7240740740740741 0.7215277777777778 0.0037037037037037646 0.00694444444444442
0 0.6856481481481482 0.6833333333333333 0.00462962962962965 0.011111111111111072
0 0.6800925925925927 0.6888888888888889 0.00462962962962965 0.008333333333333304
0 0.6129629629629629 0.6840277777777778 0.0037037037037036535 0.009722222222222188
