0 0.8754629629629629 0.5555555555555556 0.026851851851851793 0.04166666666666663
0 0.9009259259259259 0.5430555555555556 0.014814814814814836 0.022222222222222254
0 0.913888888888889 0.5423611111111111 0.01851851851851849 0.03194444444444444
0 0.7953703703703704 0.5208333333333333 0.014814814814814836 0.02777777777777779
0 0.8037037037037037 0.5458333333333334 0.011111111111111072 0.025000000000000022
0 0.7611111111111111 0.5493055555555555 0.01666666666666672 0.026388888888888906
0 0.7300925925925925 0.5555555555555556 0.015740740740740722 0.025000000000000022
0 0.6916666666666667 0.5513888888888889 0.016666666666666607 0.025000000000000022
0 0.6606481481481481 0.5520833333333333 0.008333333333333415 0.015277777777777835
0 0.5972222222222222 0.5590277777777778 0.0092592592592593 0.015277777777777724
0 0.5722222222222222 0.5625 0.0092592592592593 0.01388888888888884
0 0.5268518518518519 0.5625 0.00925925925925919 0.01388888888888884
0 0.5111111111111111 0.5659722222222222 0.005555555555555536 0.009722222222222188
0 0.46990740740740744 0.55 0.00833333333333336 0.01666666666666672
0 0.37037037037037035 0.5652777777777778 0.007407407407407418 0.01388888888888884
0 0.3074074074074074 0.5722222222222222 0.0037037037037036535 0.008333333333333304
0 0.31574074074074077 0.5729166666666666 0.003703703703703709 0.00694444444444442
0 0.2939814814814815 0.5701388888888889 0.0027777777777778234 0.00694444444444442
0 0.3578703703703704 0.5618055555555556 0.0027777777777778234 0.004166666666666652
0 0.3384259259259259 0.5673611111111111 0.004629629629629595 0.00694444444444442
0 0.33333333333333337 0.5666666666666667 0.003703703703703709 0.005555555555555536
