0 0.13333333333333333 0.6743055555555555 0.014814814814814836 0.02083333333333337
0 0.1449074074074074 0.65 0.010185185185185186 0.016666666666666607
0 0.9435185185185184 0.4479166666666667 0.01851851851851849 0.026388888888888906
0 0.7041666666666666 0.4388888888888889 0.02314814814814825 0.033333333333333326
0 0.3319444444444445 0.5111111111111111 0.021296296296296313 0.033333333333333326
0 0.3648148148148148 0.45625000000000004 0.024074074074074026 0.04305555555555557
0 0.44212962962962965 0.5291666666666667 0.017592592592592604 0.036111111111111205
0 0.2375 0.43819444444444444 0.028703703703703676 0.04583333333333334
0 0.6467592592592593 0.6180555555555556 0.008333333333333304 0.01388888888888884
0 0.4930555555555556 0.6479166666666667 0.006481481481481477 0.009722222222222188
0 0.5523148148148148 0.6444444444444444 0.0064814814814815325 0.011111111111111183
0 0.6375 0.6180555555555556 0.008333333333333415 0.011111111111111072
0 0.2847222222222222 0.6347222222222222 0.00462962962962965 0.01666666666666672
