0 0.11388888888888889 0.6256944444444444 0.012962962962962954 0.015277777777777724
0 0.6435185185185186 0.45972222222222225 0.012962962962962954 0.027777777777777735
0 0.1925925925925926 0.46805555555555556 0.020370370370370372 0.04166666666666663
0 0.3671296296296296 0.5145833333333334 0.021296296296296313 0.040277777777777746
0 0.49490740740740735 0.5173611111111112 0.012037037037037013 0.029166666666666674
0 0.5509259259259259 0.5229166666666667 0.014814814814814836 0.026388888888888906
0 0.938425925925926 0.48055555555555557 0.019444444444444486 0.025000000000000022
0 0.7601851851851852 0.6166666666666667 0.007407407407407307 0.011111111111111072
0 0.7916666666666667 0.6451388888888889 0.007407407407407418 0.009722222222222299
0 0.7782407407407408 0.6430555555555555 0.0064814814814814214 0.01388888888888895
0 0.7023148148148148 0.5951388888888889 0.00462962962962965 0.012499999999999956
0 0.6981481481481482 0.6041666666666667 0.005555555555555536 0.011111111111111183
0 0.6893518518518519 0.6166666666666667 0.008333333333333304 0.011111111111111072
0 0.5981481481481481 0.6361111111111111 0.007407407407407418 0.011111111111111183
0 0.5796296296296297 0.6409722222222223 0.007407407407407418 0.012500000000000067
