0 0.41527777777777775 0.5034722222222222 0.013888888888888895 0.02638888888888896
0 0.39583333333333337 0.507638888888889 0.013888888888888895 0.023611111111111138
0 0.525462962962963 0.5 0.015740740740740722 0.024999999999999967
0 0.6314814814814815 0.48263888888888884 0.011111111111111183 0.018055555555555547
0 0.6416666666666666 0.4770833333333333 0.012962962962962954 0.020833333333333315
0 0.5476851851851852 0.5055555555555555 0.010185185185185186 0.019444444444444375
0 0.561574074074074 0.4951388888888889 0.010185185185185186 0.018055555555555547
0 0.36712962962962964 0.5180555555555555 0.00462962962962965 0.008333333333333415
0 0.37222222222222223 0.5152777777777777 0.003703703703703709 0.005555555555555647
0 0.3583333333333333 0.5222222222222223 0.003703703703703709 0.008333333333333304
0 0.38796296296296295 0.5138888888888888 0.003703703703703709 0.008333333333333415
