0 0.9634259259259259 0.48819444444444443 0.017592592592592604 0.029166666666666674
0 0.8611111111111112 0.3680555555555556 0.00925925925925919 0.03333333333333338
0 0.7412037037037038 0.5145833333333334 0.010185185185185186 0.023611111111111138
0 0.587037037037037 0.5305555555555556 0.012962962962962954 0.02777777777777768
0 0.5444444444444445 0.5458333333333334 0.011111111111111183 0.022222222222222254
0 0.40694444444444444 0.48125 0.017592592592592604 0.03472222222222221
0 0.046296296296296294 0.6506944444444445 0.01296296296296296 0.01805555555555549
0 0.6898148148148149 0.6111111111111112 0.007407407407407418 0.011111111111111183
0 0.8023148148148148 0.6451388888888889 0.008333333333333304 0.012500000000000067
0 0.9625 0.5520833333333333 0.008333333333333304 0.018055555555555602
0 0.7703703703703704 0.6347222222222222 0.005555555555555536 0.008333333333333304
0 0.7537037037037038 0.6305555555555555 0.005555555555555647 0.011111111111111072
0 0.6773148148148148 0.6111111111111112 0.004629629629629539 0.011111111111111183
0 0.6356481481481482 0.6118055555555555 0.008333333333333304 0.012500000000000067
0 0.549074074074074 0.6451388888888889 0.007407407407407418 0.009722222222222299
