0 0.5199074074074075 0.4409722222222222 0.026851851851851793 0.03749999999999998
0 0.6226851851851851 0.45208333333333334 0.012037037037036957 0.023611111111111138
0 0.5601851851851851 0.5347222222222223 0.01666666666666672 0.025000000000000022
0 0.8101851851851851 0.41944444444444445 0.012962962962962954 0.030555555555555558
0 0.7398148148148148 0.6076388888888888 0.007407407407407307 0.009722222222222299
0 0.7541666666666667 0.6076388888888888 0.0064814814814815325 0.012500000000000067
0 0.8023148148148148 0.6423611111111112 0.008333333333333304 0.012500000000000067
0 0.925 0.6048611111111111 0.005555555555555536 0.00694444444444442
0 0.8893518518518518 0.6125 0.0064814814814815325 0.008333333333333415
0 0.875 0.575 0.005555555555555536 0.011111111111111183
0 0.8203703703703704 0.625 0.005555555555555647 0.008333333333333304
0 0.7828703703703703 0.6472222222222223 0.00462962962962965 0.011111111111111072
0 0.6990740740740741 0.6097222222222223 0.007407407407407307 0.011111111111111183
0 0.6671296296296296 0.6138888888888889 0.0064814814814815325 0.008333333333333304
0 0.45231481481481484 0.6875 0.004629629629629595 0.005555555555555536
0 0.11342592592592593 0.7416666666666667 0.004629629629629636 0.005555555555555536
