0 0.325 0.6916666666666667 0.012962962962962954 0.022222222222222143
0 0.5981481481481481 0.4708333333333333 0.00925925925925919 0.030555555555555558
0 0.7240740740740741 0.49583333333333335 0.016666666666666607 0.024999999999999967
0 0.75 0.4625 0.014814814814814836 0.030555555555555558
0 0.09351851851851853 0.6840277777777778 0.011111111111111113 0.01805555555555549
0 0.12175925925925926 0.7388888888888889 0.0046296296296296224 0.005555555555555536
0 0.5837962962962964 0.6277777777777778 0.0064814814814814214 0.011111111111111072
0 0.6439814814814815 0.6041666666666667 0.002777777777777768 0.011111111111111183
0 0.6814814814814815 0.6243055555555556 0.005555555555555536 0.009722222222222188
0 0.8023148148148148 0.64375 0.0064814814814815325 0.009722222222222299
0 0.8527777777777779 0.6361111111111111 0.007407407407407418 0.011111111111111183
0 0.8712962962962962 0.6368055555555556 0.007407407407407418 0.012500000000000067
0 0.962037037037037 0.5555555555555556 0.005555555555555536 0.011111111111111072
0 0.9791666666666667 0.5493055555555555 0.00462962962962965 0.009722222222222299
