0 0.9921296296296296 0.5034722222222222 0.012037037037036957 0.023611111111111083
0 0.9106481481481481 0.475 0.019444444444444486 0.027777777777777735
0 0.9537037037037037 0.5555555555555556 0.005555555555555536 0.01388888888888884
0 0.8736111111111111 0.6375 0.008333333333333304 0.01388888888888895
0 0.8513888888888889 0.6347222222222222 0.008333333333333304 0.01388888888888895
0 0.787037037037037 0.6326388888888889 0.00925925925925919 0.009722222222222188
0 0.7231481481481481 0.6020833333333333 0.007407407407407418 0.009722222222222188
0 0.7680555555555556 0.45069444444444445 0.02314814814814814 0.03194444444444444
0 0.575462962962963 0.5368055555555555 0.017592592592592604 0.023611111111111138
0 0.6111111111111112 0.6104166666666666 0.007407407407407418 0.015277777777777835
0 0.12361111111111112 0.6645833333333333 0.010185185185185186 0.015277777777777835
