0 0.7166666666666667 0.4444444444444444 0.022222222222222143 0.03333333333333338
0 0.8467592592592592 0.6236111111111111 0.00462962962962965 0.008333333333333304
0 0.9342592592592593 0.5756944444444445 0.007407407407407418 0.012500000000000067
0 0.9777777777777777 0.5465277777777777 0.005555555555555536 0.015277777777777835
0 0.6564814814814814 0.6347222222222222 0.005555555555555536 0.008333333333333304
0 0.6092592592592593 0.51875 0.016666666666666607 0.026388888888888906
0 0.5513888888888889 0.5423611111111111 0.015740740740740722 0.023611111111111138
0 0.5296296296296297 0.5395833333333333 0.007407407407407418 0.02083333333333337
0 0.5060185185185184 0.6333333333333333 0.00462962962962965 0.011111111111111072
0 0.350462962962963 0.47638888888888886 0.02685185185185185 0.03888888888888892
0 0.29768518518518516 0.4444444444444444 0.015740740740740777 0.03888888888888892
0 0.08425925925925926 0.6444444444444444 0.012962962962962968 0.01666666666666672
0 0.12546296296296294 0.7381944444444445 0.0046296296296296224 0.00694444444444442
0 0.5481481481481482 0.6777777777777778 0.0037037037037037646 0.005555555555555536
