0 0.6569444444444446 0.3631944444444445 0.030555555555555558 0.0402777777777778
0 0.899537037037037 0.4652777777777778 0.008333333333333304 0.01944444444444443
0 0.9763888888888889 0.5347222222222222 0.002777777777777768 0.01388888888888884
0 0.9898148148148148 0.5541666666666667 0.005555555555555536 0.011111111111111072
0 0.6768518518518518 0.6194444444444445 0.005555555555555536 0.011111111111111072
0 0.5939814814814814 0.6319444444444444 0.0064814814814814214 0.011111111111111072
0 0.5509259259259259 0.6736111111111112 0.0037037037037037646 0.005555555555555647
0 0.5745370370370371 0.6756944444444445 0.002777777777777768 0.00694444444444442
0 0.45046296296296295 0.7166666666666667 0.002777777777777768 0.005555555555555536
0 0.35185185185185186 0.7125 0.003703703703703709 0.005555555555555536
0 0.23935185185185187 0.5527777777777778 0.01944444444444446 0.030555555555555558
0 0.1875 0.43194444444444446 0.03425925925925927 0.04444444444444445
0 0.10092592592592592 0.6666666666666667 0.011111111111111113 0.01388888888888895
