0 0.9527777777777777 0.5659722222222222 0.00925925925925919 0.012499999999999956
0 0.9263888888888889 0.5611111111111111 0.00462962962962965 0.01388888888888884
0 0.8722222222222222 0.6138888888888889 0.005555555555555536 0.008333333333333304
0 0.8453703703703703 0.5479166666666666 0.012962962962962954 0.018055555555555602
0 0.7810185185185186 0.538888888888889 0.010185185185185186 0.01666666666666672
0 0.7532407407407407 0.5041666666666667 0.015740740740740722 0.022222222222222143
0 0.7384259259259259 0.48819444444444443 0.019444444444444375 0.026388888888888906
0 0.7092592592592593 0.5062500000000001 0.016666666666666607 0.023611111111111138
0 0.5962962962962963 0.4388888888888889 0.022222222222222254 0.030555555555555558
0 0.549537037037037 0.6013888888888889 0.0064814814814815325 0.01388888888888884
0 0.437962962962963 0.5055555555555555 0.0222222222222222 0.03333333333333338
0 0.36203703703703705 0.4986111111111111 0.02407407407407408 0.03611111111111115
0 0.2162037037037037 0.6361111111111111 0.006481481481481477 0.011111111111111183
0 0.07083333333333333 0.6583333333333333 0.008333333333333331 0.016666666666666607
0 0.06481481481481481 0.6409722222222223 0.005555555555555557 0.018055555555555602
0 0.05185185185185186 0.7444444444444445 0.005555555555555557 0.008333333333333304
