0 0.9236111111111112 0.5381944444444444 0.019444444444444486 0.03194444444444444
0 0.7532407407407407 0.4194444444444444 0.019444444444444486 0.04722222222222222
0 0.0125 0.6631944444444444 0.010185185185185186 0.018055555555555602
0 0.053703703703703705 0.6826388888888889 0.009259259259259259 0.01805555555555549
0 0.2662037037037037 0.5743055555555556 0.017592592592592604 0.029166666666666674
0 0.6199074074074074 0.5520833333333333 0.012037037037036957 0.026388888888888906
0 0.7439814814814815 0.5736111111111111 0.017592592592592604 0.02777777777777779
0 0.6439814814814815 0.6819444444444445 0.004629629629629539 0.008333333333333304
0 0.7884259259259259 0.6888888888888889 0.00462962962962965 0.008333333333333304
0 0.8490740740740741 0.6847222222222222 0.005555555555555536 0.008333333333333304
0 0.875925925925926 0.6854166666666667 0.0037037037037036535 0.00694444444444442
0 0.5657407407407407 0.7006944444444445 0.0037037037037036535 0.009722222222222299
0 0.5259259259259259 0.7131944444444445 0.0037037037037037646 0.00694444444444442
0 0.5361111111111111 0.7166666666666667 0.0037037037037037646 0.002777777777777768
0 0.5546296296296296 0.7180555555555556 0.0037037037037036535 0.005555555555555536
0 0.6805555555555556 0.6798611111111111 0.005555555555555536 0.009722222222222188
0 0.7708333333333333 0.6881944444444444 0.00462962962962965 0.00694444444444442
