0 0.9064814814814814 0.5569444444444445 0.022222222222222254 0.030555555555555558
0 0.8601851851851852 0.5819444444444444 0.0092592592592593 0.025000000000000022
0 0.4666666666666667 0.5625 0.011111111111111072 0.022222222222222143
0 0.3560185185185185 0.5687500000000001 0.010185185185185186 0.02083333333333337
0 0.48796296296296293 0.5541666666666667 0.009259259259259245 0.01666666666666672
0 0.4041666666666667 0.5638888888888889 0.008333333333333304 0.016666666666666607
0 0.3907407407407407 0.5659722222222222 0.011111111111111127 0.015277777777777724
0 0.3046296296296296 0.5743055555555556 0.009259259259259245 0.015277777777777835
0 0.2638888888888889 0.5638888888888889 0.011111111111111072 0.019444444444444375
0 0.23425925925925928 0.5715277777777779 0.0111111111111111 0.018055555555555602
0 0.14444444444444443 0.575 0.012962962962962982 0.030555555555555558
0 0.09305555555555556 0.601388888888889 0.0212962962962963 0.033333333333333326
0 0.3143518518518519 0.5645833333333333 0.006481481481481477 0.009722222222222188
0 0.2763888888888889 0.5680555555555555 0.00833333333333336 0.008333333333333304
0 0.34074074074074073 0.5659722222222222 0.005555555555555536 0.015277777777777724
0 0.3638888888888889 0.5631944444444444 0.005555555555555536 0.009722222222222188
0 0.4569444444444445 0.5590277777777778 0.00833333333333336 0.012499999999999956
