0 0.11990740740740741 0.6805555555555556 0.08611111111111112 0.12222222222222223
0 0.018055555555555554 0.6444444444444444 0.03611111111111111 0.07500000000000007
0 0.837962962962963 0.6791666666666667 0.014814814814814725 0.01666666666666672
0 0.7398148148148148 0.6854166666666667 0.020370370370370372 0.01805555555555549
0 0.8101851851851851 0.6652777777777779 0.012962962962962954 0.01388888888888895
0 0.7601851851851852 0.6576388888888889 0.016666666666666607 0.03472222222222232
0 0.7342592592592592 0.6506944444444445 0.012962962962962954 0.015277777777777724
0 0.7236111111111111 0.6534722222222222 0.0064814814814815325 0.01805555555555549
0 0.6814814814814815 0.6395833333333334 0.011111111111111072 0.023611111111111138
0 0.6583333333333333 0.6479166666666667 0.016666666666666607 0.018055555555555602
0 0.6430555555555555 0.648611111111111 0.012037037037036957 0.019444444444444486
0 0.6245370370370371 0.64375 0.010185185185185186 0.018055555555555602
0 0.6041666666666666 0.6472222222222223 0.008333333333333304 0.008333333333333304
0 0.6125 0.6381944444444445 0.008333333333333415 0.015277777777777835
0 0.5944444444444444 0.6388888888888888 0.005555555555555536 0.01388888888888895
0 0.5634259259259259 0.6451388888888889 0.008333333333333304 0.02083333333333337
0 0.5439814814814814 0.6493055555555556 0.010185185185185186 0.012499999999999956
0 0.525462962962963 0.6381944444444445 0.008333333333333415 0.012500000000000067
0 0.5023148148148149 0.6263888888888889 0.00462962962962965 0.011111111111111072
0 0.48611111111111116 0.6256944444444444 0.003703703703703709 0.012499999999999956
0 0.46898148148148144 0.6625000000000001 0.01944444444444443 0.036111111111111094
0 0.43333333333333335 0.6368055555555556 0.016666666666666663 0.029166666666666674
0 0.3944444444444445 0.64375 0.018518518518518545 0.026388888888888906
0 0.32407407407407407 0.6472222222222221 0.01851851851851849 0.030555555555555558
0 0.28935185185185186 0.6513888888888888 0.008333333333333304 0.022222222222222254
0 0.24722222222222223 0.6256944444444444 0.016666666666666635 0.023611111111111027
0 0.2226851851851852 0.6263888888888889 0.008333333333333331 0.016666666666666607
0 0.1962962962962963 0.6187499999999999 0.012962962962962954 0.023611111111111138
0 0.1824074074074074 0.6395833333333334 0.014814814814814836 0.015277777777777835
0 0.7087962962962963 0.6791666666666667 0.017592592592592604 0.02777777777777779
0 0.27083333333333337 0.6243055555555556 0.00833333333333336 0.02083333333333326
0 0.28101851851851856 0.6263888888888889 0.00833333333333336 0.016666666666666607
0 0.3032407407407407 0.6236111111111111 0.006481481481481477 0.019444444444444375
0 0.3125 0.6201388888888889 0.008333333333333304 0.012499999999999956
