0 0.7694444444444444 0.5611111111111111 0.011111111111111183 0.019444444444444375
0 0.6990740740740741 0.5666666666666667 0.0185185185185186 0.025000000000000022
0 0.6486111111111111 0.575 0.0064814814814815325 0.011111111111111183
0 0.5888888888888889 0.5833333333333333 0.011111111111111072 0.019444444444444486
0 0.5430555555555556 0.5930555555555556 0.0064814814814814214 0.011111111111111072
0 0.5092592592592593 0.5916666666666667 0.007407407407407418 0.01388888888888884
0 0.5263888888888889 0.5881944444444445 0.0064814814814815325 0.00694444444444442
0 0.6046296296296296 0.59375 0.005555555555555536 0.00694444444444442
0 0.5611111111111111 0.5944444444444444 0.0037037037037037646 0.008333333333333304
0 0.6300925925925926 0.6000000000000001 0.010185185185185186 0.019444444444444486
