0 0.4824074074074074 0.5826388888888889 0.0314814814814815 0.03749999999999998
0 0.4277777777777778 0.5979166666666667 0.0222222222222222 0.026388888888888906
0 0.3819444444444444 0.6076388888888888 0.01759259259259255 0.03749999999999998
0 0.5819444444444444 0.6270833333333333 0.012037037037036957 0.023611111111111027
0 0.5361111111111111 0.6263888888888889 0.016666666666666607 0.02499999999999991
0 0.562037037037037 0.632638888888889 0.014814814814814836 0.02083333333333337
0 0.9402777777777778 0.5805555555555555 0.02129629629629637 0.01666666666666672
0 0.35555555555555557 0.6166666666666667 0.005555555555555536 0.01666666666666672
0 0.35185185185185186 0.6486111111111111 0.005555555555555536 0.01388888888888884
0 0.2814814814814815 0.6395833333333334 0.005555555555555536 0.009722222222222299
