0 0.8888888888888888 0.5583333333333333 0.02592592592592602 0.04166666666666674
0 0.5606481481481482 0.5687500000000001 0.015740740740740722 0.029166666666666674
0 0.24953703703703706 0.5673611111111111 0.008333333333333331 0.012499999999999956
0 0.48333333333333334 0.5597222222222222 0.0092592592592593 0.01388888888888884
0 0.4546296296296296 0.5618055555555556 0.007407407407407363 0.012499999999999956
0 0.27546296296296297 0.56875 0.00462962962962965 0.00694444444444442
0 0.3050925925925926 0.56875 0.00462962962962965 0.00694444444444442
0 0.3398148148148148 0.5604166666666667 0.007407407407407363 0.00694444444444442
0 0.38055555555555554 0.5618055555555556 0.007407407407407418 0.009722222222222188
0 0.3962962962962963 0.5604166666666667 0.005555555555555536 0.012499999999999956
0 0.4648148148148148 0.5618055555555556 0.007407407407407363 0.009722222222222188
0 0.6101851851851852 0.5666666666666667 0.007407407407407418 0.01388888888888884
0 0.5944444444444444 0.5659722222222222 0.007407407407407307 0.015277777777777724
0 0.9388888888888889 0.5402777777777779 0.011111111111111072 0.02777777777777779
0 0.9180555555555556 0.5652777777777778 0.008333333333333415 0.02499999999999991
0 0.9712962962962963 0.5402777777777779 0.012962962962962954 0.022222222222222254
