0 0.01898148148148148 0.66875 0.008333333333333331 0.009722222222222299
0 0.19583333333333336 0.6645833333333333 0.008333333333333331 0.012499999999999956
0 0.18472222222222223 0.6729166666666666 0.008333333333333331 0.006944444444444531
0 0.3208333333333333 0.7076388888888889 0.02870370370370373 0.040277777777777746
0 0.36712962962962964 0.6736111111111112 0.00462962962962965 0.008333333333333415
0 0.5092592592592593 0.6784722222222223 0.007407407407407418 0.009722222222222188
0 0.5351851851851852 0.675 0.0092592592592593 0.01666666666666672
0 0.5337962962962963 0.6604166666666667 0.0064814814814815325 0.00694444444444442
0 0.5300925925925926 0.6604166666666667 0.00462962962962965 0.00694444444444442
0 0.7736111111111111 0.6819444444444445 0.008333333333333304 0.011111111111111072
0 0.7666666666666666 0.6826388888888889 0.005555555555555647 0.009722222222222188
0 0.8231481481481482 0.6756944444444444 0.00925925925925919 0.012500000000000067
