0 0.9601851851851853 0.6805555555555556 0.024074074074074026 0.06666666666666665
0 0.8833333333333333 0.6555555555555556 0.04814814814814816 0.08055555555555549
0 0.7662037037037037 0.6909722222222222 0.05277777777777781 0.07638888888888884
0 0.6939814814814815 0.6638888888888889 0.03240740740740733 0.061111111111111116
0 0.5337962962962963 0.6409722222222223 0.017592592592592604 0.029166666666666674
0 0.5504629629629629 0.6305555555555555 0.017592592592592604 0.033333333333333326
0 0.6333333333333333 0.675 0.024074074074074026 0.030555555555555558
0 0.3763888888888889 0.6277777777777778 0.013888888888888895 0.019444444444444375
0 0.4 0.6354166666666667 0.009259259259259245 0.018055555555555602
0 0.23888888888888887 0.6256944444444444 0.005555555555555564 0.012499999999999956
0 0.15833333333333333 0.7409722222222221 0.03148148148148147 0.043055555555555514
0 0.1925925925925926 0.6243055555555556 0.005555555555555536 0.009722222222222188
0 0.20740740740740743 0.6229166666666667 0.005555555555555564 0.012499999999999956
0 0.5074074074074074 0.6611111111111112 0.020370370370370372 0.030555555555555558
0 0.5662037037037038 0.6784722222222221 0.026851851851851793 0.03194444444444444
0 0.5949074074074074 0.679861111111111 0.021296296296296258 0.029166666666666674
