0 0.7935185185185185 0.5770833333333334 0.042592592592592515 0.04861111111111105
0 0.42962962962962964 0.5625 0.014814814814814836 0.02499999999999991
0 0.4555555555555556 0.554861111111111 0.011111111111111127 0.029166666666666674
0 0.5939814814814814 0.5430555555555556 0.008333333333333304 0.01388888888888895
0 0.8324074074074075 0.5493055555555555 0.007407407407407418 0.015277777777777835
0 0.612037037037037 0.5444444444444445 0.005555555555555536 0.008333333333333415
0 0.3726851851851852 0.5659722222222222 0.012037037037037068 0.023611111111111027
0 0.3856481481481482 0.5618055555555556 0.012037037037037013 0.015277777777777724
0 0.47962962962962963 0.5631944444444444 0.007407407407407418 0.012499999999999956
0 0.2597222222222222 0.5722222222222222 0.00833333333333336 0.011111111111111072
0 0.34953703703703703 0.5680555555555555 0.00462962962962965 0.008333333333333304
0 0.33611111111111114 0.5680555555555555 0.005555555555555591 0.008333333333333304
0 0.3055555555555556 0.5680555555555555 0.005555555555555591 0.011111111111111072
0 0.325 0.5625 0.005555555555555536 0.011111111111111072
0 0.27685185185185185 0.5659722222222222 0.005555555555555536 0.009722222222222188
