0 0.29166666666666663 0.5756944444444445 0.003703703703703709 0.009722222222222299
0 0.3050925925925926 0.5763888888888888 0.002777777777777768 0.002777777777777768
0 0.3032407407407407 0.5833333333333333 0.006481481481481477 0.011111111111111183
0 0.3111111111111111 0.5777777777777777 0.0018518518518518823 0.005555555555555647
0 0.31527777777777777 0.5756944444444444 0.002777777777777768 0.001388888888888884
0 0.31851851851851853 0.5784722222222223 0.003703703703703709 0.006944444444444531
0 0.32175925925925924 0.5722222222222222 0.002777777777777768 0.005555555555555536
0 0.33194444444444443 0.5729166666666666 0.002777777777777768 0.00694444444444442
0 0.3407407407407408 0.575 0.003703703703703709 0.005555555555555536
0 0.34953703703703703 0.5715277777777777 0.00462962962962965 0.00694444444444442
0 0.3578703703703704 0.5777777777777777 0.004629629629629595 0.005555555555555647
0 0.35185185185185186 0.5791666666666666 0.003703703703703709 0.005555555555555647
0 0.425 0.5805555555555555 0.007407407407407418 0.008333333333333415
0 0.4444444444444444 0.5673611111111111 0.01296296296296301 0.02083333333333326
0 0.46898148148148144 0.5645833333333333 0.004629629629629595 0.009722222222222188
0 0.5069444444444444 0.5743055555555556 0.012037037037037068 0.02083333333333337
0 0.5361111111111112 0.5673611111111111 0.012962962962962954 0.01805555555555549
0 0.7055555555555555 0.5638888888888889 0.00925925925925919 0.01388888888888884
0 0.7273148148148147 0.56875 0.012037037037036957 0.01805555555555549
0 0.8726851851851851 0.5472222222222223 0.012037037037036957 0.019444444444444486
0 0.9134259259259259 0.5541666666666667 0.026851851851851793 0.033333333333333326
