0 0.3143518518518519 0.58125 0.012037037037037013 0.018055555555555602
0 0.3657407407407407 0.5763888888888888 0.003703703703703709 0.002777777777777768
0 0.3819444444444444 0.5777777777777777 0.004629629629629595 0.005555555555555647
0 0.49675925925925923 0.5826388888888889 0.010185185185185242 0.015277777777777835
0 0.5574074074074074 0.5701388888888889 0.007407407407407418 0.009722222222222188
0 0.5699074074074074 0.575 0.01388888888888884 0.011111111111111183
0 0.6796296296296296 0.5819444444444444 0.007407407407407418 0.01388888888888895
0 0.6861111111111111 0.5763888888888888 0.005555555555555536 0.01388888888888895
0 0.7101851851851853 0.5694444444444444 0.00925925925925919 0.01388888888888884
0 0.7435185185185185 0.5673611111111111 0.014814814814814725 0.02083333333333326
0 0.7652777777777777 0.570138888888889 0.012037037037036957 0.02083333333333337
0 0.7939814814814815 0.5576388888888889 0.012037037037037068 0.012499999999999956
0 0.7787037037037037 0.5708333333333333 0.0092592592592593 0.01388888888888884
0 0.8787037037037037 0.5645833333333334 0.020370370370370372 0.029166666666666674
0 0.9375 0.5722222222222222 0.0064814814814815325 0.025000000000000022
0 0.3578703703703704 0.5798611111111112 0.004629629629629595 0.009722222222222299
0 0.34444444444444444 0.5791666666666666 0.0037037037037036535 0.008333333333333415
0 0.7023148148148148 0.56875 0.0064814814814815325 0.012499999999999956
