0 0.2518518518518519 0.5715277777777777 0.009259259259259245 0.009722222222222188
0 0.3060185185185185 0.5444444444444445 0.025000000000000022 0.030555555555555558
0 0.3402777777777778 0.5611111111111111 0.00462962962962965 0.005555555555555536
0 0.33425925925925926 0.5652777777777778 0.003703703703703709 0.005555555555555536
0 0.3578703703703704 0.5625 0.0027777777777778234 0.008333333333333304
0 0.35416666666666663 0.5631944444444444 0.004629629629629595 0.009722222222222188
0 0.44074074074074077 0.5694444444444444 0.01296296296296301 0.019444444444444486
0 0.45185185185185184 0.5854166666666667 0.009259259259259245 0.018055555555555602
0 0.5953703703703703 0.5652777777777778 0.007407407407407418 0.019444444444444375
0 0.625 0.5673611111111111 0.0092592592592593 0.015277777777777724
0 0.6754629629629629 0.5638888888888889 0.021296296296296258 0.02499999999999991
0 0.7310185185185185 0.5659722222222223 0.015740740740740833 0.029166666666666674
0 0.48564814814814816 0.5631944444444444 0.00462962962962965 0.00694444444444442
0 0.49212962962962964 0.5618055555555556 0.002777777777777768 0.00694444444444442
0 0.4634259259259259 0.5708333333333333 0.004629629629629595 0.011111111111111072
0 0.4060185185185185 0.5680555555555555 0.010185185185185186 0.016666666666666607
0 0.42453703703703705 0.5645833333333333 0.00462962962962965 0.009722222222222188
0 0.3912037037037037 0.5666666666666667 0.00462962962962965 0.008333333333333304
