0 0.9074074074074074 0.5604166666666667 0.02777777777777779 0.04861111111111116
0 0.8481481481481481 0.5305555555555556 0.02777777777777779 0.03888888888888897
0 0.5097222222222222 0.5458333333333334 0.019444444444444486 0.04166666666666663
0 0.5967592592592592 0.5548611111111111 0.01388888888888895 0.015277777777777724
0 0.6416666666666666 0.5631944444444444 0.011111111111111183 0.01805555555555549
0 0.5685185185185185 0.5479166666666666 0.011111111111111072 0.018055555555555602
0 0.4800925925925926 0.5527777777777778 0.006481481481481477 0.011111111111111072
0 0.28101851851851856 0.5645833333333333 0.006481481481481477 0.009722222222222188
0 0.027314814814814816 0.5756944444444445 0.015740740740740743 0.012500000000000067
0 0.049074074074074076 0.5722222222222222 0.011111111111111113 0.019444444444444486
0 0.20833333333333331 0.5645833333333333 0.00740740740740739 0.012499999999999956
0 0.28888888888888886 0.56875 0.007407407407407363 0.009722222222222188
0 0.2953703703703704 0.5701388888888889 0.005555555555555591 0.00694444444444442
