0 0.601388888888889 0.5743055555555556 0.019444444444444486 0.03194444444444444
0 0.49212962962962964 0.5916666666666666 0.015740740740740722 0.030555555555555558
0 0.3388888888888889 0.5625 0.007407407407407418 0.01388888888888884
0 0.32453703703703707 0.5590277777777778 0.00833333333333336 0.012499999999999956
0 0.3060185185185185 0.5625 0.008333333333333304 0.01388888888888884
0 0.4574074074074074 0.5680555555555555 0.011111111111111127 0.016666666666666607
0 0.4388888888888889 0.5631944444444444 0.0092592592592593 0.015277777777777724
0 0.09259259259259259 0.5923611111111111 0.018518518518518517 0.03194444444444444
0 0.2773148148148148 0.5493055555555555 0.00833333333333336 0.012500000000000067
0 0.8236111111111111 0.5729166666666667 0.010185185185185186 0.03194444444444444
0 0.8606481481481482 0.5923611111111111 0.01388888888888884 0.03194444444444444
