0 0.005092592592592593 0.6298611111111112 0.010185185185185186 0.029166666666666674
0 0.07592592592592592 0.6395833333333334 0.03888888888888889 0.07083333333333341
0 0.36944444444444446 0.6236111111111111 0.009259259259259245 0.02499999999999991
0 0.43148148148148147 0.6125 0.003703703703703709 0.008333333333333415
0 0.5291666666666667 0.6152777777777778 0.008333333333333304 0.011111111111111072
0 0.5435185185185185 0.6111111111111112 0.005555555555555536 0.011111111111111183
0 0.5574074074074074 0.6090277777777777 0.007407407407407418 0.006944444444444531
0 0.5810185185185185 0.6090277777777777 0.002777777777777768 0.004166666666666763
0 0.5847222222222221 0.6090277777777777 0.00462962962962965 0.004166666666666763
0 0.5902777777777778 0.6076388888888888 0.002777777777777768 0.006944444444444531
0 0.5935185185185186 0.6090277777777777 0.0018518518518518823 0.004166666666666763
0 0.5967592592592592 0.6041666666666666 0.002777777777777768 0.005555555555555536
