0 0.4310185185185185 0.6034722222222222 0.00462962962962965 0.00694444444444442
0 0.42314814814814816 0.6013888888888889 0.003703703703703709 0.008333333333333304
0 0.4009259259259259 0.6041666666666666 0.005555555555555591 0.005555555555555536
0 0.3944444444444445 0.6034722222222222 0.003703703703703709 0.00694444444444442
0 0.38657407407407407 0.5993055555555555 0.002777777777777768 0.004166666666666652
0 0.3736111111111111 0.5972222222222222 0.00462962962962965 0.008333333333333304
0 0.3412037037037037 0.5951388888888889 0.004629629629629595 0.009722222222222188
0 0.3310185185185185 0.6006944444444444 0.004629629629629595 0.009722222222222188
0 0.3125 0.5972222222222222 0.00462962962962965 0.008333333333333304
0 0.2847222222222222 0.5875 0.006481481481481477 0.011111111111111072
