0 0.4023148148148148 0.5722222222222222 0.012037037037037013 0.022222222222222254
0 0.4324074074074074 0.5611111111111111 0.011111111111111072 0.011111111111111072
0 0.5402777777777779 0.5756944444444445 0.010185185185185186 0.009722222222222299
0 0.5930555555555554 0.5763888888888888 0.010185185185185186 0.01388888888888895
0 0.7226851851851852 0.5722222222222222 0.015740740740740722 0.025000000000000022
0 0.773611111111111 0.5493055555555555 0.021296296296296258 0.03472222222222221
0 0.6888888888888889 0.5631944444444444 0.007407407407407307 0.015277777777777724
0 0.6763888888888889 0.5826388888888889 0.010185185185185186 0.012500000000000067
0 0.6129629629629629 0.5638888888888889 0.007407407407407418 0.011111111111111072
0 0.6481481481481481 0.5770833333333334 0.0037037037037037646 0.006944444444444531
