0 0.5666666666666667 0.5972222222222222 0.033333333333333326 0.04444444444444451
0 0.5037037037037038 0.5805555555555555 0.0037037037037036535 0.008333333333333415
0 0.4425925925925926 0.5909722222222222 0.0092592592592593 0.012499999999999956
0 0.4194444444444444 0.6027777777777777 0.003703703703703709 0.005555555555555536
0 0.41435185185185186 0.6034722222222222 0.006481481481481477 0.012500000000000067
0 0.39629629629629626 0.6013888888888889 0.009259259259259245 0.008333333333333304
0 0.3949074074074074 0.5868055555555556 0.006481481481481477 0.012499999999999956
0 0.37777777777777777 0.5930555555555556 0.005555555555555536 0.008333333333333304
0 0.36203703703703705 0.6027777777777777 0.005555555555555536 0.005555555555555536
0 0.35277777777777775 0.6006944444444444 0.003703703703703709 0.00694444444444442
0 0.3324074074074074 0.5986111111111111 0.005555555555555591 0.011111111111111072
0 0.33935185185185185 0.6020833333333333 0.002777777777777768 0.004166666666666652
0 0.31481481481481477 0.5972222222222222 0.003703703703703709 0.008333333333333304
0 0.2837962962962963 0.5875 0.004629629629629595 0.008333333333333304
