0 0.18981481481481483 0.6236111111111111 0.02407407407407408 0.02777777777777768
0 0.2375 0.6493055555555556 0.01574074074074075 0.029166666666666674
0 0.25787037037037036 0.6354166666666667 0.012037037037037068 0.02083333333333337
0 0.3106481481481481 0.6291666666666667 0.00833333333333336 0.019444444444444375
0 0.32916666666666666 0.6229166666666666 0.015740740740740722 0.03194444444444444
0 0.4925925925925926 0.6472222222222223 0.005555555555555536 0.008333333333333304
0 0.537037037037037 0.64375 0.0018518518518518823 0.004166666666666652
0 0.5263888888888889 0.6472222222222223 0.002777777777777768 0.005555555555555536
0 0.5356481481481481 0.6416666666666666 0.002777777777777879 0.005555555555555647
0 0.5476851851851852 0.6444444444444445 0.002777777777777768 0.005555555555555536
