0 0.775 0.64375 0.016666666666666607 0.029166666666666674
0 0.7472222222222222 0.6340277777777779 0.0185185185185186 0.03194444444444444
0 0.6953703703703704 0.6388888888888888 0.01666666666666672 0.022222222222222254
0 0.37037037037037035 0.5819444444444444 0.007407407407407418 0.01388888888888895
0 0.33379629629629626 0.5847222222222223 0.00833333333333336 0.008333333333333304
0 0.33518518518518514 0.5423611111111111 0.009259259259259245 0.026388888888888906
0 0.2939814814814815 0.5222222222222221 0.012037037037037013 0.025000000000000022
0 0.6421296296296296 0.5687500000000001 0.01388888888888884 0.026388888888888906
0 0.4037037037037037 0.5680555555555555 0.005555555555555591 0.01388888888888884
0 0.7699074074074074 0.55 0.008333333333333304 0.025000000000000022
0 0.32222222222222224 0.56875 0.007407407407407418 0.012499999999999956
