0 0.30092592592592593 0.6020833333333333 0.020370370370370372 0.05972222222222223
0 0.42314814814814816 0.6305555555555555 0.009259259259259245 0.005555555555555536
0 0.45694444444444443 0.6243055555555556 0.010185185185185186 0.01805555555555549
0 0.4875 0.6090277777777777 0.010185185185185186 0.02083333333333337
0 0.5083333333333333 0.6145833333333334 0.005555555555555536 0.009722222222222188
0 0.5476851851851852 0.6020833333333333 0.008333333333333304 0.015277777777777835
0 0.587962962962963 0.6027777777777777 0.005555555555555647 0.005555555555555536
0 0.600462962962963 0.6027777777777777 0.002777777777777768 0.005555555555555536
0 0.6138888888888889 0.5986111111111111 0.0037037037037036535 0.005555555555555536
0 0.624537037037037 0.6027777777777777 0.002777777777777768 0.005555555555555536
