0 0.5375000000000001 0.5881944444444445 0.036111111111111094 0.06527777777777777
0 0.49583333333333335 0.59375 0.02870370370370373 0.043055555555555625
0 0.44398148148148153 0.5840277777777778 0.02685185185185185 0.054166666666666696
0 0.4689814814814815 0.5965277777777778 0.017592592592592604 0.03472222222222221
0 0.2611111111111111 0.5986111111111112 0.007407407407407418 0.036111111111111094
0 0.36944444444444446 0.6465277777777778 0.0222222222222222 0.04583333333333328
0 0.799537037037037 0.5993055555555555 0.02314814814814814 0.04583333333333339
0 0.7467592592592592 0.5659722222222222 0.017592592592592604 0.054166666666666696
0 0.9162037037037037 0.5861111111111111 0.012037037037037068 0.01388888888888884
0 0.7680555555555555 0.5895833333333333 0.00462962962962965 0.015277777777777724
