0 0.5597222222222222 0.5270833333333333 0.019444444444444375 0.03194444444444444
0 0.6087962962962963 0.48194444444444445 0.026851851851851904 0.04166666666666663
0 0.4962962962962963 0.49722222222222223 0.024074074074074026 0.027777777777777735
0 0.44027777777777777 0.49097222222222225 0.013888888888888895 0.018055555555555547
0 0.5222222222222223 0.5 0.011111111111111072 0.024999999999999967
0 0.46990740740740744 0.49236111111111114 0.01759259259259255 0.02916666666666662
0 0.38055555555555554 0.51875 0.005555555555555591 0.012500000000000067
0 0.4009259259259259 0.5145833333333334 0.003703703703703709 0.009722222222222299
0 0.4175925925925926 0.5194444444444444 0.005555555555555591 0.008333333333333415
0 0.38703703703703707 0.5118055555555555 0.003703703703703709 0.00694444444444442
0 0.3912037037037037 0.5111111111111111 0.002777777777777768 0.008333333333333304
0 0.36898148148148147 0.51875 0.00462962962962965 0.006944444444444531
0 0.6833333333333333 0.5027777777777778 0.011111111111111072 0.019444444444444375
