0 0.7046296296296297 0.4180555555555555 0.042592592592592626 0.04999999999999999
0 0.7884259259259259 0.47986111111111107 0.04166666666666663 0.05416666666666664
0 0.8291666666666666 0.45555555555555555 0.019444444444444486 0.030555555555555558
0 0.8634259259259259 0.4673611111111111 0.017592592592592604 0.03749999999999998
0 0.3902777777777778 0.5416666666666667 0.008333333333333304 0.01388888888888895
0 0.6282407407407408 0.5027777777777778 0.008333333333333304 0.01388888888888884
0 0.3472222222222222 0.5465277777777777 0.009259259259259245 0.015277777777777835
0 0.37222222222222223 0.54375 0.011111111111111127 0.015277777777777835
0 0.38287037037037036 0.54375 0.00462962962962965 0.009722222222222299
0 0.6060185185185185 0.525 0.01388888888888884 0.016666666666666607
0 0.36342592592592593 0.5361111111111111 0.006481481481481477 0.005555555555555536
