0 0.375462962962963 0.5618055555555556 0.024999999999999967 0.04027777777777786
0 0.25555555555555554 0.5708333333333333 0.007407407407407418 0.011111111111111072
0 0.32546296296296295 0.5527777777777778 0.008333333333333304 0.011111111111111072
0 0.40185185185185185 0.5402777777777777 0.0092592592592593 0.011111111111111072
0 0.43703703703703706 0.525 0.007407407407407418 0.01388888888888884
0 0.005092592592592593 0.6145833333333333 0.010185185185185186 0.026388888888888906
0 0.31620370370370365 0.5548611111111111 0.006481481481481477 0.009722222222222188
0 0.35370370370370374 0.5354166666666667 0.009259259259259245 0.012499999999999956
0 0.4916666666666667 0.5180555555555555 0.007407407407407363 0.008333333333333415
0 0.5481481481481482 0.5104166666666666 0.0037037037037037646 0.00694444444444442
0 0.5787037037037037 0.5166666666666666 0.0037037037037037646 0.005555555555555647
0 0.612037037037037 0.49236111111111114 0.0037037037037037646 0.006944444444444475
0 0.5583333333333333 0.5458333333333334 0.0092592592592593 0.019444444444444486
