0 0.5347222222222223 0.5173611111111112 0.010185185185185186 0.018055555555555602
0 0.5986111111111111 0.4930555555555556 0.01388888888888884 0.01944444444444443
0 0.412962962962963 0.5423611111111111 0.005555555555555536 0.009722222222222299
0 0.3490740740740741 0.5541666666666667 0.005555555555555591 0.005555555555555536
0 0.2986111111111111 0.55 0.00462962962962965 0.005555555555555536
0 0.31666666666666665 0.5444444444444445 0.005555555555555536 0.005555555555555647
0 0.3398148148148148 0.5444444444444444 0.003703703703703709 0.002777777777777768
0 0.36342592592592593 0.5444444444444445 0.002777777777777768 0.005555555555555647
0 0.4263888888888889 0.5361111111111111 0.002777777777777768 0.005555555555555536
0 0.4449074074074074 0.5347222222222222 0.002777777777777768 0.005555555555555536
0 0.44212962962962965 0.5347222222222222 0.002777777777777768 0.005555555555555536
0 0.4837962962962963 0.5243055555555556 0.002777777777777768 0.004166666666666652
0 0.5259259259259259 0.5138888888888888 0.0018518518518518823 0.008333333333333415
0 0.4912037037037037 0.5208333333333334 0.00462962962962965 0.005555555555555536
0 0.5009259259259259 0.5194444444444445 0.00555555555555548 0.005555555555555536
