0 0.32638888888888884 0.46111111111111114 0.006481481481481477 0.016666666666666663
0 0.8689814814814815 0.3729166666666667 0.028703703703703676 0.029166666666666674
0 0.8037037037037037 0.36597222222222225 0.011111111111111072 0.015277777777777779
0 0.7916666666666667 0.3618055555555556 0.012962962962962954 0.015277777777777779
0 0.5976851851851852 0.40625 0.0064814814814815325 0.00694444444444442
0 0.5888888888888889 0.40208333333333335 0.005555555555555536 0.00694444444444442
0 0.37777777777777777 0.44375 0.003703703703703709 0.006944444444444475
0 0.4013888888888889 0.4388888888888889 0.00462962962962965 0.005555555555555536
0 0.3833333333333333 0.4458333333333333 0.003703703703703709 0.005555555555555591
0 0.41712962962962963 0.4340277777777778 0.00462962962962965 0.00694444444444442
0 0.7717592592592593 0.37222222222222223 0.004629629629629539 0.005555555555555536
0 0.6819444444444445 0.37569444444444444 0.0064814814814815325 0.015277777777777779
0 0.7282407407407407 0.38402777777777775 0.004629629629629539 0.004166666666666707
0 0.9671296296296297 0.3486111111111111 0.008333333333333415 0.016666666666666663
