0 0.18194444444444444 0.5708333333333333 0.006481481481481477 0.011111111111111072
0 0.2101851851851852 0.5680555555555555 0.005555555555555564 0.011111111111111072
0 0.38796296296296295 0.5423611111111111 0.007407407407407418 0.009722222222222299
0 0.4027777777777778 0.5402777777777779 0.009259259259259245 0.01666666666666672
0 0.42083333333333334 0.5402777777777779 0.010185185185185186 0.01388888888888895
0 0.4486111111111111 0.5263888888888889 0.010185185185185186 0.016666666666666607
0 0.46111111111111114 0.5229166666666667 0.011111111111111127 0.02083333333333337
0 0.475462962962963 0.5243055555555556 0.012037037037037013 0.023611111111111138
0 0.5023148148148149 0.51875 0.00833333333333336 0.015277777777777835
0 0.5189814814814815 0.5013888888888889 0.010185185185185186 0.0222222222222222
0 0.538888888888889 0.5125 0.007407407407407418 0.01666666666666672
0 0.5550925925925926 0.5020833333333333 0.012037037037037068 0.01805555555555549
0 0.5953703703703703 0.5027777777777778 0.011111111111111183 0.019444444444444375
0 0.4393518518518519 0.5277777777777778 0.004629629629629595 0.008333333333333304
0 0.6689814814814815 0.4881944444444445 0.008333333333333304 0.015277777777777779
0 0.686574074074074 0.48333333333333334 0.010185185185185186 0.019444444444444486
0 0.7074074074074074 0.4722222222222222 0.0092592592592593 0.013888888888888895
0 0.7537037037037038 0.4555555555555556 0.011111111111111183 0.01944444444444443
0 0.7819444444444444 0.45763888888888893 0.015740740740740833 0.020833333333333315
0 0.37083333333333335 0.5694444444444444 0.00833333333333336 0.01388888888888884
