0 0.5513888888888889 0.6069444444444445 0.036111111111111094 0.03888888888888886
0 0.45 0.6215277777777778 0.005555555555555536 0.009722222222222188
0 0.41944444444444445 0.6243055555555556 0.005555555555555536 0.009722222222222188
0 0.28240740740740744 0.6361111111111111 0.007407407407407363 0.008333333333333304
0 0.7680555555555555 0.575 0.019444444444444486 0.025000000000000022
0 0.9324074074074074 0.5277777777777777 0.012962962962962954 0.02777777777777779
0 0.11898148148148148 0.675 0.0046296296296296224 0.008333333333333415
0 0.22175925925925927 0.6819444444444445 0.008333333333333331 0.011111111111111072
0 0.3638888888888889 0.6215277777777778 0.005555555555555536 0.00694444444444442
0 0.33055555555555555 0.625 0.005555555555555536 0.008333333333333304
