0 0.5671296296296295 0.4951388888888889 0.015740740740740722 0.02916666666666662
0 0.6416666666666666 0.5673611111111111 0.02592592592592602 0.043055555555555625
0 0.6412037037037037 0.5041666666666667 0.010185185185185186 0.019444444444444375
0 0.8953703703703704 0.4548611111111111 0.0092592592592593 0.02083333333333337
0 0.337037037037037 0.5506944444444445 0.005555555555555536 0.00694444444444442
0 0.3550925925925926 0.5368055555555555 0.006481481481481477 0.009722222222222188
0 0.3412037037037037 0.5465277777777777 0.004629629629629595 0.006944444444444531
0 0.3486111111111111 0.5430555555555555 0.00462962962962965 0.005555555555555536
0 0.4814814814814815 0.5194444444444444 0.005555555555555591 0.008333333333333415
0 0.4902777777777778 0.5208333333333334 0.004629629629629595 0.005555555555555536
0 0.5092592592592593 0.5173611111111112 0.0037037037037036535 0.006944444444444531
0 0.5347222222222223 0.5083333333333333 0.00462962962962965 0.008333333333333304
