0 0.7699074074074075 0.46319444444444446 0.00462962962962965 0.012500000000000011
0 0.3949074074074074 0.46597222222222223 0.00833333333333336 0.015277777777777779
0 0.22314814814814815 0.5083333333333333 0.005555555555555536 0.005555555555555536
0 0.2912037037037037 0.5319444444444444 0.010185185185185186 0.011111111111111072
0 0.45555555555555555 0.4701388888888889 0.005555555555555536 0.009722222222222188
0 0.5347222222222222 0.45555555555555555 0.002777777777777768 0.008333333333333304
0 0.48055555555555557 0.4701388888888889 0.007407407407407418 0.012499999999999956
0 0.7708333333333334 0.48888888888888893 0.008333333333333304 0.00833333333333336
0 0.9324074074074074 0.48124999999999996 0.007407407407407418 0.012500000000000011
0 0.8231481481481482 0.5131944444444445 0.007407407407407418 0.009722222222222299
