0 0.2550925925925926 0.4986111111111111 0.017592592592592604 0.03888888888888892
0 0.9263888888888889 0.48333333333333334 0.021296296296296258 0.036111111111111094
0 0.5027777777777778 0.4701388888888889 0.009259259259259245 0.03194444444444444
0 0.3467592592592592 0.5368055555555555 0.006481481481481477 0.029166666666666674
0 0.6217592592592592 0.6777777777777778 0.0064814814814815325 0.011111111111111072
0 0.5884259259259259 0.6826388888888889 0.0064814814814815325 0.009722222222222188
0 0.8171296296296297 0.7055555555555555 0.0064814814814815325 0.011111111111111183
0 0.8703703703703705 0.7055555555555555 0.007407407407407418 0.011111111111111183
0 0.9083333333333334 0.6569444444444444 0.007407407407407418 0.011111111111111072
0 0.9217592592592593 0.6604166666666667 0.0064814814814815325 0.009722222222222188
