0 0.2375 0.45763888888888893 0.024999999999999994 0.04305555555555557
0 0.6300925925925926 0.5173611111111112 0.015740740740740722 0.02083333333333337
0 0.6726851851851852 0.5347222222222222 0.01388888888888884 0.019444444444444375
0 0.7023148148148148 0.4097222222222222 0.028703703703703676 0.05277777777777776
0 0.7814814814814814 0.4618055555555556 0.020370370370370372 0.02916666666666662
0 0.9337962962962962 0.44513888888888886 0.019444444444444486 0.02916666666666662
0 0.8212962962962962 0.5916666666666667 0.007407407407407418 0.01388888888888884
0 0.8574074074074074 0.6041666666666667 0.007407407407407418 0.011111111111111183
0 0.7504629629629629 0.6083333333333334 0.00462962962962965 0.005555555555555647
0 0.7486111111111111 0.6125 0.004629629629629539 0.008333333333333415
0 0.6606481481481481 0.6243055555555556 0.0064814814814814214 0.009722222222222188
0 0.6083333333333334 0.6506944444444445 0.005555555555555647 0.00694444444444442
0 0.5092592592592593 0.6833333333333333 0.0037037037037036535 0.005555555555555536
