0 0.4467592592592593 0.43472222222222223 0.021296296296296313 0.041666666666666685
0 0.5546296296296296 0.49166666666666664 0.025925925925925908 0.036111111111111094
0 0.6611111111111112 0.3993055555555556 0.02777777777777779 0.05138888888888887
0 0.8305555555555555 0.5069444444444444 0.012962962962962954 0.030555555555555614
0 0.7013888888888888 0.27569444444444446 0.021296296296296258 0.03472222222222221
0 0.20833333333333331 0.6527777777777778 0.0111111111111111 0.016666666666666607
0 0.9430555555555555 0.5520833333333333 0.008333333333333304 0.018055555555555602
0 0.8453703703703703 0.5638888888888889 0.007407407407407418 0.01388888888888884
0 0.9189814814814815 0.5930555555555556 0.008333333333333304 0.01388888888888884
0 0.7495370370370371 0.6076388888888888 0.00462962962962965 0.009722222222222299
0 0.8162037037037038 0.5951388888888889 0.00462962962962965 0.012499999999999956
0 0.6412037037037037 0.6305555555555555 0.00462962962962965 0.008333333333333304
