0 0.13333333333333333 0.6458333333333333 0.012962962962962954 0.019444444444444486
0 0.42314814814814816 0.5326388888888889 0.0222222222222222 0.03472222222222232
0 0.6467592592592593 0.37430555555555556 0.019444444444444375 0.043055555555555514
0 0.5509259259259259 0.5145833333333334 0.016666666666666607 0.03472222222222221
0 0.5657407407407408 0.5284722222222222 0.016666666666666607 0.029166666666666674
0 0.8152777777777778 0.4909722222222222 0.017592592592592604 0.029166666666666674
0 0.9560185185185185 0.5583333333333333 0.008333333333333304 0.011111111111111072
0 0.8689814814814815 0.5854166666666667 0.008333333333333304 0.012499999999999956
0 0.5041666666666667 0.6479166666666667 0.0064814814814815325 0.012499999999999956
0 0.6370370370370371 0.6159722222222223 0.005555555555555536 0.012499999999999956
0 0.9101851851851852 0.5520833333333333 0.007407407407407418 0.015277777777777835
