0 0.11944444444444444 0.6472222222222221 0.009259259259259259 0.019444444444444486
0 0.05324074074074074 0.6305555555555555 0.006481481481481477 0.022222222222222254
0 0.3226851851851852 0.6506944444444445 0.008333333333333304 0.012499999999999956
0 0.43425925925925923 0.5402777777777779 0.01296296296296301 0.025000000000000022
0 0.4481481481481482 0.5444444444444445 0.01481481481481478 0.025000000000000022
0 0.5347222222222222 0.4173611111111111 0.02129629629629637 0.03749999999999998
0 0.5666666666666667 0.51875 0.011111111111111072 0.029166666666666674
0 0.6541666666666667 0.538888888888889 0.01388888888888884 0.025000000000000022
0 0.662037037037037 0.46458333333333335 0.01666666666666672 0.026388888888888906
0 0.8773148148148149 0.37569444444444444 0.015740740740740722 0.03472222222222221
0 0.725 0.5979166666666667 0.005555555555555536 0.012499999999999956
0 0.7546296296296297 0.6020833333333333 0.005555555555555536 0.012499999999999956
0 0.9726851851851852 0.5611111111111111 0.008333333333333304 0.01388888888888884
0 0.9490740740740741 0.5590277777777778 0.007407407407407307 0.015277777777777724
0 0.8708333333333333 0.6159722222222223 0.00462962962962965 0.00694444444444442
0 0.8847222222222222 0.6145833333333334 0.00462962962962965 0.009722222222222188
0 0.7689814814814815 0.6020833333333333 0.0064814814814815325 0.012499999999999956
0 0.23657407407407408 0.7180555555555556 0.00462962962962965 0.008333333333333304
0 0.22175925925925927 0.7354166666666666 0.0046296296296296224 0.006944444444444531
0 0.513425925925926 0.6840277777777778 0.00462962962962965 0.00694444444444442
0 0.3578703703703704 0.70625 0.004629629629629595 0.006944444444444531
0 0.49953703703703706 0.6909722222222222 0.00462962962962965 0.00694444444444442
0 0.3597222222222222 0.7131944444444445 0.00462962962962965 0.00694444444444442
0 0.2310185185185185 0.7159722222222222 0.002777777777777768 0.00694444444444442
