0 0.6444444444444444 0.5659722222222222 0.02962962962962956 0.04861111111111116
0 0.5361111111111111 0.5145833333333334 0.04629629629629628 0.07361111111111113
0 0.3050925925925926 0.6006944444444444 0.00462962962962965 0.00694444444444442
0 0.3611111111111111 0.5951388888888889 0.007407407407407418 0.015277777777777724
0 0.3175925925925926 0.6034722222222222 0.0018518518518518823 0.004166666666666652
0 0.32592592592592595 0.5986111111111111 0.005555555555555591 0.005555555555555536
0 0.3453703703703703 0.6034722222222222 0.003703703703703709 0.00694444444444442
0 0.35277777777777775 0.6013888888888889 0.003703703703703709 0.008333333333333304
0 0.38055555555555554 0.6013888888888889 0.0018518518518518268 0.002777777777777768
0 0.38657407407407407 0.6013888888888889 0.002777777777777768 0.002777777777777768
0 0.6120370370370369 0.5736111111111111 0.007407407407407418 0.01666666666666672
