0 0.9217592592592593 0.6611111111111111 0.0064814814814815325 0.008333333333333304
0 0.9180555555555556 0.65625 0.00462962962962965 0.009722222222222188
0 0.8699074074074074 0.7041666666666666 0.008333333333333415 0.01388888888888895
0 0.8032407407407407 0.5527777777777778 0.017592592592592604 0.025000000000000022
0 0.7527777777777778 0.6548611111111111 0.0037037037037037646 0.009722222222222188
0 0.7444444444444445 0.6590277777777778 0.007407407407407418 0.012499999999999956
0 0.7157407407407408 0.6638888888888889 0.007407407407407418 0.011111111111111072
0 0.6884259259259259 0.675 0.008333333333333304 0.011111111111111183
0 0.6805555555555556 0.6770833333333334 0.007407407407407418 0.009722222222222188
0 0.637962962962963 0.5270833333333333 0.020370370370370372 0.03194444444444444
0 0.6083333333333334 0.5520833333333333 0.01851851851851849 0.029166666666666674
0 0.5680555555555555 0.6777777777777778 0.0064814814814815325 0.011111111111111072
0 0.5444444444444445 0.6604166666666667 0.005555555555555647 0.012499999999999956
0 0.45833333333333337 0.5305555555555556 0.0222222222222222 0.036111111111111205
0 0.4324074074074074 0.38402777777777775 0.020370370370370372 0.05138888888888887
