0 0.28425925925925927 0.5319444444444444 0.01851851851851849 0.036111111111111205
0 0.33611111111111114 0.5625 0.018518518518518545 0.030555555555555447
0 0.7902777777777779 0.2972222222222222 0.021296296296296258 0.05277777777777781
0 0.4916666666666667 0.4180555555555555 0.007407407407407363 0.041666666666666685
0 0.027314814814814813 0.7145833333333333 0.008333333333333331 0.012499999999999956
0 0.1685185185185185 0.6548611111111111 0.0111111111111111 0.015277777777777724
0 0.7662037037037037 0.6930555555555555 0.00462962962962965 0.008333333333333304
0 0.75 0.6784722222222223 0.0037037037037037646 0.009722222222222188
0 0.6092592592592593 0.6784722222222223 0.0037037037037037646 0.009722222222222188
0 0.5916666666666667 0.6958333333333333 0.005555555555555536 0.011111111111111072
