0 0.32685185185185184 0.5118055555555556 0.011111111111111127 0.03194444444444444
0 0.17407407407407408 0.6833333333333333 0.007407407407407418 0.011111111111111072
0 0.014351851851851852 0.6791666666666667 0.010185185185185186 0.01666666666666672
0 0.5569444444444445 0.5541666666666667 0.017592592592592604 0.030555555555555558
0 0.6953703703703704 0.47986111111111107 0.011111111111111183 0.023611111111111083
0 0.8296296296296297 0.6743055555555555 0.007407407407407418 0.012500000000000067
0 0.938425925925926 0.6770833333333334 0.00462962962962965 0.00694444444444442
0 0.8875 0.6715277777777777 0.00462962962962965 0.009722222222222299
0 0.773611111111111 0.6881944444444444 0.00462962962962965 0.009722222222222188
0 0.12175925925925926 0.7368055555555555 0.0046296296296296224 0.006944444444444531
0 0.18842592592592594 0.7298611111111111 0.0046296296296296224 0.00694444444444442
0 0.2791666666666667 0.6708333333333334 0.008333333333333304 0.01388888888888895
0 0.399537037037037 0.6993055555555555 0.00462962962962965 0.00694444444444442
0 0.8439814814814814 0.6722222222222223 0.00462962962962965 0.008333333333333415
0 0.6648148148148147 0.4625 0.007407407407407418 0.030555555555555558
0 0.06018518518518518 0.6791666666666667 0.00555555555555555 0.01388888888888884
