0 0.32361111111111107 0.4888888888888889 0.01944444444444443 0.036111111111111094
0 0.43194444444444446 0.5111111111111111 0.01944444444444443 0.036111111111111094
0 0.936574074074074 0.4625 0.019444444444444486 0.030555555555555558
0 0.7791666666666667 0.5298611111111111 0.01388888888888884 0.026388888888888795
0 0.5736111111111111 0.3993055555555556 0.015740740740740722 0.03750000000000003
0 0.8587962962962963 0.4027777777777778 0.008333333333333304 0.033333333333333326
0 0.6847222222222222 0.6180555555555556 0.0064814814814815325 0.011111111111111072
0 0.0412037037037037 0.675 0.012037037037037034 0.01388888888888895
0 0.6930555555555555 0.6166666666666667 0.0064814814814815325 0.008333333333333304
0 0.7180555555555556 0.6201388888888889 0.0064814814814815325 0.009722222222222188
