0 0.020833333333333332 0.6388888888888888 0.010185185185185186 0.022222222222222254
0 0.14953703703703702 0.6409722222222223 0.013888888888888867 0.018055555555555602
0 0.37824074074074077 0.51875 0.00833333333333336 0.03194444444444444
0 0.6 0.5090277777777779 0.016666666666666607 0.029166666666666674
0 0.5152777777777777 0.5465277777777777 0.01388888888888895 0.026388888888888906
0 0.5009259259259259 0.5611111111111111 0.01481481481481478 0.02777777777777768
0 0.7208333333333333 0.4361111111111111 0.017592592592592604 0.033333333333333326
0 0.950462962962963 0.45069444444444445 0.019444444444444375 0.03472222222222221
0 0.6837962962962962 0.6125 0.00462962962962965 0.011111111111111183
0 0.6726851851851852 0.6215277777777778 0.0064814814814815325 0.009722222222222188
