0 0.36203703703703705 0.6208333333333333 0.011111111111111127 0.016666666666666607
0 0.6476851851851853 0.4736111111111111 0.021296296296296258 0.030555555555555558
0 0.837037037037037 0.40555555555555556 0.016666666666666607 0.036111111111111094
0 0.924537037037037 0.47291666666666665 0.019444444444444375 0.03194444444444444
0 0.7796296296296297 0.5062500000000001 0.01851851851851849 0.026388888888888906
0 0.6925925925925926 0.46458333333333335 0.014814814814814725 0.029166666666666674
0 0.20324074074074072 0.6680555555555556 0.008333333333333331 0.01388888888888895
0 0.5532407407407407 0.6416666666666666 0.0064814814814814214 0.011111111111111183
0 0.6180555555555556 0.6326388888888889 0.0064814814814815325 0.012499999999999956
0 0.5833333333333333 0.6326388888888889 0.007407407407407418 0.012499999999999956
0 0.9949074074074074 0.5305555555555556 0.008333333333333415 0.016666666666666607
