0 0.13472222222222222 0.5319444444444444 0.02500000000000001 0.036111111111111205
0 0.33287037037037037 0.5319444444444444 0.010185185185185186 0.02499999999999991
0 0.4861111111111111 0.5354166666666667 0.020370370370370372 0.026388888888888906
0 0.5814814814814815 0.5215277777777778 0.007407407407407418 0.023611111111111138
0 0.6458333333333333 0.4583333333333333 0.021296296296296258 0.033333333333333326
0 0.8592592592592593 0.5451388888888888 0.011111111111111072 0.02083333333333337
0 0.8949074074074075 0.5770833333333334 0.010185185185185186 0.015277777777777835
0 0.9157407407407407 0.5493055555555555 0.011111111111111072 0.02083333333333337
0 0.8013888888888889 0.64375 0.008333333333333304 0.012500000000000067
0 0.7287037037037036 0.6208333333333333 0.007407407407407418 0.011111111111111072
0 0.7050925925925926 0.6180555555555556 0.0064814814814815325 0.011111111111111072
0 0.5449074074074074 0.6791666666666667 0.002777777777777768 0.005555555555555536
