0 0.31666666666666665 0.5791666666666666 0.016666666666666663 0.025000000000000022
0 0.47824074074074074 0.5590277777777777 0.015740740740740722 0.03194444444444444
0 0.6087962962962963 0.4777777777777778 0.0064814814814815325 0.030555555555555558
0 0.7731481481481481 0.5597222222222222 0.020370370370370372 0.033333333333333326
0 0.1662037037037037 0.6541666666666667 0.008333333333333331 0.019444444444444375
0 0.014351851851851852 0.65625 0.010185185185185186 0.01805555555555549
0 0.5597222222222222 0.6923611111111111 0.0064814814814815325 0.009722222222222188
0 0.4861111111111111 0.7159722222222222 0.005555555555555536 0.009722222222222188
0 0.5717592592592593 0.7131944444444445 0.00462962962962965 0.00694444444444442
0 0.7041666666666666 0.6777777777777778 0.0064814814814814214 0.011111111111111072
0 0.7263888888888889 0.7215277777777778 0.0064814814814815325 0.009722222222222188
