0 0.5148148148148148 0.5361111111111112 0.020370370370370372 0.02777777777777779
0 0.5449074074074074 0.5381944444444444 0.01388888888888884 0.029166666666666674
0 0.45972222222222225 0.5270833333333333 0.01944444444444443 0.015277777777777724
0 0.43472222222222223 0.5513888888888889 0.013888888888888895 0.025000000000000022
0 0.4037037037037037 0.554861111111111 0.01296296296296301 0.02083333333333337
0 0.35833333333333334 0.5486111111111112 0.011111111111111072 0.01666666666666672
0 0.28935185185185186 0.5631944444444444 0.012037037037037068 0.023611111111111027
0 0.25416666666666665 0.55 0.00833333333333336 0.019444444444444486
0 0.637962962962963 0.5277777777777778 0.022222222222222143 0.022222222222222143
0 0.6935185185185185 0.554861111111111 0.022222222222222143 0.023611111111111138
