0 0.8527777777777779 0.4458333333333333 0.08333333333333337 0.12222222222222218
0 0.9648148148148148 0.5041666666666667 0.061111111111111116 0.06388888888888888
0 0.34351851851851856 0.5243055555555556 0.016666666666666663 0.03472222222222221
0 0.42314814814814816 0.5520833333333333 0.011111111111111127 0.015277777777777835
0 0.5375000000000001 0.5590277777777777 0.019444444444444486 0.03472222222222221
0 0.47777777777777775 0.5604166666666667 0.005555555555555591 0.012499999999999956
0 0.48564814814814816 0.5618055555555556 0.00833333333333336 0.012499999999999956
0 0.3962962962962963 0.5562499999999999 0.012962962962962954 0.02083333333333337
0 0.23657407407407408 0.5666666666666667 0.006481481481481477 0.016666666666666607
0 0.2550925925925926 0.5618055555555556 0.008333333333333304 0.012499999999999956
0 0.610648148148148 0.5409722222222222 0.010185185185185186 0.012500000000000067
0 0.5023148148148149 0.5638888888888889 0.00462962962962965 0.011111111111111072
0 0.4444444444444444 0.5673611111111111 0.005555555555555591 0.012499999999999956
