0 0.4185185185185185 0.5659722222222222 0.012962962962962954 0.02083333333333326
0 0.3675925925925926 0.5715277777777779 0.009259259259259245 0.018055555555555602
0 0.3486111111111111 0.5868055555555556 0.002777777777777768 0.00694444444444442
0 0.3324074074074074 0.5854166666666667 0.005555555555555591 0.009722222222222188
0 0.32361111111111107 0.5805555555555555 0.006481481481481477 0.005555555555555647
0 0.31851851851851853 0.5854166666666667 0.003703703703703709 0.00694444444444442
0 0.3074074074074074 0.5798611111111112 0.005555555555555536 0.006944444444444531
0 0.2967592592592593 0.5888888888888889 0.002777777777777768 0.008333333333333304
0 0.675 0.5208333333333333 0.00925925925925919 0.02777777777777779
0 0.3412037037037037 0.5784722222222223 0.00833333333333336 0.009722222222222299
