0 0.5351851851851852 0.5222222222222221 0.040740740740740744 0.0444444444444444
0 0.4009259259259259 0.5652777777777778 0.025925925925925908 0.033333333333333326
0 0.6120370370370369 0.5368055555555555 0.02777777777777779 0.04861111111111116
0 0.5069444444444444 0.5222222222222221 0.021296296296296313 0.036111111111111094
0 0.3763888888888889 0.5361111111111112 0.019444444444444486 0.033333333333333326
0 0.42083333333333334 0.5555555555555556 0.019444444444444486 0.02777777777777779
0 0.4699074074074074 0.5611111111111111 0.010185185185185186 0.033333333333333326
0 0.3226851851851852 0.5673611111111111 0.0064814814814815325 0.015277777777777724
0 0.33287037037037037 0.5611111111111111 0.008333333333333304 0.01388888888888884
0 0.3416666666666667 0.55625 0.007407407407407418 0.012499999999999956
0 0.6337962962962963 0.5430555555555556 0.004629629629629539 0.011111111111111183
0 0.6615740740740741 0.5409722222222222 0.00462962962962965 0.009722222222222188
0 0.475462962962963 0.5541666666666667 0.00833333333333336 0.01666666666666672
0 0.4324074074074074 0.5444444444444445 0.0092592592592593 0.019444444444444486
0 0.3282407407407407 0.5583333333333333 0.006481481481481477 0.016666666666666607
