0 0.2851851851851852 0.5625 0.012962962962962954 0.036111111111111205
0 0.31574074074074077 0.5590277777777777 0.018518518518518545 0.03194444444444444
0 0.4097222222222222 0.5583333333333333 0.015740740740740722 0.025000000000000022
0 0.44351851851851853 0.5534722222222221 0.016666666666666663 0.029166666666666674
0 0.5740740740740741 0.5208333333333333 0.020370370370370372 0.0444444444444444
0 0.662962962962963 0.5284722222222222 0.014814814814814836 0.043055555555555625
0 0.7171296296296297 0.5930555555555556 0.0064814814814814214 0.008333333333333304
0 0.7259259259259259 0.5819444444444444 0.00925925925925919 0.01388888888888895
0 0.763425925925926 0.5444444444444445 0.02314814814814814 0.036111111111111094
0 0.3550925925925926 0.575 0.015740740740740777 0.030555555555555558
