0 0.4115740740740741 0.6312500000000001 0.030555555555555558 0.043055555555555514
0 0.020833333333333332 0.5659722222222222 0.03055555555555555 0.06805555555555554
0 0.05092592592592592 0.575 0.024074074074074067 0.04999999999999993
0 0.6666666666666667 0.65 0.007407407407407418 0.01388888888888884
0 0.6819444444444445 0.6409722222222223 0.00462962962962965 0.009722222222222299
0 0.6388888888888888 0.6430555555555555 0.0018518518518518823 0.005555555555555647
0 0.625925925925926 0.6305555555555555 0.0037037037037036535 0.008333333333333304
0 0.6291666666666667 0.6347222222222222 0.002777777777777768 0.005555555555555536
0 0.5944444444444444 0.6402777777777777 0.0037037037037037646 0.011111111111111183
0 0.525462962962963 0.6381944444444445 0.00462962962962965 0.009722222222222299
0 0.5416666666666667 0.6368055555555555 0.0018518518518518823 0.00694444444444442
0 0.5740740740740741 0.6361111111111111 0.0037037037037037646 0.008333333333333304
