0 0.475 0.5847222222222221 0.007407407407407418 0.01388888888888895
0 0.513425925925926 0.5951388888888889 0.008333333333333304 0.012499999999999956
0 0.5226851851851853 0.5951388888888889 0.0064814814814814214 0.009722222222222188
0 0.4981481481481481 0.5916666666666667 0.005555555555555536 0.005555555555555536
0 0.5462962962962963 0.5944444444444444 0.005555555555555536 0.008333333333333304
0 0.6152777777777778 0.5840277777777778 0.002777777777777768 0.009722222222222188
0 0.6458333333333333 0.5756944444444445 0.0064814814814814214 0.012500000000000067
0 0.6967592592592593 0.5673611111111112 0.010185185185185186 0.023611111111111138
0 0.7175925925925926 0.5645833333333333 0.014814814814814836 0.02083333333333326
0 0.7708333333333334 0.5743055555555556 0.012037037037037068 0.026388888888888906
