0 0.9564814814814815 0.5076388888888889 0.005555555555555536 0.012499999999999956
0 0.937962962962963 0.525 0.005555555555555536 0.011111111111111072
0 0.9143518518518519 0.5229166666666667 0.0064814814814815325 0.018055555555555602
0 0.6861111111111111 0.5784722222222223 0.0037037037037037646 0.012500000000000067
0 0.5347222222222222 0.5541666666666667 0.008333333333333304 0.011111111111111072
0 0.5152777777777777 0.5513888888888889 0.012037037037036957 0.008333333333333304
0 0.4648148148148148 0.5736111111111111 0.005555555555555591 0.011111111111111183
0 0.43518518518518523 0.5701388888888889 0.009259259259259245 0.012499999999999956
0 0.41712962962962963 0.5763888888888888 0.010185185185185186 0.01388888888888895
0 0.4092592592592592 0.5805555555555555 0.003703703703703709 0.008333333333333415
0 0.3935185185185185 0.56875 0.009259259259259245 0.009722222222222188
0 0.36342592592592593 0.5694444444444444 0.006481481481481477 0.008333333333333304
0 0.3421296296296296 0.5819444444444445 0.002777777777777768 0.005555555555555536
