0 0.2680555555555556 0.6000000000000001 0.013888888888888895 0.030555555555555558
0 0.23194444444444445 0.6090277777777777 0.013888888888888895 0.03194444444444444
0 0.461574074074074 0.6145833333333333 0.006481481481481477 0.015277777777777835
0 0.44212962962962965 0.6173611111111111 0.00833333333333336 0.015277777777777724
0 0.7921296296296296 0.5770833333333334 0.008333333333333304 0.018055555555555602
0 0.6935185185185185 0.5902777777777778 0.0092592592592593 0.01388888888888884
0 0.9083333333333333 0.5868055555555556 0.0092592592592593 0.018055555555555602
0 0.39166666666666666 0.6055555555555556 0.005555555555555536 0.011111111111111183
0 0.34444444444444444 0.6125 0.005555555555555536 0.011111111111111183
0 0.43472222222222223 0.6111111111111112 0.00462962962962965 0.011111111111111183
0 0.4101851851851852 0.6083333333333334 0.005555555555555591 0.011111111111111183
0 0.8125 0.5902777777777778 0.004629629629629539 0.016666666666666607
