0 0.9217592592592593 0.6673611111111111 0.01388888888888884 0.02083333333333337
0 0.8893518518518518 0.6784722222222221 0.019444444444444375 0.023611111111111138
0 0.8180555555555555 0.66875 0.017592592592592604 0.026388888888888906
0 0.7884259259259259 0.6597222222222222 0.010185185185185186 0.016666666666666607
0 0.7708333333333334 0.6527777777777778 0.008333333333333304 0.016666666666666607
0 0.6592592592592592 0.6465277777777778 0.007407407407407418 0.015277777777777835
0 0.6472222222222223 0.6333333333333333 0.014814814814814836 0.022222222222222254
0 0.6060185185185185 0.6305555555555555 0.0064814814814815325 0.011111111111111072
0 0.537037037037037 0.625 0.007407407407407418 0.011111111111111072
0 0.525462962962963 0.6201388888888889 0.0064814814814814214 0.012499999999999956
0 0.5097222222222222 0.61875 0.0064814814814814214 0.012499999999999956
0 0.48055555555555557 0.6104166666666666 0.007407407407407418 0.012500000000000067
0 0.45833333333333337 0.6118055555555555 0.005555555555555591 0.009722222222222299
0 0.4462962962962963 0.6180555555555556 0.005555555555555536 0.011111111111111072
0 0.33611111111111114 0.6236111111111111 0.01296296296296301 0.022222222222222143
