0 0.012037037037037037 0.4826388888888889 0.014814814814814815 0.029166666666666674
0 0.05555555555555555 0.5111111111111111 0.016666666666666663 0.02777777777777779
0 0.15231481481481482 0.5423611111111111 0.017592592592592604 0.02083333333333337
0 0.24259259259259258 0.5249999999999999 0.01851851851851849 0.025000000000000022
0 0.49444444444444446 0.5263888888888888 0.012962962962962898 0.025000000000000022
0 0.27175925925925926 0.5479166666666666 0.017592592592592604 0.018055555555555602
0 0.6541666666666666 0.5375 0.010185185185185186 0.01388888888888884
0 0.18981481481481483 0.5076388888888889 0.012962962962962982 0.009722222222222188
0 0.21805555555555556 0.54375 0.010185185185185186 0.023611111111111138
0 0.6805555555555556 0.5583333333333333 0.011111111111111072 0.011111111111111072
0 0.7671296296296296 0.5472222222222223 0.0064814814814815325 0.008333333333333415
