0 0.9652777777777777 0.7069444444444444 0.015740740740740722 0.03888888888888886
0 0.9347222222222222 0.6805555555555556 0.02499999999999991 0.02777777777777779
0 0.6361111111111111 0.6930555555555555 0.012962962962962954 0.022222222222222254
0 0.6087962962962963 0.6909722222222222 0.012037037037037068 0.01805555555555549
0 0.5810185185185185 0.6819444444444445 0.008333333333333304 0.025000000000000022
0 0.5444444444444445 0.6972222222222222 0.007407407407407418 0.01666666666666672
0 0.5055555555555555 0.6854166666666667 0.011111111111111072 0.01805555555555549
0 0.42638888888888893 0.6888888888888889 0.013888888888888895 0.02499999999999991
0 0.3027777777777778 0.679861111111111 0.016666666666666663 0.023611111111111138
0 0.3490740740740741 0.6972222222222222 0.011111111111111127 0.01666666666666672
