0 0.5282407407407408 0.5048611111111111 0.008333333333333415 0.02083333333333326
0 0.5814814814814815 0.5215277777777778 0.0185185185185186 0.023611111111111138
0 0.7083333333333333 0.5263888888888889 0.011111111111111183 0.01388888888888884
0 0.0412037037037037 0.48541666666666666 0.006481481481481484 0.009722222222222188
0 0.17268518518518516 0.48125 0.0046296296296296224 0.00694444444444442
0 0.32175925925925924 0.49444444444444446 0.002777777777777768 0.005555555555555591
0 0.39675925925925926 0.4965277777777778 0.002777777777777768 0.00694444444444442
0 0.4574074074074074 0.49444444444444446 0.009259259259259245 0.00833333333333336
0 0.5546296296296296 0.48333333333333334 0.0018518518518518823 0.005555555555555536
0 0.5587962962962963 0.4840277777777778 0.002777777777777768 0.00694444444444442
0 0.8101851851851851 0.5381944444444444 0.012962962962962954 0.012499999999999956
0 0.7569444444444444 0.5118055555555556 0.0064814814814815325 0.009722222222222299
0 0.7685185185185186 0.5138888888888888 0.0037037037037036535 0.005555555555555647
0 0.7388888888888889 0.5125 0.0037037037037036535 0.005555555555555536
0 0.9472222222222222 0.5236111111111111 0.005555555555555536 0.008333333333333304
0 0.9347222222222222 0.5201388888888889 0.0064814814814815325 0.009722222222222299
