0 0.13842592592592592 0.5840277777777778 0.015740740740740722 0.03749999999999998
0 0.22361111111111112 0.5756944444444445 0.006481481481481477 0.012500000000000067
0 0.2791666666666667 0.5666666666666667 0.012037037037037068 0.008333333333333304
0 0.2935185185185185 0.5798611111111112 0.003703703703703709 0.006944444444444531
0 0.29907407407407405 0.5743055555555555 0.0018518518518518268 0.00694444444444442
0 0.30648148148148147 0.5756944444444444 0.003703703703703709 0.004166666666666652
0 0.34398148148148144 0.5784722222222223 0.006481481481481477 0.009722222222222299
0 0.3662037037037037 0.5798611111111112 0.00462962962962965 0.006944444444444531
0 0.3944444444444445 0.5798611111111112 0.003703703703703709 0.006944444444444531
0 0.4078703703703704 0.5826388888888889 0.00462962962962965 0.009722222222222299
0 0.42453703703703705 0.5798611111111112 0.00462962962962965 0.012500000000000067
0 0.43425925925925923 0.5743055555555556 0.007407407407407363 0.012500000000000067
0 0.44074074074074077 0.5763888888888888 0.005555555555555591 0.011111111111111183
0 0.462037037037037 0.5736111111111111 0.003703703703703709 0.008333333333333304
0 0.5291666666666666 0.5805555555555555 0.010185185185185186 0.019444444444444486
0 0.5564814814814815 0.5652777777777778 0.011111111111111072 0.02499999999999991
0 0.675 0.5777777777777777 0.020370370370370372 0.030555555555555558
0 0.4550925925925926 0.5777777777777777 0.006481481481481477 0.008333333333333415
0 0.8694444444444445 0.5493055555555555 0.012962962962962954 0.018055555555555602
0 0.7625 0.5784722222222223 0.008333333333333415 0.009722222222222299
