0 0.024537037037037038 0.5763888888888888 0.01574074074074074 0.011111111111111183
0 0.18425925925925923 0.5798611111111112 0.018518518518518517 0.03472222222222221
0 0.2699074074074074 0.5659722222222222 0.006481481481481477 0.009722222222222188
0 0.2861111111111111 0.5666666666666667 0.005555555555555536 0.008333333333333304
0 0.29768518518518516 0.5708333333333333 0.004629629629629595 0.005555555555555536
0 0.30324074074074076 0.5708333333333333 0.00462962962962965 0.008333333333333304
0 0.30972222222222223 0.5652777777777778 0.00462962962962965 0.008333333333333304
0 0.31527777777777777 0.5694444444444444 0.00462962962962965 0.008333333333333304
0 0.34675925925925927 0.5618055555555556 0.00462962962962965 0.00694444444444442
0 0.5342592592592592 0.5659722222222222 0.00925925925925919 0.012499999999999956
0 0.5527777777777778 0.55 0.0092592592592593 0.01388888888888895
0 0.5675925925925926 0.5680555555555555 0.007407407407407418 0.01388888888888884
0 0.7074074074074074 0.5527777777777778 0.014814814814814836 0.022222222222222254
0 0.7328703703703704 0.5736111111111111 0.012037037037037068 0.022222222222222254
0 0.7972222222222223 0.5506944444444444 0.00925925925925919 0.012500000000000067
0 0.8152777777777778 0.5416666666666667 0.008333333333333304 0.01388888888888895
0 0.849537037037037 0.5611111111111111 0.010185185185185186 0.01388888888888884
0 0.9064814814814814 0.5534722222222221 0.025925925925925908 0.043055555555555514
0 0.6097222222222223 0.5319444444444444 0.01388888888888895 0.011111111111111072
