0 0.4787037037037037 0.5930555555555556 0.005555555555555536 0.008333333333333304
0 0.45046296296296295 0.5909722222222222 0.010185185185185186 0.01805555555555549
0 0.44166666666666665 0.5881944444444445 0.007407407407407418 0.012499999999999956
0 0.3907407407407407 0.5923611111111111 0.005555555555555591 0.015277777777777724
0 0.3814814814814815 0.5979166666666667 0.005555555555555536 0.009722222222222188
0 0.3675925925925926 0.6013888888888889 0.005555555555555536 0.011111111111111072
0 0.34814814814814815 0.6006944444444444 0.005555555555555536 0.012499999999999956
0 0.3199074074074074 0.5979166666666667 0.006481481481481477 0.00694444444444442
0 0.32499999999999996 0.5993055555555555 0.003703703703703709 0.00694444444444442
0 0.3384259259259259 0.6 0.002777777777777768 0.005555555555555536
0 0.35416666666666663 0.6013888888888889 0.0009259259259259411 0.002777777777777768
