0 0.13935185185185184 0.6222222222222222 0.03796296296296296 0.04444444444444451
0 0.34953703703703703 0.5722222222222222 0.00462962962962965 0.005555555555555536
0 0.3560185185185185 0.5722222222222222 0.002777777777777768 0.005555555555555536
0 0.3597222222222222 0.5763888888888888 0.00462962962962965 0.005555555555555647
0 0.3662037037037037 0.5715277777777777 0.002777777777777768 0.004166666666666652
0 0.37083333333333335 0.5743055555555555 0.00462962962962965 0.00694444444444442
0 0.38657407407407407 0.5736111111111111 0.00462962962962965 0.005555555555555536
0 0.39861111111111114 0.5722222222222222 0.004629629629629595 0.005555555555555536
0 0.4703703703703704 0.5687500000000001 0.01851851851851849 0.03749999999999998
0 0.4893518518518518 0.5798611111111112 0.00833333333333336 0.015277777777777835
0 0.5125 0.5791666666666666 0.019444444444444486 0.033333333333333326
0 0.5282407407407408 0.56875 0.008333333333333415 0.012499999999999956
0 0.563425925925926 0.5805555555555555 0.015740740740740722 0.022222222222222254
0 0.6134259259259259 0.5777777777777777 0.015740740740740833 0.022222222222222254
0 0.6393518518518518 0.5569444444444445 0.019444444444444375 0.030555555555555558
0 0.7037037037037037 0.5611111111111111 0.01851851851851849 0.02777777777777768
