0 0.9694444444444444 0.5444444444444445 0.02777777777777768 0.036111111111111094
0 0.9208333333333334 0.5687500000000001 0.015740740740740722 0.03472222222222221
0 0.7564814814814815 0.5645833333333333 0.012962962962962954 0.02083333333333326
0 0.7231481481481481 0.5722222222222222 0.014814814814814725 0.019444444444444486
0 0.6055555555555556 0.5666666666666667 0.011111111111111183 0.022222222222222143
0 0.5106481481481482 0.5791666666666666 0.00462962962962965 0.008333333333333415
0 0.5773148148148148 0.5833333333333333 0.008333333333333304 0.01388888888888895
0 0.5546296296296296 0.5680555555555555 0.005555555555555647 0.011111111111111072
0 0.24259259259259258 0.5826388888888889 0.005555555555555564 0.009722222222222299
0 0.2675925925925926 0.5694444444444444 0.009259259259259245 0.01388888888888884
0 0.46296296296296297 0.5826388888888889 0.007407407407407418 0.009722222222222299
0 0.525 0.5784722222222223 0.0092592592592593 0.009722222222222299
0 0.7967592592592593 0.5590277777777778 0.012037037037037068 0.015277777777777724
0 0.7458333333333333 0.5694444444444444 0.010185185185185186 0.011111111111111072
