0 0.7611111111111111 0.6534722222222222 0.005555555555555536 0.009722222222222188
0 0.8092592592592593 0.6513888888888889 0.0037037037037036535 0.005555555555555536
0 0.8680555555555556 0.6548611111111111 0.0064814814814815325 0.00694444444444442
0 0.9898148148148148 0.5347222222222222 0.016666666666666607 0.05277777777777781
0 0.3564814814814815 0.63125 0.005555555555555591 0.012499999999999956
0 0.3453703703703703 0.6388888888888888 0.003703703703703709 0.008333333333333415
0 0.4310185185185185 0.65 0.002777777777777768 0.005555555555555536
0 0.5652777777777778 0.6555555555555556 0.004629629629629539 0.008333333333333304
0 0.8458333333333333 0.6541666666666667 0.002777777777777768 0.005555555555555536
0 0.9060185185185186 0.6569444444444444 0.00462962962962965 0.008333333333333304
0 0.9027777777777778 0.6541666666666667 0.0037037037037037646 0.005555555555555536
