0 0.6652777777777779 0.59375 0.021296296296296258 0.03472222222222232
0 0.6041666666666666 0.5708333333333333 0.008333333333333304 0.01388888888888884
0 0.639351851851852 0.5576388888888889 0.00462962962962965 0.012499999999999956
0 0.5953703703703703 0.5965277777777778 0.01851851851851849 0.026388888888888906
0 0.5462962962962963 0.6013888888888889 0.031481481481481444 0.06388888888888888
0 0.49027777777777776 0.5993055555555555 0.010185185185185186 0.01805555555555549
0 0.4736111111111111 0.6027777777777777 0.010185185185185186 0.008333333333333304
0 0.43472222222222223 0.5763888888888888 0.025000000000000022 0.02777777777777779
0 0.4115740740740741 0.6027777777777777 0.004629629629629595 0.005555555555555536
0 0.40694444444444444 0.6027777777777777 0.00462962962962965 0.005555555555555536
0 0.3842592592592593 0.6027777777777777 0.0018518518518518268 0.005555555555555536
0 0.31018518518518523 0.5972222222222222 0.003703703703703709 0.005555555555555536
0 0.28240740740740744 0.5881944444444445 0.005555555555555591 0.009722222222222188
