0 0.36296296296296293 0.6243055555555556 0.005555555555555591 0.012499999999999956
0 0.48842592592592593 0.6152777777777778 0.008333333333333304 0.01388888888888895
0 0.46944444444444444 0.6173611111111111 0.0092592592592593 0.015277777777777724
0 0.5018518518518518 0.6104166666666666 0.0037037037037036535 0.004166666666666763
0 0.5449074074074074 0.6097222222222223 0.002777777777777768 0.005555555555555647
0 0.5597222222222222 0.6131944444444445 0.002777777777777768 0.004166666666666652
0 0.5694444444444444 0.6090277777777777 0.0037037037037037646 0.004166666666666763
0 0.5921296296296297 0.6041666666666666 0.002777777777777768 0.005555555555555536
0 0.6060185185185185 0.6013888888888889 0.002777777777777768 0.005555555555555536
0 0.6648148148148147 0.5875 0.0037037037037036535 0.011111111111111072
