0 0.42546296296296293 0.5375000000000001 0.012037037037037013 0.025000000000000022
0 0.4472222222222222 0.5458333333333334 0.011111111111111127 0.02777777777777779
0 0.1259259259259259 0.7388888888888889 0.003703703703703695 0.005555555555555536
0 0.5435185185185185 0.6402777777777777 0.005555555555555536 0.011111111111111183
0 0.538888888888889 0.6770833333333334 0.0037037037037036535 0.00694444444444442
0 0.6157407407407407 0.5965277777777778 0.005555555555555536 0.012499999999999956
0 0.6449074074074075 0.5416666666666667 0.010185185185185186 0.019444444444444486
0 0.6712962962962963 0.5430555555555556 0.0092592592592593 0.01666666666666672
0 0.6949074074074074 0.6208333333333333 0.0064814814814815325 0.011111111111111072
0 0.9208333333333334 0.5888888888888889 0.0064814814814814214 0.011111111111111072
0 0.9569444444444445 0.5520833333333333 0.002777777777777768 0.012500000000000067
0 0.9893518518518518 0.4805555555555555 0.017592592592592604 0.0222222222222222
