0 0.7314814814814815 0.4326388888888889 0.014814814814814836 0.04305555555555557
0 0.07870370370370369 0.6527777777777778 0.012962962962962968 0.022222222222222143
0 0.20925925925925926 0.632638888888889 0.012962962962962954 0.018055555555555602
0 0.374537037037037 0.4916666666666667 0.00833333333333336 0.027777777777777735
0 0.5537037037037037 0.4875 0.005555555555555536 0.022222222222222254
0 0.650462962962963 0.4840277777777778 0.017592592592592493 0.026388888888888906
0 0.11851851851851852 0.7388888888888889 0.003703703703703695 0.005555555555555536
0 0.14074074074074075 0.7284722222222222 0.003703703703703709 0.00694444444444442
0 0.44953703703703707 0.7159722222222222 0.0027777777777778234 0.004166666666666652
0 0.6754629629629629 0.6090277777777777 0.0064814814814814214 0.009722222222222299
0 0.6962962962962963 0.6055555555555556 0.005555555555555536 0.008333333333333415
0 0.7287037037037036 0.6145833333333334 0.007407407407407418 0.009722222222222188
0 0.9574074074074074 0.5541666666666667 0.005555555555555536 0.011111111111111072
0 0.9921296296296296 0.5493055555555555 0.008333333333333415 0.018055555555555602
