0 0.5398148148148149 0.4305555555555556 0.014814814814814836 0.041666666666666685
0 0.5597222222222222 0.47291666666666665 0.02499999999999991 0.04305555555555557
0 0.6499999999999999 0.5902777777777778 0.012962962962962954 0.022222222222222143
0 0.11018518518518519 0.6541666666666667 0.011111111111111113 0.016666666666666607
0 0.2537037037037037 0.6361111111111111 0.014814814814814836 0.019444444444444486
0 0.03796296296296296 0.6548611111111111 0.009259259259259259 0.01805555555555549
0 0.13240740740740742 0.6763888888888889 0.009259259259259273 0.01388888888888895
0 0.02685185185185185 0.65625 0.009259259259259255 0.015277777777777724
0 0.7569444444444444 0.6770833333333333 0.008333333333333304 0.012500000000000067
0 0.7212962962962963 0.7013888888888888 0.005555555555555536 0.008333333333333415
0 0.6791666666666667 0.6881944444444444 0.00462962962962965 0.009722222222222188
0 0.5930555555555556 0.6861111111111111 0.008333333333333304 0.011111111111111072
0 0.5782407407407407 0.6881944444444444 0.0064814814814815325 0.012499999999999956
0 0.6287037037037038 0.7083333333333334 0.0037037037037036535 0.008333333333333304
