0 0.5291666666666667 0.5673611111111112 0.015740740740740833 0.026388888888888906
0 0.6444444444444444 0.5159722222222223 0.022222222222222254 0.03472222222222221
0 0.4722222222222222 0.5381944444444444 0.012962962962962954 0.029166666666666674
0 0.49212962962962964 0.7131944444444445 0.00462962962962965 0.00694444444444442
0 0.6134259259259259 0.66875 0.008333333333333304 0.012500000000000067
0 0.8976851851851853 0.6944444444444444 0.008333333333333415 0.011111111111111072
0 0.9134259259259259 0.7041666666666666 0.008333333333333415 0.011111111111111183
0 0.7930555555555556 0.6798611111111111 0.0064814814814814214 0.009722222222222188
0 0.12731481481481483 0.7256944444444444 0.0046296296296296224 0.00694444444444442
0 0.14490740740740743 0.7326388888888888 0.0046296296296296224 0.006944444444444531
0 0.4810185185185185 0.7173611111111111 0.00462962962962965 0.00694444444444442
