0 0.09953703703703703 0.525 0.02314814814814814 0.04444444444444451
0 0.33425925925925926 0.5173611111111112 0.024074074074074026 0.03749999999999998
0 0.46898148148148144 0.42986111111111114 0.021296296296296313 0.04583333333333334
0 0.6388888888888888 0.5159722222222223 0.020370370370370372 0.029166666666666674
0 0.7300925925925926 0.49027777777777776 0.017592592592592604 0.02777777777777779
0 0.7708333333333333 0.49583333333333335 0.021296296296296258 0.03333333333333327
0 0.912962962962963 0.4291666666666667 0.022222222222222143 0.03611111111111115
0 0.12824074074074074 0.7111111111111111 0.010185185185185186 0.01388888888888884
0 0.5365740740740741 0.6541666666666667 0.0064814814814815325 0.008333333333333304
0 0.5981481481481481 0.6409722222222223 0.007407407407407418 0.009722222222222299
