0 0.12175925925925926 0.6625000000000001 0.019444444444444445 0.036111111111111094
0 0.20833333333333331 0.5826388888888889 0.005555555555555564 0.00694444444444442
0 0.28148148148148144 0.5895833333333333 0.009259259259259245 0.009722222222222188
0 0.35185185185185186 0.5763888888888888 0.009259259259259245 0.01666666666666672
0 0.37175925925925923 0.58125 0.00833333333333336 0.015277777777777835
0 0.3939814814814815 0.5819444444444444 0.008333333333333304 0.011111111111111183
0 0.4041666666666667 0.5743055555555556 0.006481481481481477 0.009722222222222299
0 0.40509259259259256 0.5840277777777778 0.006481481481481477 0.009722222222222188
0 0.5291666666666667 0.5729166666666666 0.004629629629629539 0.00694444444444442
0 0.5648148148148149 0.5687500000000001 0.014814814814814725 0.026388888888888906
0 0.6166666666666667 0.6229166666666667 0.04814814814814816 0.0625
0 0.6625000000000001 0.5756944444444445 0.010185185185185186 0.012500000000000067
0 0.6708333333333334 0.5673611111111111 0.010185185185185186 0.015277777777777724
0 0.9259259259259259 0.5506944444444444 0.03518518518518521 0.03749999999999998
0 0.9828703703703703 0.5319444444444444 0.030555555555555558 0.047222222222222276
0 0.3194444444444444 0.5763888888888888 0.003703703703703709 0.005555555555555647
0 0.5185185185185185 0.5805555555555555 0.005555555555555536 0.008333333333333415
