0 0.8152777777777778 0.6618055555555555 0.017592592592592604 0.029166666666666674
0 0.7939814814814815 0.6715277777777777 0.008333333333333304 0.009722222222222299
0 0.7310185185185185 0.6534722222222222 0.012037037037037068 0.02083333333333326
0 0.7148148148148148 0.6555555555555556 0.012962962962962954 0.016666666666666607
0 0.674074074074074 0.6444444444444444 0.007407407407407418 0.019444444444444486
0 0.6467592592592593 0.6395833333333334 0.01388888888888884 0.015277777777777835
0 0.6236111111111111 0.6444444444444444 0.010185185185185186 0.019444444444444486
0 0.6009259259259259 0.6340277777777777 0.011111111111111183 0.009722222222222188
0 0.3041666666666667 0.5951388888888889 0.00833333333333336 0.009722222222222188
0 0.33472222222222225 0.6076388888888888 0.006481481481481477 0.009722222222222299
