0 0.021296296296296296 0.5763888888888888 0.014814814814814815 0.008333333333333415
0 0.2666666666666667 0.5680555555555555 0.003703703703703709 0.008333333333333304
0 0.26990740740740743 0.5611111111111111 0.002777777777777768 0.005555555555555536
0 0.29305555555555557 0.5715277777777777 0.002777777777777768 0.00694444444444442
0 0.287962962962963 0.5701388888888889 0.003703703703703709 0.004166666666666652
0 0.30000000000000004 0.5659722222222222 0.003703703703703709 0.004166666666666652
0 0.34074074074074073 0.5618055555555556 0.005555555555555536 0.004166666666666652
0 0.3560185185185185 0.5618055555555556 0.002777777777777768 0.004166666666666652
0 0.46064814814814814 0.5673611111111111 0.008333333333333304 0.009722222222222188
0 0.5180555555555555 0.5534722222222223 0.008333333333333415 0.012499999999999956
0 0.48657407407407405 0.5444444444444445 0.00833333333333336 0.005555555555555647
0 0.5476851851851852 0.5520833333333333 0.008333333333333304 0.015277777777777835
0 0.5773148148148148 0.5701388888888889 0.0064814814814815325 0.012499999999999956
0 0.6078703703703704 0.5569444444444445 0.0064814814814815325 0.011111111111111072
0 0.7578703703703704 0.5576388888888889 0.03425925925925932 0.05138888888888893
0 0.8263888888888888 0.5409722222222222 0.01388888888888895 0.018055555555555602
0 0.8583333333333334 0.5590277777777777 0.01851851851851849 0.03472222222222221
