0 0.26481481481481484 0.5625 0.016666666666666663 0.02499999999999991
0 0.3282407407407407 0.5465277777777777 0.010185185185185186 0.023611111111111138
0 0.34953703703703703 0.5590277777777778 0.0064814814814815325 0.023611111111111027
0 0.374537037037037 0.54375 0.004629629629629595 0.006944444444444531
0 0.5194444444444444 0.5673611111111111 0.0037037037037036535 0.004166666666666652
0 0.5537037037037037 0.5652777777777778 0.0037037037037037646 0.005555555555555536
0 0.5967592592592592 0.5722222222222222 0.0064814814814814214 0.008333333333333304
0 0.575 0.5659722222222222 0.0018518518518518823 0.004166666666666652
0 0.48842592592592593 0.55625 0.00462962962962965 0.00694444444444442
0 0.5430555555555556 0.5631944444444444 0.00462962962962965 0.001388888888888884
