0 0.888425925925926 0.5604166666666667 0.03240740740740744 0.04583333333333339
0 0.799074074074074 0.5305555555555554 0.022222222222222254 0.030555555555555558
0 0.7555555555555555 0.5361111111111112 0.022222222222222254 0.030555555555555558
0 0.5305555555555556 0.5638888888888889 0.0092592592592593 0.016666666666666607
0 0.5129629629629631 0.5611111111111111 0.007407407407407418 0.01388888888888884
0 0.008333333333333333 0.5854166666666667 0.01111111111111111 0.02083333333333337
0 0.2828703703703704 0.5715277777777777 0.00462962962962965 0.00694444444444442
0 0.28240740740740744 0.5618055555555556 0.003703703703703709 0.004166666666666652
0 0.2912037037037037 0.5638888888888889 0.002777777777777768 0.008333333333333304
0 0.29907407407407405 0.56875 0.003703703703703709 0.004166666666666652
0 0.3111111111111111 0.5673611111111111 0.005555555555555536 0.00694444444444442
0 0.3435185185185185 0.5611111111111111 0.005555555555555536 0.011111111111111072
0 0.3587962962962963 0.5618055555555556 0.002777777777777768 0.004166666666666652
0 0.4203703703703704 0.5638888888888889 0.005555555555555591 0.008333333333333304
