0 0.07083333333333333 0.5951388888888889 0.021296296296296306 0.03750000000000009
0 0.13055555555555554 0.5763888888888888 0.014814814814814808 0.025000000000000022
0 0.30462962962962964 0.5687500000000001 0.014814814814814836 0.023611111111111138
0 0.44861111111111107 0.5402777777777777 0.00833333333333336 0.011111111111111072
0 0.5444444444444445 0.5625 0.005555555555555647 0.011111111111111072
0 0.6277777777777778 0.5694444444444444 0.005555555555555536 0.011111111111111072
0 0.6208333333333333 0.5701388888888889 0.008333333333333304 0.012499999999999956
0 0.6435185185185186 0.5583333333333333 0.0037037037037036535 0.002777777777777768
0 0.6481481481481481 0.5604166666666667 0.0037037037037037646 0.00694444444444442
0 0.7305555555555556 0.5645833333333333 0.007407407407407418 0.009722222222222188
0 0.37962962962962965 0.5444444444444445 0.003703703703703709 0.005555555555555647
