0 0.018055555555555557 0.5798611111111112 0.01388888888888889 0.02083333333333337
0 0.0375 0.5680555555555555 0.008333333333333331 0.019444444444444375
0 0.2689814814814815 0.5631944444444444 0.00462962962962965 0.009722222222222188
0 0.2777777777777778 0.5680555555555555 0.005555555555555536 0.008333333333333304
0 0.2925925925925926 0.5645833333333333 0.005555555555555591 0.009722222222222188
0 0.31342592592592594 0.5715277777777777 0.002777777777777768 0.00694444444444442
0 0.30092592592592593 0.5680555555555555 0.0018518518518518823 0.005555555555555536
0 0.48333333333333334 0.5625 0.007407407407407418 0.01388888888888884
0 0.5092592592592593 0.5638888888888889 0.005555555555555536 0.01388888888888884
0 0.5152777777777777 0.5631944444444444 0.00462962962962965 0.012499999999999956
0 0.7379629629629629 0.5451388888888888 0.0092592592592593 0.012500000000000067
0 0.9393518518518519 0.5444444444444444 0.037962962962962976 0.06388888888888888
