0 0.058333333333333334 0.5729166666666666 0.014814814814814815 0.009722222222222188
0 0.08055555555555555 0.6159722222222221 0.012962962962962968 0.029166666666666674
0 0.24722222222222223 0.5631944444444444 0.012962962962962982 0.015277777777777724
0 0.20416666666666666 0.5625 0.008333333333333331 0.01388888888888884
0 0.2763888888888889 0.5597222222222222 0.010185185185185186 0.008333333333333304
0 0.38842592592592595 0.5548611111111111 0.00833333333333336 0.009722222222222188
0 0.4134259259259259 0.5569444444444445 0.008333333333333304 0.01388888888888884
0 0.5453703703703703 0.5659722222222222 0.007407407407407418 0.012499999999999956
0 0.5689814814814815 0.5576388888888889 0.012037037037036957 0.015277777777777724
0 0.6407407407407407 0.5611111111111111 0.0092592592592593 0.016666666666666607
0 0.6611111111111111 0.5527777777777778 0.005555555555555536 0.011111111111111072
0 0.6912037037037038 0.5597222222222222 0.015740740740740722 0.02499999999999991
0 0.7111111111111111 0.5708333333333333 0.014814814814814836 0.022222222222222254
0 0.7546296296296295 0.575 0.01851851851851849 0.030555555555555558
0 0.9486111111111111 0.5673611111111112 0.02314814814814814 0.03194444444444444
0 0.09212962962962963 0.5951388888888889 0.021296296296296285 0.04027777777777786
