0 0.8560185185185185 0.5597222222222222 0.03240740740740744 0.04166666666666674
0 0.9171296296296296 0.5506944444444444 0.01388888888888884 0.026388888888888906
0 0.9666666666666667 0.5361111111111112 0.020370370370370372 0.025000000000000022
0 0.9462962962962963 0.5479166666666666 0.016666666666666607 0.023611111111111138
0 0.7949074074074074 0.5618055555555556 0.01388888888888884 0.02083333333333326
0 0.4458333333333333 0.5770833333333334 0.013888888888888895 0.026388888888888906
0 0.39490740740740743 0.5673611111111112 0.017592592592592604 0.03194444444444444
0 0.4222222222222222 0.5576388888888889 0.0092592592592593 0.012499999999999956
0 0.2513888888888889 0.5819444444444444 0.01203703703703704 0.01666666666666672
0 0.3060185185185185 0.5680555555555555 0.00462962962962965 0.008333333333333304
0 0.3277777777777778 0.5249999999999999 0.014814814814814836 0.02777777777777779
0 0.6092592592592593 0.5333333333333333 0.031481481481481444 0.04166666666666674
