0 0.075 0.5875 0.033333333333333326 0.050000000000000044
0 0.16157407407407406 0.5347222222222222 0.02314814814814814 0.050000000000000044
0 0.2884259259259259 0.5777777777777777 0.02314814814814814 0.030555555555555558
0 0.4009259259259259 0.5284722222222222 0.009259259259259245 0.03194444444444444
0 0.5421296296296296 0.5638888888888889 0.008333333333333304 0.01388888888888884
0 0.6171296296296296 0.5694444444444444 0.008333333333333415 0.01388888888888884
0 0.6254629629629629 0.5694444444444444 0.0064814814814814214 0.011111111111111072
0 0.6314814814814815 0.5756944444444445 0.005555555555555647 0.012500000000000067
0 0.6481481481481481 0.5715277777777777 0.005555555555555536 0.012499999999999956
0 0.6648148148148147 0.5722222222222222 0.0037037037037036535 0.008333333333333304
