0 0.4324074074074074 0.6173611111111111 0.0092592592592593 0.009722222222222188
0 0.46111111111111114 0.6159722222222223 0.007407407407407363 0.012499999999999956
0 0.46944444444444444 0.6201388888888889 0.011111111111111072 0.015277777777777724
0 0.4824074074074074 0.6256944444444444 0.007407407407407418 0.012499999999999956
0 0.4907407407407407 0.6333333333333333 0.009259259259259245 0.01388888888888884
0 0.5972222222222222 0.6395833333333334 0.0092592592592593 0.018055555555555602
0 0.6125 0.6375 0.010185185185185186 0.01666666666666672
0 0.7138888888888888 0.6444444444444444 0.007407407407407418 0.011111111111111183
0 0.8217592592592593 0.6722222222222223 0.01388888888888895 0.02777777777777779
0 0.9310185185185185 0.6826388888888888 0.021296296296296258 0.026388888888888906
