0 0.42314814814814816 0.6159722222222221 0.012962962962962954 0.018055555555555602
0 0.4351851851851852 0.6173611111111111 0.007407407407407418 0.015277777777777724
0 0.4560185185185185 0.6166666666666667 0.00833333333333336 0.008333333333333304
0 0.49444444444444446 0.6048611111111111 0.012962962962962898 0.009722222222222299
0 0.5125 0.5972222222222222 0.010185185185185186 0.016666666666666607
0 0.5393518518518519 0.6 0.0064814814814815325 0.01388888888888884
0 0.5486111111111112 0.6055555555555555 0.00462962962962965 0.005555555555555536
0 0.5555555555555556 0.6118055555555555 0.005555555555555536 0.012500000000000067
0 0.5625 0.6055555555555556 0.0064814814814815325 0.008333333333333415
0 0.5685185185185185 0.6111111111111112 0.0037037037037037646 0.005555555555555647
