0 0.6037037037037036 0.5208333333333334 0.062962962962963 0.08611111111111108
0 0.7388888888888889 0.5645833333333333 0.04629629629629628 0.06527777777777777
0 0.5064814814814815 0.6180555555555556 0.020370370370370428 0.025000000000000022
0 0.5449074074074074 0.586111111111111 0.008333333333333304 0.01666666666666672
0 0.48055555555555557 0.5923611111111111 0.005555555555555536 0.00694444444444442
0 0.4671296296296297 0.6006944444444444 0.006481481481481477 0.009722222222222188
0 0.42824074074074076 0.5923611111111111 0.00462962962962965 0.00694444444444442
0 0.35277777777777775 0.6020833333333333 0.005555555555555591 0.009722222222222188
0 0.3662037037037037 0.6013888888888889 0.00462962962962965 0.008333333333333304
0 0.3199074074074074 0.5972222222222222 0.006481481481481477 0.008333333333333304
0 0.34074074074074073 0.6006944444444444 0.0018518518518518823 0.001388888888888884
