0 0.8430555555555556 0.42847222222222225 0.06388888888888888 0.10694444444444445
0 0.563425925925926 0.47152777777777777 0.012037037037036957 0.00694444444444442
0 0.49675925925925923 0.4513888888888889 0.008333333333333304 0.008333333333333304
0 0.4634259259259259 0.46597222222222223 0.006481481481481477 0.012500000000000011
0 0.47638888888888886 0.47152777777777777 0.0027777777777778234 0.00694444444444442
0 0.4902777777777778 0.47916666666666663 0.00833333333333336 0.00833333333333336
0 0.4425925925925926 0.4666666666666667 0.0018518518518518823 0.002777777777777768
0 0.5476851851851852 0.43125 0.0064814814814815325 0.012500000000000011
0 0.5393518518518519 0.4340277777777778 0.0064814814814815325 0.012500000000000011
0 0.5189814814814815 0.44375 0.004629629629629539 0.006944444444444475
0 0.5101851851851852 0.4479166666666667 0.005555555555555536 0.004166666666666652
0 0.3935185185185185 0.4701388888888889 0.003703703703703709 0.009722222222222188
