0 0.0375 0.6680555555555556 0.01759259259259259 0.019444444444444486
0 0.22546296296296298 0.6215277777777778 0.008333333333333331 0.012499999999999956
0 0.24212962962962964 0.6229166666666667 0.013888888888888895 0.02083333333333326
0 0.2625 0.6243055555555556 0.012037037037037068 0.01805555555555549
0 0.275 0.6201388888888889 0.005555555555555591 0.015277777777777724
0 0.2902777777777778 0.6201388888888889 0.010185185185185186 0.015277777777777724
0 0.29953703703703705 0.6298611111111111 0.008333333333333304 0.015277777777777724
0 0.3337962962962963 0.6118055555555555 0.015740740740740722 0.02083333333333337
0 0.45925925925925926 0.6305555555555555 0.011111111111111072 0.016666666666666607
0 0.5074074074074073 0.5979166666666667 0.007407407407407418 0.009722222222222188
