0 0.08055555555555555 0.6090277777777777 0.00555555555555555 0.009722222222222299
0 0.274074074074074 0.6263888888888889 0.016666666666666663 0.022222222222222143
0 0.28935185185185186 0.6048611111111111 0.00462962962962965 0.009722222222222299
0 0.33240740740740743 0.6090277777777777 0.020370370370370372 0.029166666666666674
0 0.35462962962962963 0.6076388888888888 0.005555555555555536 0.012500000000000067
0 0.3648148148148148 0.6159722222222221 0.014814814814814836 0.023611111111111138
0 0.38611111111111107 0.5965277777777778 0.016666666666666663 0.023611111111111027
0 0.4013888888888889 0.6041666666666667 0.00462962962962965 0.011111111111111183
0 0.43333333333333335 0.6180555555555556 0.009259259259259245 0.019444444444444486
0 0.4476851851851852 0.6222222222222222 0.008333333333333304 0.02499999999999991
0 0.4560185185185185 0.6125 0.013888888888888895 0.025000000000000022
0 0.5148148148148148 0.60625 0.011111111111111072 0.023611111111111138
0 0.5740740740740741 0.5951388888888889 0.020370370370370372 0.026388888888888795
0 0.5944444444444444 0.59375 0.005555555555555536 0.009722222222222188
0 0.6282407407407407 0.6284722222222223 0.015740740740740722 0.029166666666666674
0 0.6402777777777777 0.6083333333333334 0.012037037037036957 0.02777777777777779
0 0.6893518518518519 0.5986111111111112 0.017592592592592604 0.025000000000000022
0 0.7370370370370369 0.575 0.007407407407407418 0.011111111111111183
