0 0.09907407407407408 0.6118055555555555 0.0018518518518518545 0.006944444444444531
0 0.1648148148148148 0.6090277777777777 0.009259259259259273 0.009722222222222299
0 0.17731481481481481 0.6111111111111112 0.012037037037037013 0.01388888888888895
0 0.18703703703703706 0.6111111111111112 0.009259259259259273 0.01388888888888895
0 0.19953703703703704 0.6125 0.006481481481481477 0.01388888888888895
0 0.23287037037037037 0.5993055555555555 0.013888888888888895 0.02083333333333337
0 0.2574074074074074 0.6097222222222223 0.011111111111111127 0.011111111111111183
0 0.2671296296296296 0.6159722222222223 0.00833333333333336 0.012499999999999956
0 0.2935185185185185 0.6027777777777779 0.012962962962962954 0.022222222222222254
0 0.32175925925925924 0.6138888888888889 0.010185185185185186 0.019444444444444486
0 0.37268518518518523 0.6118055555555555 0.013888888888888895 0.02083333333333337
0 0.4263888888888889 0.6201388888888888 0.010185185185185186 0.023611111111111138
0 0.5324074074074074 0.6263888888888889 0.01666666666666672 0.030555555555555558
0 0.6467592592592593 0.6020833333333333 0.010185185185185186 0.015277777777777835
0 0.6092592592592592 0.6368055555555556 0.007407407407407418 0.018055555555555602
0 0.6546296296296297 0.60625 0.005555555555555536 0.023611111111111138
0 0.6939814814814815 0.61875 0.010185185185185186 0.01805555555555549
0 0.8092592592592592 0.6243055555555556 0.025925925925925908 0.03750000000000009
0 0.8703703703703703 0.6180555555555556 0.03518518518518521 0.047222222222222276
0 0.9490740740740741 0.6159722222222221 0.012962962962963065 0.015277777777777835
0 0.3819444444444444 0.6069444444444445 0.00833333333333336 0.022222222222222254
0 0.028703703703703703 0.6055555555555556 0.005555555555555553 0.008333333333333415
