0 0.053703703703703705 0.6194444444444445 0.007407407407407404 0.008333333333333304
0 0.0625 0.61875 0.004629629629629629 0.00694444444444442
0 0.11712962962962963 0.6083333333333334 0.008333333333333331 0.011111111111111183
0 0.13564814814814816 0.6104166666666666 0.006481481481481477 0.009722222222222299
0 0.14675925925925926 0.6097222222222223 0.006481481481481477 0.008333333333333415
0 0.34351851851851856 0.6083333333333334 0.003703703703703709 0.008333333333333415
0 0.4388888888888889 0.6000000000000001 0.014814814814814836 0.022222222222222254
0 0.5828703703703704 0.6020833333333333 0.008333333333333304 0.03194444444444444
0 0.6425925925925926 0.6131944444444444 0.012962962962962954 0.02083333333333337
0 0.6967592592592593 0.60625 0.015740740740740722 0.03194444444444444
0 0.7615740740740742 0.5840277777777778 0.010185185185185186 0.029166666666666674
0 0.8194444444444444 0.5854166666666667 0.014814814814814836 0.03194444444444444
0 0.8578703703703703 0.5965277777777778 0.010185185185185186 0.03472222222222221
0 0.19583333333333333 0.6416666666666666 0.041666666666666685 0.05555555555555547
0 0.1699074074074074 0.6104166666666666 0.0046296296296296224 0.009722222222222299
