0 0.17407407407407408 0.6048611111111111 0.009259259259259245 0.012500000000000067
0 0.18564814814814817 0.6097222222222223 0.008333333333333331 0.011111111111111183
0 0.19722222222222224 0.6145833333333333 0.014814814814814808 0.02083333333333337
0 0.20694444444444443 0.6138888888888889 0.0046296296296296224 0.01666666666666672
0 0.22546296296296298 0.6152777777777778 0.008333333333333331 0.01388888888888895
0 0.24351851851851852 0.6048611111111111 0.007407407407407418 0.012500000000000067
0 0.25601851851851853 0.6159722222222221 0.006481481481481477 0.015277777777777835
0 0.2689814814814815 0.6138888888888889 0.012037037037037068 0.01666666666666672
0 0.3277777777777778 0.5965277777777778 0.014814814814814836 0.023611111111111027
0 0.3384259259259259 0.5958333333333333 0.012037037037037013 0.011111111111111072
0 0.3412037037037037 0.6166666666666667 0.01018518518518513 0.01666666666666672
0 0.3666666666666667 0.601388888888889 0.011111111111111127 0.01666666666666672
0 0.3824074074074074 0.6006944444444444 0.014814814814814836 0.023611111111111138
0 0.412962962962963 0.6166666666666667 0.011111111111111127 0.022222222222222254
0 0.46990740740740744 0.6118055555555555 0.015740740740740777 0.023611111111111138
0 0.4814814814814815 0.6104166666666666 0.01296296296296301 0.023611111111111138
0 0.5268518518518519 0.6104166666666666 0.005555555555555647 0.015277777777777835
0 0.5453703703703704 0.6201388888888888 0.014814814814814836 0.03194444444444444
0 0.5597222222222222 0.6152777777777778 0.008333333333333304 0.01388888888888895
0 0.5907407407407408 0.6201388888888889 0.007407407407407418 0.015277777777777724
0 0.6680555555555556 0.6055555555555556 0.010185185185185186 0.01388888888888895
0 0.6805555555555556 0.6284722222222223 0.020370370370370372 0.026388888888888906
0 0.6287037037037037 0.6875 0.020370370370370372 0.07499999999999996
0 0.7143518518518519 0.6972222222222222 0.021296296296296258 0.05555555555555558
0 0.7435185185185185 0.6152777777777778 0.00925925925925919 0.01388888888888895
0 0.8328703703703704 0.6111111111111112 0.015740740740740833 0.022222222222222254
0 0.938425925925926 0.5902777777777778 0.0064814814814814214 0.022222222222222143
0 0.1587962962962963 0.6652777777777779 0.02685185185185185 0.047222222222222165
0 0.4458333333333333 0.7791666666666667 0.02870370370370373 0.125
