0 0.9787037037037036 0.5986111111111112 0.02777777777777779 0.033333333333333326
0 0.8648148148148148 0.5986111111111112 0.020370370370370372 0.030555555555555558
0 0.6916666666666667 0.5874999999999999 0.024074074074074137 0.036111111111111094
0 0.6462962962962964 0.5986111111111111 0.04814814814814816 0.06666666666666665
0 0.6162037037037037 0.6208333333333333 0.015740740740740833 0.02777777777777779
0 0.5912037037037037 0.6069444444444445 0.017592592592592604 0.025000000000000022
0 0.5351851851851852 0.6291666666666667 0.01851851851851849 0.030555555555555558
0 0.4097222222222222 0.6097222222222223 0.008333333333333304 0.01666666666666672
0 0.26435185185185184 0.6111111111111112 0.00833333333333336 0.008333333333333415
0 0.12407407407407406 0.6076388888888888 0.007407407407407404 0.012500000000000067
