0 0.08703703703703704 0.6104166666666666 0.0111111111111111 0.015277777777777835
0 0.12546296296296297 0.60625 0.013888888888888895 0.015277777777777835
0 0.1685185185185185 0.6118055555555555 0.005555555555555564 0.009722222222222299
0 0.1375 0.6097222222222223 0.008333333333333331 0.01388888888888895
0 0.1824074074074074 0.6041666666666666 0.007407407407407418 0.008333333333333304
0 0.20092592592592592 0.6055555555555556 0.005555555555555536 0.011111111111111183
0 0.2189814814814815 0.6104166666666666 0.0027777777777777957 0.006944444444444531
0 0.23518518518518516 0.6104166666666666 0.005555555555555564 0.006944444444444531
0 0.24351851851851852 0.6097222222222223 0.005555555555555564 0.008333333333333415
0 0.25370370370370365 0.6048611111111111 0.003703703703703709 0.009722222222222299
0 0.35370370370370374 0.6180555555555556 0.009259259259259245 0.019444444444444486
0 0.6611111111111111 0.6340277777777777 0.03703703703703698 0.054166666666666696
