0 0.274537037037037 0.6347222222222222 0.006481481481481477 0.011111111111111072
0 0.30925925925925923 0.6361111111111111 0.005555555555555591 0.01388888888888895
0 0.3148148148148148 0.6395833333333334 0.005555555555555536 0.015277777777777835
0 0.35 0.6284722222222222 0.005555555555555591 0.00694444444444442
0 0.3800925925925926 0.6222222222222222 0.0064814814814815325 0.011111111111111072
0 0.38935185185185184 0.6180555555555556 0.00462962962962965 0.008333333333333304
0 0.3949074074074074 0.6159722222222223 0.006481481481481477 0.009722222222222188
0 0.4893518518518518 0.6159722222222223 0.006481481481481477 0.009722222222222188
0 0.6736111111111112 0.6027777777777779 0.01388888888888895 0.02777777777777779
0 0.7527777777777778 0.5798611111111112 0.011111111111111072 0.03749999999999998
0 0.9560185185185185 0.5159722222222223 0.026851851851851904 0.03749999999999998
0 0.9814814814814814 0.5444444444444445 0.01666666666666672 0.04166666666666663
