0 0.34444444444444444 0.5180555555555555 0.005555555555555536 0.01388888888888895
0 0.45694444444444443 0.5256944444444445 0.010185185185185186 0.012499999999999956
0 0.5023148148148148 0.5243055555555556 0.006481481481481477 0.00694444444444442
0 0.5162037037037037 0.5333333333333333 0.0064814814814815325 0.011111111111111072
0 0.5194444444444445 0.5229166666666667 0.005555555555555536 0.00694444444444442
0 0.5421296296296296 0.5277777777777778 0.008333333333333304 0.008333333333333304
0 0.5657407407407408 0.5194444444444444 0.005555555555555536 0.011111111111111183
0 0.6037037037037036 0.5243055555555556 0.007407407407407418 0.009722222222222188
0 0.6134259259259259 0.523611111111111 0.008333333333333304 0.01666666666666672
0 0.6291666666666667 0.5375 0.0064814814814815325 0.011111111111111072
