0 0.19074074074074074 0.5125 0.005555555555555536 0.01388888888888895
0 0.2189814814814815 0.5076388888888889 0.008333333333333331 0.009722222222222188
0 0.49629629629629624 0.4673611111111111 0.009259259259259245 0.009722222222222188
0 0.6657407407407407 0.48541666666666666 0.0037037037037037646 0.009722222222222188
0 0.7208333333333333 0.5041666666666667 0.0064814814814815325 0.008333333333333304
0 0.8111111111111111 0.4826388888888889 0.005555555555555536 0.009722222222222188
0 0.8148148148148148 0.48680555555555555 0.005555555555555536 0.00694444444444442
0 0.9523148148148148 0.5159722222222223 0.012037037037037068 0.012500000000000067
0 0.9259259259259259 0.49097222222222225 0.007407407407407307 0.012500000000000011
0 0.898611111111111 0.4875 0.00462962962962965 0.005555555555555536
