0 0.22685185185185186 0.523611111111111 0.03518518518518518 0.02777777777777779
0 0.6194444444444445 0.5083333333333333 0.016666666666666607 0.022222222222222254
0 0.5990740740740741 0.5277777777777777 0.014814814814814836 0.02777777777777779
0 0.549537037037037 0.538888888888889 0.019444444444444375 0.033333333333333326
0 0.9662037037037037 0.5354166666666667 0.017592592592592604 0.029166666666666674
0 0.3412037037037037 0.5277777777777777 0.015740740740740777 0.025000000000000022
0 0.3111111111111111 0.5409722222222222 0.012962962962962954 0.009722222222222188
0 0.7226851851851852 0.5069444444444444 0.025000000000000022 0.04722222222222222
0 0.8814814814814815 0.5229166666666667 0.033333333333333326 0.06250000000000006
0 0.9388888888888889 0.5479166666666666 0.0185185185185186 0.05694444444444435
