0 0.725462962962963 0.5166666666666666 0.015740740740740722 0.033333333333333326
0 0.6935185185185185 0.5361111111111112 0.014814814814814836 0.033333333333333326
0 0.5736111111111111 0.5062500000000001 0.01388888888888895 0.026388888888888906
0 0.5444444444444445 0.5256944444444445 0.005555555555555647 0.03472222222222221
0 0.44027777777777777 0.5590277777777778 0.010185185185185186 0.012499999999999956
0 0.4388888888888889 0.5340277777777778 0.0092592592592593 0.012499999999999956
0 0.42500000000000004 0.5569444444444445 0.009259259259259245 0.016666666666666607
0 0.36712962962962964 0.5479166666666666 0.008333333333333304 0.015277777777777835
0 0.35 0.5576388888888889 0.003703703703703709 0.009722222222222188
0 0.33611111111111114 0.5618055555555556 0.0018518518518518268 0.00694444444444442
0 0.29583333333333334 0.5576388888888889 0.00462962962962965 0.009722222222222188
0 0.2930555555555555 0.5479166666666666 0.006481481481481477 0.006944444444444531
0 0.24583333333333335 0.5611111111111111 0.0046296296296296224 0.005555555555555536
0 0.024537037037037034 0.51875 0.04351851851851852 0.06805555555555559
