0 0.19953703703703704 0.5298611111111111 0.015740740740740722 0.03472222222222232
0 0.36296296296296293 0.5333333333333334 0.009259259259259245 0.030555555555555558
0 0.898611111111111 0.38263888888888886 0.015740740740740722 0.03750000000000003
0 0.12777777777777777 0.64375 0.012962962962962982 0.015277777777777835
0 0.6972222222222222 0.60625 0.0092592592592593 0.009722222222222299
0 0.7453703703703705 0.6069444444444445 0.007407407407407418 0.011111111111111183
0 0.7583333333333333 0.6111111111111112 0.007407407407407418 0.011111111111111183
0 0.7134259259259259 0.6152777777777778 0.0064814814814815325 0.011111111111111072
0 0.686574074074074 0.6201388888888889 0.0064814814814814214 0.009722222222222188
0 0.9495370370370371 0.5520833333333333 0.0064814814814814214 0.015277777777777835
0 0.7921296296296296 0.6444444444444444 0.004629629629629539 0.011111111111111183
0 0.5546296296296296 0.5180555555555555 0.011111111111111183 0.011111111111111183
0 0.24444444444444446 0.6340277777777779 0.0111111111111111 0.015277777777777835
0 0.11388888888888889 0.7402777777777778 0.003703703703703709 0.005555555555555536
0 0.06805555555555556 0.7402777777777778 0.004629629629629636 0.008333333333333304
