0 0.8240740740740741 0.45416666666666666 0.025925925925925908 0.0444444444444444
0 0.736574074074074 0.4354166666666667 0.021296296296296258 0.04305555555555557
0 0.6708333333333334 0.5375000000000001 0.019444444444444486 0.030555555555555558
0 0.5768518518518518 0.41041666666666665 0.014814814814814836 0.03749999999999998
0 0.175 0.5694444444444444 0.020370370370370372 0.030555555555555558
0 0.12546296296296297 0.6597222222222222 0.012037037037037027 0.019444444444444375
0 0.10324074074074074 0.6618055555555555 0.01203703703703704 0.01805555555555549
0 0.07916666666666666 0.6597222222222222 0.01203703703703704 0.019444444444444375
0 0.5444444444444445 0.50625 0.00925925925925919 0.034722222222222265
0 0.6972222222222222 0.7236111111111111 0.007407407407407418 0.011111111111111072
0 0.725 0.7215277777777778 0.005555555555555536 0.009722222222222188
0 0.7939814814814814 0.6944444444444444 0.00462962962962965 0.008333333333333304
0 0.5060185185185184 0.7138888888888889 0.00462962962962965 0.005555555555555536
0 0.49675925925925923 0.7145833333333333 0.0027777777777778234 0.00694444444444442
0 0.5166666666666666 0.7076388888888889 0.0037037037037036535 0.004166666666666652
0 0.2199074074074074 0.6673611111111111 0.006481481481481477 0.015277777777777835
0 0.03194444444444444 0.7208333333333333 0.004629629629629629 0.008333333333333304
