0 0.9564814814814815 0.6277777777777778 0.007407407407407418 0.01388888888888884
0 0.9699074074074074 0.6451388888888889 0.00462962962962965 0.012500000000000067
0 0.899537037037037 0.6451388888888889 0.008333333333333304 0.012500000000000067
0 0.8351851851851853 0.6555555555555556 0.007407407407407418 0.011111111111111072
0 0.8152777777777778 0.7069444444444444 0.0064814814814815325 0.011111111111111183
0 0.7814814814814814 0.6541666666666667 0.007407407407407418 0.01388888888888884
0 0.6930555555555555 0.6625 0.0064814814814815325 0.011111111111111072
0 0.15231481481481482 0.5486111111111112 0.01944444444444443 0.02777777777777779
0 0.2412037037037037 0.47777777777777775 0.02314814814814814 0.03888888888888892
0 0.41203703703703703 0.5277777777777777 0.020370370370370372 0.030555555555555558
0 0.49583333333333335 0.5298611111111111 0.02129629629629637 0.03472222222222232
0 0.5189814814814815 0.5298611111111111 0.019444444444444375 0.03194444444444444
0 0.6287037037037038 0.5430555555555556 0.02777777777777779 0.0444444444444444
0 0.8189814814814815 0.47638888888888886 0.021296296296296258 0.041666666666666685
