0 0.8754629629629629 0.6847222222222222 0.00462962962962965 0.008333333333333304
0 0.850462962962963 0.6854166666666667 0.00462962962962965 0.00694444444444442
0 0.8263888888888888 0.6819444444444445 0.0064814814814814214 0.008333333333333304
0 0.7967592592592592 0.7 0.00462962962962965 0.005555555555555536
0 0.7828703703703703 0.6833333333333333 0.00462962962962965 0.005555555555555536
0 0.7171296296296297 0.5673611111111112 0.017592592592592604 0.023611111111111138
0 0.6828703703703703 0.3902777777777777 0.008333333333333304 0.04722222222222222
0 0.6083333333333334 0.6972222222222222 0.005555555555555647 0.008333333333333304
0 0.5958333333333333 0.6944444444444444 0.0064814814814815325 0.011111111111111072
0 0.5814814814814815 0.6819444444444445 0.007407407407407418 0.011111111111111072
0 0.5763888888888888 0.6826388888888889 0.0064814814814814214 0.009722222222222188
0 0.5305555555555556 0.6895833333333333 0.005555555555555536 0.012499999999999956
0 0.48703703703703705 0.7145833333333333 0.003703703703703709 0.00694444444444442
0 0.4398148148148148 0.48680555555555555 0.02777777777777779 0.040277777777777746
0 0.399537037037037 0.45 0.017592592592592604 0.03888888888888886
