0 0.38796296296296295 0.5722222222222222 0.0018518518518518823 0.005555555555555536
0 0.39629629629629626 0.5763888888888888 0.0018518518518518268 0.002777777777777768
0 0.4023148148148148 0.5722222222222222 0.0027777777777778234 0.005555555555555536
0 0.41064814814814815 0.5736111111111111 0.002777777777777768 0.005555555555555536
0 0.4277777777777778 0.5673611111111111 0.003703703703703709 0.00694444444444442
0 0.4412037037037037 0.5680555555555555 0.00462962962962965 0.008333333333333304
0 0.4634259259259259 0.5583333333333333 0.00833333333333336 0.01388888888888884
0 0.48750000000000004 0.5645833333333333 0.006481481481481477 0.015277777777777724
0 0.5222222222222221 0.55 0.01666666666666672 0.022222222222222254
0 0.6162037037037037 0.5256944444444445 0.015740740740740833 0.029166666666666674
0 0.6467592592592593 0.51875 0.017592592592592604 0.03194444444444444
0 0.773611111111111 0.5409722222222222 0.010185185185185186 0.018055555555555602
