0 0.9856481481481482 0.3423611111111111 0.026851851851851904 0.0986111111111111
0 0.36527777777777776 0.5958333333333334 0.017592592592592604 0.02777777777777779
0 0.40509259259259256 0.6006944444444444 0.006481481481481477 0.012499999999999956
0 0.3921296296296296 0.5993055555555555 0.004629629629629595 0.009722222222222188
0 0.41944444444444445 0.59375 0.005555555555555536 0.012499999999999956
0 0.47175925925925927 0.6013888888888889 0.00462962962962965 0.008333333333333304
0 0.34675925925925927 0.5986111111111111 0.00462962962962965 0.008333333333333304
0 0.3300925925925926 0.6027777777777777 0.006481481481481477 0.008333333333333304
0 0.312962962962963 0.5979166666666667 0.003703703703703709 0.00694444444444442
0 0.2851851851851852 0.5875 0.005555555555555591 0.011111111111111072
