0 0.7333333333333334 0.570138888888889 0.00925925925925919 0.018055555555555602
0 0.6509259259259259 0.5736111111111111 0.007407407407407418 0.01388888888888895
0 0.5819444444444444 0.5833333333333334 0.008333333333333415 0.008333333333333304
0 0.5842592592592593 0.5729166666666666 0.005555555555555536 0.00694444444444442
0 0.5736111111111111 0.5791666666666666 0.0064814814814814214 0.011111111111111183
0 0.5652777777777778 0.5756944444444445 0.008333333333333304 0.012500000000000067
0 0.5050925925925926 0.5833333333333333 0.010185185185185186 0.01666666666666672
0 0.5523148148148148 0.5833333333333333 0.004629629629629539 0.011111111111111183
0 0.6166666666666667 0.5847222222222223 0.0037037037037036535 0.008333333333333304
0 0.6129629629629629 0.5826388888888889 0.0037037037037036535 0.012500000000000067
