0 0.17314814814814816 0.5756944444444445 0.014814814814814808 0.02083333333333337
0 0.2518518518518519 0.5666666666666667 0.016666666666666663 0.022222222222222143
0 0.2773148148148148 0.5680555555555555 0.00833333333333336 0.011111111111111072
0 0.2986111111111111 0.5777777777777777 0.010185185185185186 0.019444444444444486
0 0.3199074074074074 0.5611111111111111 0.010185185185185186 0.008333333333333304
0 0.35277777777777775 0.5590277777777778 0.009259259259259245 0.012499999999999956
0 0.375 0.5708333333333333 0.0092592592592593 0.019444444444444486
0 0.3976851851851852 0.5576388888888889 0.008333333333333304 0.015277777777777724
0 0.41527777777777775 0.5652777777777778 0.013888888888888895 0.019444444444444375
0 0.3625 0.5652777777777778 0.008333333333333304 0.016666666666666607
0 0.4486111111111111 0.5652777777777778 0.010185185185185186 0.019444444444444375
0 0.4837962962962963 0.5604166666666667 0.010185185185185186 0.015277777777777724
0 0.5037037037037038 0.5597222222222222 0.012962962962962954 0.019444444444444375
0 0.5162037037037037 0.5520833333333333 0.008333333333333304 0.018055555555555602
