0 0.8245370370370371 0.5583333333333333 0.010185185185185186 0.019444444444444375
0 0.7467592592592592 0.5638888888888889 0.01388888888888884 0.022222222222222143
0 0.43842592592592594 0.5618055555555556 0.010185185185185186 0.015277777777777724
0 0.4041666666666667 0.5708333333333333 0.010185185185185186 0.011111111111111072
0 0.6787037037037038 0.575 0.007407407407407418 0.01388888888888895
0 0.7157407407407408 0.5666666666666667 0.005555555555555647 0.01388888888888884
0 0.5504629629629629 0.5673611111111111 0.008333333333333304 0.015277777777777724
0 0.5078703703703704 0.58125 0.0064814814814814214 0.006944444444444531
0 0.5277777777777778 0.5770833333333334 0.005555555555555536 0.009722222222222299
0 0.47916666666666663 0.5770833333333334 0.006481481481481477 0.009722222222222299
0 0.4912037037037037 0.5715277777777777 0.006481481481481477 0.012499999999999956
0 0.15138888888888888 0.5861111111111111 0.006481481481481477 0.008333333333333304
0 0.21574074074074073 0.5930555555555556 0.0111111111111111 0.01388888888888884
0 0.3768518518518519 0.5791666666666666 0.003703703703703709 0.005555555555555647
0 0.41666666666666663 0.5736111111111111 0.003703703703703709 0.008333333333333304
0 0.5162037037037037 0.5680555555555555 0.002777777777777768 0.008333333333333304
0 0.5296296296296297 0.5701388888888889 0.0037037037037036535 0.00694444444444442
