0 0.7277777777777777 0.5756944444444445 0.011111111111111072 0.03749999999999998
0 0.6435185185185185 0.50625 0.029629629629629672 0.06527777777777777
0 0.3935185185185185 0.6069444444444445 0.01296296296296301 0.01388888888888895
0 0.4453703703703704 0.5965277777777778 0.003703703703703709 0.00694444444444442
0 0.4726851851851852 0.5993055555555555 0.004629629629629595 0.012499999999999956
0 0.513425925925926 0.5930555555555556 0.00462962962962965 0.008333333333333304
0 0.4300925925925926 0.5965277777777778 0.002777777777777768 0.00694444444444442
0 0.3666666666666667 0.5916666666666667 0.007407407407407363 0.008333333333333304
0 0.3773148148148148 0.5993055555555555 0.002777777777777768 0.004166666666666652
0 0.3592592592592593 0.5972222222222222 0.007407407407407418 0.008333333333333304
0 0.3486111111111111 0.6 0.00462962962962965 0.011111111111111072
0 0.34444444444444444 0.6006944444444444 0.0037037037037036535 0.009722222222222188
0 0.32592592592592595 0.6027777777777777 0.005555555555555591 0.005555555555555536
0 0.3125 0.5972222222222222 0.00462962962962965 0.008333333333333304
0 0.2833333333333333 0.5861111111111111 0.003703703703703709 0.008333333333333304
0 0.3412037037037037 0.5986111111111111 0.0027777777777778234 0.005555555555555536
0 0.3365740740740741 0.6027777777777777 0.002777777777777768 0.005555555555555536
