0 0.20787037037037037 0.6395833333333334 0.021296296296296313 0.040277777777777746
0 0.2875 0.6444444444444444 0.01759259259259255 0.01388888888888895
0 0.32453703703703707 0.6041666666666667 0.023148148148148195 0.036111111111111094
0 0.36574074074074076 0.6215277777777778 0.012962962962962954 0.009722222222222188
0 0.43333333333333335 0.6361111111111111 0.025925925925925908 0.04999999999999993
0 0.4731481481481481 0.6430555555555555 0.003703703703703709 0.008333333333333415
0 0.4800925925925926 0.6381944444444445 0.006481481481481477 0.009722222222222299
0 0.5 0.6388888888888888 0.005555555555555536 0.011111111111111183
0 0.525462962962963 0.64375 0.008333333333333415 0.012500000000000067
0 0.3990740740740741 0.6430555555555555 0.0092592592592593 0.01666666666666672
