0 0.20324074074074072 0.6479166666666667 0.01944444444444446 0.029166666666666674
0 0.2449074074074074 0.6423611111111112 0.02314814814814814 0.02083333333333337
0 0.29907407407407405 0.6027777777777779 0.0222222222222222 0.030555555555555558
0 0.3574074074074074 0.6256944444444444 0.011111111111111127 0.012499999999999956
0 0.43425925925925923 0.6277777777777778 0.009259259259259245 0.011111111111111072
0 0.45925925925925926 0.6256944444444444 0.011111111111111072 0.012499999999999956
0 0.4671296296296296 0.61875 0.008333333333333304 0.012499999999999956
0 0.4912037037037037 0.6055555555555556 0.010185185185185186 0.019444444444444486
0 0.49398148148148147 0.6347222222222222 0.019444444444444375 0.019444444444444486
0 0.4199074074074074 0.6194444444444445 0.006481481481481477 0.011111111111111072
0 0.5731481481481482 0.6041666666666666 0.005555555555555536 0.008333333333333304
0 0.6069444444444445 0.5965277777777778 0.00462962962962965 0.012499999999999956
