0 0.08703703703703702 0.6208333333333333 0.02962962962962963 0.04166666666666674
0 0.13842592592592592 0.6541666666666667 0.017592592592592604 0.03888888888888897
0 0.1962962962962963 0.6541666666666666 0.014814814814814808 0.033333333333333326
0 0.25416666666666665 0.6395833333333334 0.02314814814814814 0.043055555555555514
0 0.3875 0.6388888888888888 0.012037037037037068 0.02777777777777779
0 0.4 0.6333333333333333 0.007407407407407418 0.01666666666666672
0 0.41574074074074074 0.6416666666666666 0.005555555555555536 0.01666666666666672
0 0.4236111111111111 0.6451388888888889 0.008333333333333304 0.015277777777777835
0 0.4356481481481482 0.6361111111111111 0.010185185185185186 0.01388888888888895
0 0.4564814814814815 0.6340277777777779 0.011111111111111072 0.018055555555555602
0 0.5231481481481481 0.64375 0.0018518518518517713 0.004166666666666652
0 0.5310185185185186 0.64375 0.002777777777777768 0.004166666666666652
