0 0.08194444444444444 0.6861111111111111 0.049074074074074076 0.06944444444444442
0 0.19953703703703704 0.6215277777777778 0.00462962962962965 0.00694444444444442
0 0.22685185185185186 0.6298611111111111 0.005555555555555564 0.009722222222222188
0 0.24953703703703703 0.6201388888888889 0.006481481481481477 0.009722222222222188
0 0.27314814814814814 0.6145833333333334 0.005555555555555536 0.00694444444444442
0 0.2847222222222222 0.61875 0.006481481481481477 0.004166666666666652
0 0.3199074074074074 0.6256944444444444 0.025000000000000022 0.026388888888888795
0 0.35185185185185186 0.6270833333333334 0.016666666666666663 0.03472222222222221
0 0.3666666666666667 0.5965277777777778 0.011111111111111127 0.009722222222222188
0 0.39861111111111114 0.6152777777777778 0.010185185185185186 0.019444444444444486
0 0.500925925925926 0.5993055555555555 0.007407407407407418 0.012499999999999956
0 0.4305555555555556 0.6270833333333333 0.003703703703703709 0.009722222222222188
0 0.6222222222222222 0.5979166666666667 0.03518518518518521 0.056944444444444464
0 0.637962962962963 0.58125 0.016666666666666607 0.03749999999999998
0 0.7240740740740741 0.5673611111111111 0.031481481481481444 0.043055555555555625
