0 0.5425925925925926 0.5972222222222222 0.0092592592592593 0.016666666666666607
0 0.5310185185185186 0.5826388888888889 0.012037037037037068 0.012500000000000067
0 0.5115740740740741 0.5861111111111111 0.004629629629629539 0.01388888888888884
0 0.4736111111111111 0.6013888888888889 0.002777777777777768 0.008333333333333304
0 0.4351851851851852 0.5986111111111111 0.007407407407407418 0.011111111111111072
0 0.4078703703703704 0.5993055555555555 0.010185185185185186 0.012499999999999956
0 0.38101851851851853 0.6013888888888889 0.006481481481481477 0.008333333333333304
0 0.3611111111111111 0.5986111111111111 0.005555555555555536 0.011111111111111072
0 0.33796296296296297 0.6048611111111111 0.005555555555555536 0.009722222222222299
0 0.31574074074074077 0.5993055555555555 0.005555555555555591 0.012499999999999956
0 0.5115740740740741 0.5402777777777777 0.004629629629629539 0.005555555555555536
