0 0.1527777777777778 0.6909722222222222 0.029629629629629645 0.05138888888888893
0 0.18425925925925926 0.6048611111111111 0.011111111111111127 0.012500000000000067
0 0.22037037037037038 0.6090277777777777 0.0111111111111111 0.018055555555555602
0 0.2300925925925926 0.6138888888888889 0.006481481481481477 0.008333333333333304
0 0.24305555555555558 0.6145833333333333 0.01203703703703704 0.018055555555555602
0 0.2708333333333333 0.6090277777777777 0.010185185185185186 0.018055555555555602
0 0.29583333333333334 0.6020833333333333 0.012037037037037068 0.018055555555555602
0 0.2953703703703704 0.6326388888888889 0.011111111111111127 0.012499999999999956
0 0.3041666666666667 0.6194444444444445 0.006481481481481477 0.019444444444444375
0 0.32685185185185184 0.617361111111111 0.012962962962962954 0.018055555555555602
0 0.38657407407407407 0.6069444444444445 0.006481481481481477 0.01666666666666672
0 0.3976851851851852 0.6083333333333334 0.015740740740740722 0.019444444444444486
0 0.45185185185185184 0.6055555555555556 0.012962962962962954 0.01666666666666672
0 0.48842592592592593 0.6194444444444445 0.012037037037037068 0.022222222222222254
0 0.6342592592592593 0.6076388888888888 0.024074074074074026 0.03194444444444444
0 0.6777777777777778 0.5916666666666667 0.031481481481481444 0.05277777777777781
0 0.7703703703703704 0.5909722222222222 0.025925925925925908 0.029166666666666674
