0 0.24166666666666664 0.6618055555555555 0.05555555555555555 0.08750000000000002
0 0.5986111111111111 0.6347222222222222 0.06018518518518512 0.07777777777777783
0 0.7263888888888889 0.6347222222222222 0.03425925925925921 0.05277777777777781
0 0.8703703703703705 0.6472222222222221 0.033333333333333326 0.036111111111111094
0 0.9407407407407407 0.6229166666666667 0.022222222222222254 0.03750000000000009
0 0.9208333333333334 0.5993055555555555 0.015740740740740722 0.029166666666666674
0 0.9430555555555555 0.5881944444444445 0.02314814814814814 0.026388888888888906
0 0.8046296296296296 0.5972222222222223 0.022222222222222254 0.033333333333333326
0 0.7601851851851852 0.5986111111111112 0.03333333333333344 0.03888888888888886
0 0.6782407407407407 0.625 0.025000000000000022 0.050000000000000044
0 0.6569444444444444 0.6402777777777777 0.02129629629629637 0.036111111111111094
0 0.5597222222222222 0.575 0.02314814814814814 0.05833333333333335
0 0.549074074074074 0.6076388888888888 0.025925925925925908 0.054166666666666585
0 0.35370370370370374 0.5965277777777778 0.0222222222222222 0.029166666666666674
0 0.4134259259259259 0.6125 0.015740740740740722 0.025000000000000022
0 0.42638888888888893 0.6118055555555555 0.013888888888888895 0.03194444444444444
0 0.1837962962962963 0.6118055555555555 0.006481481481481477 0.012500000000000067
