0 0.4699074074074074 0.6020833333333333 0.010185185185185186 0.012499999999999956
0 0.49907407407407406 0.6131944444444444 0.007407407407407418 0.012500000000000067
0 0.5217592592592593 0.6076388888888888 0.008333333333333304 0.012500000000000067
0 0.5273148148148148 0.6625 0.00462962962962965 0.011111111111111072
0 0.42500000000000004 0.6215277777777778 0.009259259259259245 0.012499999999999956
0 0.4101851851851852 0.6263888888888889 0.007407407407407363 0.011111111111111072
0 0.3509259259259259 0.6256944444444444 0.007407407407407418 0.012499999999999956
0 0.4439814814814815 0.6229166666666667 0.008333333333333304 0.00694444444444442
0 0.5314814814814814 0.6083333333333334 0.005555555555555536 0.011111111111111183
0 0.5462962962962963 0.6083333333333334 0.007407407407407418 0.011111111111111183
