0 0.35 0.5465277777777777 0.009259259259259245 0.023611111111111138
0 0.3125 0.5569444444444445 0.008333333333333304 0.01388888888888884
0 0.2902777777777778 0.5506944444444444 0.010185185185185186 0.015277777777777835
0 0.7453703703703703 0.5125 0.024074074074074137 0.04444444444444445
0 0.7217592592592592 0.5159722222222223 0.015740740740740722 0.03194444444444444
0 0.39861111111111114 0.5451388888888888 0.012037037037037013 0.023611111111111138
0 0.36388888888888893 0.5513888888888889 0.009259259259259245 0.01388888888888895
0 0.3833333333333333 0.5444444444444445 0.003703703703703709 0.011111111111111183
0 0.3587962962962963 0.5486111111111112 0.00833333333333336 0.01666666666666672
0 0.15787037037037038 0.54375 0.010185185185185186 0.023611111111111138
0 0.09398148148148147 0.48541666666666666 0.019444444444444445 0.040277777777777746
