0 0.8912037037037037 0.41875 0.037962962962962976 0.05972222222222223
0 0.7819444444444444 0.275 0.05833333333333335 0.1
0 0.6634259259259259 0.47638888888888886 0.01388888888888895 0.030555555555555503
0 0.6157407407407407 0.4798611111111111 0.022222222222222254 0.029166666666666674
0 0.6013888888888889 0.4986111111111111 0.012037037037037068 0.024999999999999967
0 0.5217592592592593 0.4736111111111111 0.026851851851851904 0.041666666666666685
0 0.4828703703703704 0.5291666666666667 0.006481481481481477 0.011111111111111072
0 0.4662037037037037 0.5263888888888889 0.006481481481481477 0.011111111111111072
0 0.47453703703703703 0.5326388888888889 0.00462962962962965 0.009722222222222188
0 0.4560185185185185 0.5347222222222222 0.006481481481481477 0.01388888888888884
0 0.4236111111111111 0.5277777777777778 0.008333333333333304 0.01388888888888884
0 0.43472222222222223 0.5444444444444445 0.002777777777777768 0.005555555555555647
