0 0.2925925925925926 0.5979166666666667 0.016666666666666663 0.03194444444444444
0 0.34305555555555556 0.6159722222222223 0.00462962962962965 0.00694444444444442
0 0.37222222222222223 0.6145833333333334 0.005555555555555536 0.009722222222222188
0 0.3902777777777778 0.6180555555555556 0.00462962962962965 0.008333333333333304
0 0.4203703703703704 0.6173611111111111 0.003703703703703709 0.00694444444444442
0 0.437037037037037 0.6159722222222223 0.003703703703703709 0.00694444444444442
0 0.4481481481481482 0.6083333333333334 0.003703703703703709 0.005555555555555647
0 0.4722222222222222 0.6125 0.003703703703703709 0.005555555555555536
0 0.9078703703703703 0.5895833333333333 0.010185185185185186 0.015277777777777724
0 0.4625 0.6076388888888888 0.002777777777777768 0.006944444444444531
