0 0.762962962962963 0.51875 0.005555555555555536 0.006944444444444531
0 0.7527777777777778 0.5229166666666667 0.0037037037037037646 0.00694444444444442
0 0.6138888888888889 0.5138888888888888 0.005555555555555536 0.008333333333333415
0 0.600462962962963 0.5118055555555556 0.0064814814814815325 0.012500000000000067
0 0.5111111111111111 0.5118055555555555 0.0037037037037036535 0.00694444444444442
0 0.3814814814814815 0.48125 0.005555555555555536 0.00694444444444442
0 0.41388888888888886 0.4875 0.007407407407407363 0.005555555555555536
0 0.2300925925925926 0.4701388888888889 0.006481481481481477 0.009722222222222188
0 0.2611111111111111 0.46458333333333335 0.005555555555555536 0.012500000000000011
0 0.20972222222222223 0.4701388888888889 0.010185185185185186 0.015277777777777779
0 0.20231481481481484 0.47152777777777777 0.0046296296296296224 0.00694444444444442
0 0.25 0.5104166666666667 0.0037037037037036813 0.015277777777777835
