0 0.2111111111111111 0.5215277777777778 0.011111111111111127 0.018055555555555602
0 0.29768518518518516 0.5243055555555556 0.00833333333333336 0.012499999999999956
0 0.287962962962963 0.5284722222222222 0.005555555555555536 0.00694444444444442
0 0.5416666666666667 0.5625 0.007407407407407418 0.011111111111111072
0 0.5486111111111112 0.5236111111111111 0.00462962962962965 0.005555555555555536
0 0.5574074074074074 0.5256944444444445 0.0037037037037036535 0.009722222222222188
0 0.5189814814814815 0.5263888888888889 0.002777777777777768 0.008333333333333304
0 0.6388888888888888 0.5340277777777778 0.005555555555555647 0.00694444444444442
0 0.6245370370370371 0.5305555555555556 0.0064814814814814214 0.008333333333333304
0 0.3467592592592592 0.5263888888888889 0.006481481481481477 0.011111111111111072
