0 0.028703703703703703 0.5270833333333333 0.007407407407407404 0.015277777777777724
0 0.10046296296296296 0.5180555555555555 0.013888888888888895 0.01666666666666672
0 0.125 0.4916666666666667 0.009259259259259259 0.013888888888888895
0 0.21712962962962962 0.5055555555555555 0.006481481481481505 0.01388888888888884
0 0.4550925925925926 0.46944444444444444 0.008333333333333304 0.011111111111111072
0 0.5166666666666666 0.4736111111111111 0.007407407407407418 0.011111111111111127
0 0.5884259259259259 0.5034722222222222 0.008333333333333304 0.012499999999999956
0 0.5939814814814814 0.46111111111111114 0.008333333333333304 0.00833333333333336
0 0.7023148148148148 0.4930555555555556 0.008333333333333304 0.011111111111111127
0 0.7162037037037037 0.5083333333333333 0.010185185185185186 0.011111111111111072
0 0.700925925925926 0.46805555555555556 0.007407407407407418 0.011111111111111072
