0 0.060648148148148145 0.46805555555555556 0.006481481481481477 0.008333333333333304
0 0.15231481481481482 0.4701388888888889 0.006481481481481477 0.009722222222222188
0 0.12638888888888888 0.5104166666666667 0.006481481481481477 0.012500000000000067
0 0.19305555555555554 0.4770833333333333 0.008333333333333331 0.012500000000000011
0 0.32592592592592595 0.4722222222222222 0.009259259259259245 0.011111111111111127
0 0.23148148148148148 0.46944444444444444 0.005555555555555536 0.005555555555555536
0 0.19027777777777777 0.5097222222222222 0.0046296296296296224 0.011111111111111072
0 0.19768518518518519 0.4673611111111111 0.00833333333333336 0.009722222222222188
0 0.2569444444444444 0.4736111111111111 0.0027777777777778234 0.00833333333333336
0 0.42407407407407405 0.49236111111111114 0.007407407407407363 0.009722222222222243
0 0.43148148148148147 0.48541666666666666 0.003703703703703709 0.012499999999999956
0 0.49722222222222223 0.5125 0.003703703703703709 0.008333333333333415
0 0.6935185185185185 0.5097222222222222 0.0037037037037037646 0.008333333333333304
0 0.7916666666666667 0.5138888888888888 0.0037037037037036535 0.005555555555555647
0 0.9347222222222222 0.5215277777777778 0.004629629629629539 0.00694444444444442
0 0.17453703703703705 0.4840277777777778 0.0027777777777777957 0.009722222222222188
0 0.4273148148148148 0.5194444444444444 0.008333333333333304 0.011111111111111183
0 0.512962962962963 0.5104166666666666 0.0037037037037037646 0.009722222222222188
0 0.7106481481481481 0.5180555555555555 0.002777777777777768 0.008333333333333415
0 0.9916666666666667 0.5215277777777778 0.0037037037037036535 0.004166666666666652
