0 0.2236111111111111 0.5145833333333334 0.01203703703703704 0.018055555555555602
0 0.3907407407407407 0.5055555555555555 0.009259259259259245 0.01388888888888884
0 0.45879629629629626 0.47291666666666665 0.00833333333333336 0.009722222222222243
0 0.5023148148148149 0.4673611111111111 0.00833333333333336 0.012499999999999956
0 0.6208333333333333 0.46944444444444444 0.0064814814814815325 0.008333333333333304
0 0.029629629629629627 0.6270833333333333 0.053703703703703705 0.07361111111111107
0 0.44166666666666665 0.5034722222222222 0.007407407407407418 0.015277777777777724
0 0.49444444444444446 0.5076388888888889 0.007407407407407418 0.009722222222222188
0 0.4842592592592593 0.49097222222222225 0.007407407407407418 0.009722222222222243
0 0.5166666666666666 0.47430555555555554 0.005555555555555647 0.012500000000000011
