0 0.3384259259259259 0.51875 0.024999999999999967 0.040277777777777746
0 0.2972222222222222 0.5576388888888888 0.01851851851851849 0.03194444444444444
0 0.17407407407407408 0.42986111111111114 0.012962962962962954 0.0402777777777778
0 0.6000000000000001 0.5041666666666667 0.022222222222222254 0.03333333333333338
0 0.7324074074074074 0.4458333333333333 0.024074074074074137 0.03611111111111115
0 0.7699074074074075 0.45 0.021296296296296258 0.02777777777777779
0 0.9800925925925925 0.3611111111111111 0.026851851851851793 0.04166666666666663
0 0.9319444444444445 0.5541666666666667 0.008333333333333304 0.01388888888888884
0 0.9541666666666666 0.5569444444444445 0.010185185185185186 0.01388888888888884
0 0.5384259259259259 0.6020833333333333 0.0064814814814814214 0.015277777777777835
0 0.525 0.6826388888888889 0.0037037037037037646 0.009722222222222188
0 0.4912037037037037 0.6861111111111111 0.002777777777777768 0.005555555555555536
