0 0.976388888888889 0.6270833333333333 0.00462962962962965 0.015277777777777724
0 0.950925925925926 0.6333333333333333 0.005555555555555536 0.011111111111111072
0 0.9282407407407407 0.6361111111111111 0.0064814814814814214 0.01388888888888895
0 0.9254629629629629 0.6569444444444444 0.0064814814814814214 0.011111111111111072
0 0.913888888888889 0.6548611111111111 0.007407407407407418 0.009722222222222188
0 0.8680555555555556 0.7041666666666666 0.010185185185185186 0.011111111111111183
0 0.849537037037037 0.6541666666666667 0.010185185185185186 0.01388888888888884
0 0.7643518518518518 0.5402777777777779 0.02129629629629637 0.033333333333333326
0 0.7060185185185185 0.6659722222222222 0.0064814814814815325 0.009722222222222188
0 0.7037037037037037 0.6701388888888888 0.005555555555555536 0.009722222222222299
0 0.687962962962963 0.6819444444444445 0.005555555555555536 0.008333333333333304
0 0.6731481481481482 0.6680555555555556 0.005555555555555536 0.011111111111111183
0 0.6328703703703704 0.5208333333333333 0.019444444444444486 0.02777777777777779
0 0.5421296296296296 0.5319444444444444 0.02499999999999991 0.03888888888888897
0 0.4023148148148148 0.5347222222222223 0.01944444444444443 0.033333333333333326
0 0.22916666666666669 0.5069444444444444 0.024999999999999994 0.03888888888888892
0 0.3592592592592593 0.7256944444444444 0.003703703703703709 0.00694444444444442
0 0.12777777777777777 0.725 0.003703703703703709 0.005555555555555536
