0 0.14074074074074075 0.4909722222222222 0.020370370370370372 0.03749999999999998
0 0.3365740740740741 0.5055555555555555 0.025000000000000022 0.03888888888888892
0 0.3925925925925926 0.5298611111111111 0.020370370370370372 0.03194444444444444
0 0.8444444444444444 0.4166666666666667 0.024074074074074137 0.030555555555555558
0 0.5884259259259259 0.32291666666666663 0.03981481481481475 0.06805555555555559
0 0.20833333333333331 0.6375 0.0111111111111111 0.022222222222222254
0 0.4898148148148148 0.6868055555555556 0.0018518518518518823 0.00694444444444442
0 0.4981481481481481 0.6854166666666667 0.003703703703703709 0.004166666666666652
0 0.6486111111111111 0.6333333333333333 0.0064814814814815325 0.011111111111111072
0 0.9939814814814815 0.5513888888888889 0.008333333333333304 0.01666666666666672
0 0.9027777777777778 0.5944444444444444 0.0092592592592593 0.01388888888888884
0 0.9138888888888889 0.6166666666666667 0.005555555555555536 0.008333333333333304
