0 0.4185185185185185 0.675 0.012962962962962954 0.022222222222222254
0 0.6087962962962963 0.6812499999999999 0.01388888888888884 0.026388888888888906
0 0.8962962962962963 0.6861111111111111 0.020370370370370372 0.022222222222222143
0 0.4472222222222222 0.6819444444444445 0.005555555555555591 0.016666666666666607
0 0.11712962962962963 0.6729166666666666 0.008333333333333331 0.012500000000000067
0 0.14537037037037037 0.6722222222222223 0.007407407407407418 0.01388888888888895
0 0.17129629629629628 0.6659722222222222 0.009259259259259273 0.012500000000000067
0 0.18425925925925926 0.6722222222222223 0.007407407407407418 0.008333333333333415
0 0.32638888888888884 0.6666666666666666 0.006481481481481477 0.008333333333333304
0 0.337037037037037 0.6680555555555555 0.003703703703703709 0.005555555555555536
0 0.5828703703703704 0.6770833333333333 0.008333333333333304 0.018055555555555602
0 0.5578703703703705 0.6840277777777778 0.010185185185185186 0.009722222222222188
0 0.5375 0.6513888888888889 0.0064814814814815325 0.008333333333333304
0 0.5666666666666667 0.6423611111111112 0.007407407407407418 0.009722222222222299
0 0.5060185185185184 0.6708333333333334 0.00462962962962965 0.008333333333333415
0 0.5157407407407407 0.6659722222222222 0.0037037037037037646 0.00694444444444442
0 0.6324074074074074 0.6631944444444444 0.0037037037037037646 0.00694444444444442
0 0.9333333333333333 0.7048611111111112 0.011111111111111072 0.02083333333333337
