0 0.8736111111111111 0.5555555555555556 0.030555555555555558 0.033333333333333326
0 0.675 0.5597222222222222 0.007407407407407418 0.016666666666666607
0 0.688425925925926 0.5638888888888889 0.00462962962962965 0.016666666666666607
0 0.587962962962963 0.5694444444444444 0.01666666666666672 0.036111111111111094
0 0.49583333333333335 0.5597222222222222 0.024999999999999967 0.04166666666666674
0 0.2652777777777778 0.586111111111111 0.028703703703703676 0.02777777777777779
0 0.3731481481481481 0.5319444444444444 0.011111111111111127 0.022222222222222143
0 0.425462962962963 0.5520833333333333 0.010185185185185186 0.015277777777777835
0 0.4546296296296296 0.5576388888888889 0.009259259259259245 0.012499999999999956
0 0.3324074074074074 0.5597222222222222 0.005555555555555591 0.008333333333333304
0 0.3486111111111111 0.5604166666666667 0.00462962962962965 0.00694444444444442
0 0.312962962962963 0.5638888888888889 0.005555555555555591 0.008333333333333304
0 0.43472222222222223 0.5597222222222222 0.008333333333333304 0.008333333333333304
