0 0.974537037037037 0.6784722222222221 0.02314814814814825 0.029166666666666674
0 0.774537037037037 0.6819444444444445 0.00462962962962965 0.011111111111111072
0 0.8162037037037038 0.66875 0.0064814814814814214 0.012500000000000067
0 0.7652777777777777 0.6805555555555556 0.00462962962962965 0.008333333333333304
0 0.8351851851851853 0.675 0.0037037037037036535 0.005555555555555536
0 0.5898148148148148 0.6395833333333334 0.005555555555555536 0.009722222222222299
0 0.5013888888888889 0.6708333333333334 0.004629629629629595 0.011111111111111183
0 0.14074074074074072 0.6763888888888889 0.005555555555555564 0.011111111111111183
0 0.3773148148148148 0.6673611111111111 0.002777777777777768 0.00694444444444442
0 0.36898148148148147 0.6722222222222223 0.002777777777777768 0.005555555555555647
0 0.36111111111111116 0.6680555555555555 0.003703703703703709 0.005555555555555536
0 0.35370370370370374 0.6729166666666666 0.003703703703703709 0.006944444444444531
