0 0.47314814814814815 0.6833333333333333 0.022222222222222254 0.036111111111111094
0 0.5587962962962962 0.6527777777777778 0.025000000000000022 0.03888888888888897
0 0.6273148148148149 0.6854166666666666 0.021296296296296258 0.03194444444444444
0 0.7842592592592592 0.7180555555555556 0.01851851851851849 0.02499999999999991
0 0.7333333333333334 0.6798611111111111 0.007407407407407418 0.015277777777777724
0 0.6865740740740741 0.6756944444444444 0.008333333333333304 0.012500000000000067
0 0.7620370370370371 0.6944444444444444 0.0092592592592593 0.01388888888888884
0 0.6731481481481482 0.6729166666666666 0.0037037037037037646 0.006944444444444531
0 0.6981481481481482 0.6784722222222223 0.0037037037037036535 0.00694444444444442
0 0.5120370370370371 0.6652777777777779 0.007407407407407418 0.01388888888888895
0 0.33333333333333337 0.6729166666666666 0.003703703703703709 0.006944444444444531
0 0.3490740740740741 0.6701388888888888 0.003703703703703709 0.009722222222222299
0 0.36342592592592593 0.6722222222222223 0.006481481481481477 0.008333333333333415
0 0.01388888888888889 0.6666666666666666 0.007407407407407408 0.008333333333333304
0 0.03009259259259259 0.6722222222222223 0.002777777777777775 0.008333333333333415
