0 0.11249999999999999 0.6833333333333333 0.015740740740740736 0.02777777777777779
0 0.30925925925925923 0.5736111111111111 0.005555555555555591 0.005555555555555536
0 0.3074074074074074 0.5777777777777777 0.0018518518518518823 0.005555555555555647
0 0.3041666666666667 0.5736111111111111 0.004629629629629595 0.005555555555555536
0 0.32685185185185184 0.5736111111111111 0.003703703703703709 0.005555555555555536
0 0.39305555555555555 0.5784722222222223 0.010185185185185186 0.018055555555555602
0 0.40185185185185185 0.5701388888888889 0.007407407407407418 0.009722222222222188
0 0.3773148148148148 0.5722222222222222 0.00462962962962965 0.005555555555555536
0 0.4134259259259259 0.5805555555555555 0.008333333333333304 0.01666666666666672
0 0.5351851851851852 0.5791666666666666 0.005555555555555536 0.008333333333333415
0 0.5597222222222222 0.5701388888888889 0.012037037037037068 0.015277777777777724
0 0.5722222222222222 0.5701388888888889 0.005555555555555536 0.009722222222222188
0 0.7495370370370371 0.5562499999999999 0.021296296296296258 0.03194444444444444
0 0.813425925925926 0.5527777777777778 0.025000000000000022 0.03888888888888886
0 0.600462962962963 0.5777777777777777 0.008333333333333304 0.01388888888888895
