0 0.9078703703703703 0.5687500000000001 0.021296296296296258 0.040277777777777746
0 0.6930555555555555 0.5909722222222222 0.015740740740740722 0.03750000000000009
0 0.7162037037037037 0.5784722222222223 0.02314814814814814 0.029166666666666674
0 0.7560185185185185 0.5736111111111111 0.01388888888888884 0.02777777777777779
0 0.6648148148148147 0.5791666666666666 0.00925925925925919 0.019444444444444486
0 0.45925925925925926 0.5791666666666666 0.014814814814814836 0.025000000000000022
0 0.5620370370370371 0.5777777777777777 0.00925925925925919 0.019444444444444486
0 0.44027777777777777 0.5618055555555556 0.010185185185185186 0.01805555555555549
0 0.008333333333333333 0.6125 0.016666666666666666 0.03888888888888886
0 0.2865740740740741 0.5625 0.006481481481481477 0.011111111111111072
0 0.29907407407407405 0.5618055555555556 0.005555555555555591 0.009722222222222188
0 0.3101851851851852 0.5597222222222222 0.005555555555555536 0.008333333333333304
0 0.35185185185185186 0.5611111111111111 0.007407407407407418 0.011111111111111072
0 0.37083333333333335 0.5722222222222222 0.010185185185185186 0.01388888888888895
0 0.4023148148148148 0.5715277777777777 0.00833333333333336 0.012499999999999956
0 0.6976851851851852 0.5583333333333333 0.019444444444444375 0.025000000000000022
