0 0.3310185185185185 0.5798611111111112 0.004629629629629595 0.009722222222222299
0 0.35138888888888886 0.5784722222222223 0.004629629629629595 0.012500000000000067
0 0.4916666666666667 0.5826388888888889 0.007407407407407363 0.015277777777777835
0 0.5333333333333334 0.5736111111111111 0.012962962962962954 0.01388888888888895
0 0.549537037037037 0.56875 0.0064814814814815325 0.00694444444444442
0 0.5652777777777778 0.5680555555555555 0.008333333333333304 0.01388888888888884
0 0.6986111111111111 0.5854166666666667 0.008333333333333304 0.009722222222222188
0 0.6902777777777778 0.5673611111111111 0.008333333333333304 0.009722222222222188
0 0.7231481481481481 0.5722222222222222 0.012962962962962954 0.019444444444444486
0 0.7388888888888889 0.5673611111111111 0.012962962962962954 0.01805555555555549
0 0.7773148148148148 0.5729166666666667 0.010185185185185186 0.015277777777777835
0 0.8148148148148149 0.554861111111111 0.014814814814814725 0.03194444444444444
0 0.8652777777777778 0.5743055555555556 0.010185185185185186 0.023611111111111138
0 0.5546296296296296 0.5763888888888888 0.0037037037037036535 0.008333333333333415
