0 0.22175925925925927 0.5673611111111112 0.024999999999999994 0.03194444444444444
0 0.3041666666666667 0.5638888888888889 0.00833333333333336 0.01388888888888884
0 0.32361111111111107 0.5541666666666667 0.012037037037037013 0.01388888888888884
0 0.3421296296296296 0.5659722222222222 0.00462962962962965 0.00694444444444442
0 0.35370370370370374 0.5645833333333333 0.003703703703703709 0.004166666666666652
0 0.40925925925925927 0.5583333333333333 0.007407407407407418 0.008333333333333304
0 0.4222222222222222 0.5541666666666667 0.0092592592592593 0.01388888888888884
0 0.4703703703703703 0.5743055555555556 0.003703703703703709 0.009722222222222299
0 0.6453703703703704 0.5673611111111112 0.0185185185185186 0.023611111111111138
0 0.7333333333333333 0.5652777777777778 0.020370370370370372 0.02499999999999991
0 0.4912037037037037 0.5604166666666667 0.00462962962962965 0.009722222222222188
