0 0.9347222222222222 0.54375 0.036111111111111094 0.03472222222222221
0 0.8717592592592592 0.5666666666666667 0.028703703703703676 0.05277777777777781
0 0.8157407407407408 0.5541666666666667 0.011111111111111072 0.025000000000000022
0 0.6935185185185184 0.5638888888888889 0.012962962962962954 0.019444444444444375
0 0.575925925925926 0.5604166666666667 0.014814814814814836 0.026388888888888795
0 0.5476851851851852 0.5694444444444444 0.012037037037037068 0.019444444444444486
0 0.7856481481481481 0.5680555555555555 0.012037037037036957 0.022222222222222254
0 0.4296296296296296 0.5708333333333333 0.011111111111111127 0.022222222222222254
0 0.3935185185185185 0.5666666666666667 0.011111111111111127 0.019444444444444375
0 0.2912037037037037 0.5854166666666667 0.010185185185185186 0.012499999999999956
0 0.33611111111111114 0.5791666666666666 0.005555555555555591 0.011111111111111183
0 0.34490740740740744 0.5833333333333333 0.006481481481481477 0.011111111111111183
0 0.3597222222222222 0.5854166666666667 0.0064814814814815325 0.00694444444444442
0 0.36574074074074076 0.5770833333333334 0.007407407407407418 0.006944444444444531
0 0.375462962962963 0.5736111111111111 0.004629629629629595 0.008333333333333304
0 0.38055555555555554 0.5840277777777778 0.005555555555555591 0.009722222222222188
0 0.3226851851851852 0.5763888888888888 0.002777777777777768 0.008333333333333415
