0 0.13564814814814813 0.6215277777777778 0.008333333333333331 0.012499999999999956
0 0.16203703703703703 0.6201388888888889 0.007407407407407418 0.012499999999999956
0 0.1685185185185185 0.6194444444444445 0.005555555555555564 0.01388888888888884
0 0.175462962962963 0.61875 0.008333333333333331 0.012499999999999956
0 0.20324074074074075 0.6319444444444444 0.006481481481481477 0.011111111111111072
0 0.21712962962962962 0.6277777777777778 0.008333333333333331 0.01388888888888884
0 0.24583333333333335 0.6256944444444444 0.008333333333333331 0.012499999999999956
0 0.2791666666666667 0.6284722222222222 0.008333333333333304 0.012499999999999956
0 0.29444444444444445 0.6229166666666667 0.005555555555555536 0.00694444444444442
0 0.3 0.6277777777777778 0.007407407407407418 0.01388888888888884
0 0.3199074074074074 0.6263888888888889 0.006481481481481477 0.01388888888888884
0 0.32916666666666666 0.617361111111111 0.012037037037037068 0.018055555555555602
0 0.4648148148148148 0.6354166666666666 0.003703703703703709 0.009722222222222188
