0 0.1601851851851852 0.44375 0.018518518518518517 0.03194444444444444
0 0.21250000000000002 0.43125 0.024999999999999994 0.03750000000000003
0 0.2625 0.44375 0.017592592592592604 0.018055555555555547
0 0.3060185185185185 0.44166666666666665 0.017592592592592604 0.016666666666666663
0 0.336574074074074 0.44305555555555554 0.01944444444444443 0.024999999999999967
0 0.3800925925925926 0.46111111111111114 0.015740740740740722 0.027777777777777735
0 0.4037037037037037 0.4618055555555556 0.011111111111111127 0.012500000000000011
0 0.5699074074074073 0.4534722222222222 0.00462962962962965 0.012499999999999956
0 0.5361111111111111 0.4618055555555556 0.0037037037037037646 0.012500000000000011
0 0.8851851851851852 0.44513888888888886 0.0037037037037037646 0.009722222222222243
