0 0.1537037037037037 0.6347222222222222 0.025925925925925908 0.02777777777777779
0 0.21712962962962962 0.6305555555555555 0.017592592592592576 0.047222222222222276
0 0.3712962962962963 0.6236111111111111 0.011111111111111072 0.02499999999999991
0 0.43148148148148147 0.6125 0.003703703703703709 0.008333333333333415
0 0.5314814814814814 0.6145833333333334 0.005555555555555536 0.009722222222222188
0 0.5671296296296297 0.6090277777777777 0.002777777777777768 0.004166666666666763
0 0.5717592592592593 0.6104166666666666 0.002777777777777768 0.004166666666666763
0 0.575 0.6104166666666666 0.0018518518518518823 0.004166666666666763
0 0.5791666666666666 0.6104166666666666 0.0009259259259258856 0.004166666666666763
0 0.5837962962962963 0.6097222222222223 0.002777777777777768 0.002777777777777879
0 0.5888888888888888 0.6083333333333334 0.0018518518518518823 0.002777777777777879
0 0.5902777777777778 0.6083333333333334 0.0009259259259259967 0.002777777777777879
0 0.5949074074074074 0.6048611111111111 0.002777777777777768 0.004166666666666652
0 0.5810185185185185 0.6097222222222223 0.002777777777777768 0.002777777777777879
