0 0.1736111111111111 0.5784722222222223 0.006481481481481477 0.012500000000000067
0 0.3648148148148148 0.5701388888888889 0.005555555555555536 0.015277777777777724
0 0.41759259259259257 0.5388888888888889 0.007407407407407418 0.011111111111111072
0 0.4351851851851852 0.5388888888888889 0.007407407407407418 0.011111111111111072
0 0.4462962962962963 0.5423611111111111 0.007407407407407418 0.009722222222222299
0 0.49675925925925923 0.5243055555555556 0.006481481481481477 0.009722222222222188
0 0.5162037037037037 0.51875 0.010185185185185186 0.018055555555555602
0 0.5444444444444445 0.5166666666666666 0.00925925925925919 0.01666666666666672
0 0.5662037037037038 0.5131944444444445 0.010185185185185186 0.018055555555555602
0 0.5856481481481481 0.5055555555555555 0.010185185185185186 0.016666666666666607
0 0.6592592592592592 0.4979166666666667 0.01851851851851849 0.02916666666666662
0 0.8092592592592593 0.45555555555555555 0.024074074074074026 0.036111111111111094
0 0.8824074074074073 0.43819444444444444 0.02777777777777779 0.04861111111111116
0 0.9319444444444445 0.45972222222222225 0.028703703703703676 0.03888888888888892
0 0.32638888888888884 0.5444444444444445 0.006481481481481477 0.008333333333333415
0 0.3731481481481481 0.5402777777777777 0.007407407407407363 0.008333333333333304
0 0.38703703703703707 0.5631944444444444 0.007407407407407363 0.012499999999999956
0 0.3990740740740741 0.5368055555555555 0.005555555555555536 0.00694444444444442
0 0.312037037037037 0.5347222222222222 0.003703703703703709 0.005555555555555536
0 0.30648148148148147 0.5388888888888889 0.003703703703703709 0.005555555555555536
0 0.3087962962962963 0.5388888888888889 0.002777777777777768 0.005555555555555536
0 0.3416666666666667 0.5270833333333333 0.003703703703703709 0.004166666666666652
0 0.33287037037037037 0.5263888888888889 0.002777777777777768 0.002777777777777768
0 0.36203703703703705 0.5388888888888889 0.007407407407407418 0.011111111111111072
0 0.7222222222222222 0.4916666666666667 0.005555555555555536 0.013888888888888895
