0 0.39814814814814814 0.4638888888888889 0.011111111111111127 0.016666666666666663
0 0.3277777777777778 0.4486111111111111 0.014814814814814836 0.025000000000000022
0 0.524537037037037 0.4722222222222222 0.0064814814814815325 0.011111111111111127
0 0.4726851851851852 0.46875 0.004629629629629595 0.00694444444444442
0 0.4842592592592593 0.46805555555555556 0.005555555555555591 0.008333333333333304
0 0.5148148148148148 0.46805555555555556 0.0037037037037037646 0.008333333333333304
0 0.5407407407407407 0.4736111111111111 0.0018518518518517713 0.002777777777777768
0 0.5518518518518518 0.475 0.0037037037037036535 0.005555555555555591
0 0.5685185185185185 0.47777777777777775 0.0037037037037037646 0.005555555555555591
0 0.5791666666666666 0.4770833333333333 0.002777777777777879 0.004166666666666707
0 0.5847222222222223 0.47638888888888886 0.002777777777777768 0.005555555555555591
