0 0.1162037037037037 0.6097222222222223 0.006481481481481491 0.011111111111111183
0 0.13564814814814816 0.6097222222222223 0.006481481481481477 0.008333333333333415
0 0.14953703703703702 0.6111111111111112 0.0046296296296296224 0.005555555555555647
0 0.16898148148148148 0.6097222222222223 0.006481481481481477 0.008333333333333415
0 0.2097222222222222 0.6118055555555555 0.0046296296296296224 0.006944444444444531
0 0.1837962962962963 0.6111111111111112 0.006481481481481477 0.005555555555555647
0 0.35833333333333334 0.6027777777777779 0.012962962962962954 0.022222222222222254
0 0.47777777777777775 0.6048611111111111 0.016666666666666663 0.026388888888888906
0 0.5023148148148149 0.6284722222222223 0.00833333333333336 0.026388888888888906
0 0.6476851851851853 0.6229166666666666 0.008333333333333415 0.029166666666666674
0 0.7148148148148148 0.5951388888888889 0.005555555555555536 0.009722222222222188
0 0.7620370370370371 0.5826388888888889 0.011111111111111072 0.026388888888888906
0 0.8125 0.5874999999999999 0.017592592592592604 0.033333333333333326
0 0.8587962962962963 0.5972222222222223 0.010185185185185186 0.033333333333333326
0 0.20601851851851852 0.6652777777777779 0.015740740740740722 0.03888888888888886
0 0.2777777777777778 0.6048611111111111 0.005555555555555536 0.00694444444444442
0 0.2935185185185185 0.60625 0.005555555555555536 0.004166666666666652
0 0.30833333333333335 0.6076388888888888 0.003703703703703709 0.004166666666666763
0 0.3486111111111111 0.6020833333333333 0.006481481481481477 0.004166666666666652
0 0.3851851851851852 0.6118055555555555 0.0037037037037036535 0.006944444444444531
