0 0.9851851851851852 0.5020833333333333 0.024074074074074137 0.07361111111111107
0 0.788888888888889 0.5590277777777778 0.02777777777777779 0.04583333333333339
0 0.6365740740740741 0.5631944444444444 0.04166666666666674 0.0625
0 0.561574074074074 0.55 0.030555555555555558 0.0527777777777777
0 0.48842592592592593 0.5562499999999999 0.026851851851851904 0.040277777777777746
0 0.7171296296296297 0.5833333333333333 0.021296296296296258 0.036111111111111094
0 0.8532407407407407 0.5611111111111111 0.026851851851851904 0.05833333333333335
0 0.4601851851851852 0.5854166666666667 0.01851851851851849 0.029166666666666674
0 0.6865740740740741 0.5972222222222223 0.02314814814814814 0.025000000000000022
0 0.4412037037037037 0.5854166666666667 0.012037037037037068 0.009722222222222188
0 0.9217592592592593 0.51875 0.012037037037037068 0.02083333333333337
