0 0.8629629629629629 0.5368055555555555 0.06851851851851853 0.12361111111111112
0 0.9087962962962963 0.5590277777777778 0.04166666666666663 0.0708333333333333
0 0.7513888888888889 0.5451388888888888 0.04166666666666674 0.07083333333333341
0 0.6324074074074074 0.5493055555555555 0.042592592592592515 0.08194444444444449
0 0.44953703703703707 0.5270833333333333 0.021296296296296313 0.04027777777777786
0 0.3814814814814815 0.56875 0.012962962962962954 0.015277777777777724
0 0.5166666666666666 0.5534722222222221 0.011111111111111183 0.015277777777777835
0 0.5537037037037037 0.5541666666666667 0.0092592592592593 0.01388888888888884
0 0.36203703703703705 0.5659722222222222 0.007407407407407418 0.012499999999999956
0 0.337037037037037 0.5715277777777777 0.007407407407407418 0.012499999999999956
0 0.35555555555555557 0.5520833333333333 0.007407407407407418 0.012500000000000067
