0 0.4046296296296296 0.5388888888888889 0.007407407407407418 0.01388888888888884
0 0.42453703703703705 0.5326388888888889 0.006481481481481477 0.012499999999999956
0 0.4310185185185185 0.5277777777777778 0.010185185185185186 0.011111111111111072
0 0.47314814814814815 0.5194444444444444 0.007407407407407418 0.01388888888888895
0 0.5777777777777777 0.4965277777777778 0.007407407407407418 0.00694444444444442
0 0.6300925925925926 0.4833333333333333 0.008333333333333415 0.013888888888888895
0 0.6754629629629629 0.4819444444444444 0.010185185185185186 0.013888888888888895
0 0.3699074074074074 0.5659722222222222 0.008333333333333304 0.01805555555555549
0 0.49027777777777776 0.525 0.010185185185185186 0.01388888888888884
0 0.5175925925925926 0.50625 0.007407407407407418 0.015277777777777724
0 0.4375 0.5340277777777778 0.0064814814814815325 0.015277777777777724
0 0.39722222222222225 0.5409722222222222 0.005555555555555591 0.009722222222222188
0 0.4569444444444445 0.5277777777777778 0.006481481481481477 0.016666666666666607
