0 0.8351851851851853 0.5986111111111111 0.042592592592592626 0.047222222222222276
0 0.736574074074074 0.6145833333333333 0.06018518518518523 0.08750000000000002
0 0.6615740740740741 0.5909722222222222 0.03240740740740744 0.043055555555555625
0 0.6296296296296295 0.59375 0.01851851851851849 0.03750000000000009
0 0.6092592592592593 0.6361111111111111 0.029629629629629672 0.04999999999999993
0 0.5550925925925926 0.59375 0.02314814814814814 0.029166666666666563
0 0.4388888888888889 0.6131944444444444 0.005555555555555536 0.009722222222222299
0 0.4462962962962963 0.6138888888888889 0.005555555555555536 0.008333333333333304
0 0.42453703703703705 0.632638888888889 0.028703703703703676 0.043055555555555514
0 0.29212962962962963 0.6395833333333334 0.0064814814814815325 0.006944444444444531
0 0.26342592592592595 0.6409722222222223 0.004629629629629595 0.009722222222222299
0 0.5087962962962963 0.75 0.11388888888888893 0.18888888888888888
0 0.01898148148148148 0.6590277777777778 0.03796296296296296 0.20694444444444438
