0 0.025925925925925925 0.7104166666666667 0.03148148148148148 0.040277777777777746
0 0.08101851851851852 0.6993055555555556 0.028703703703703703 0.043055555555555514
0 0.22453703703703703 0.663888888888889 0.015740740740740722 0.019444444444444486
0 0.24166666666666667 0.6430555555555555 0.011111111111111127 0.01666666666666672
0 0.3023148148148148 0.6520833333333333 0.02314814814814814 0.03472222222222221
0 0.3282407407407407 0.6263888888888889 0.00833333333333336 0.022222222222222143
0 0.3388888888888889 0.6520833333333333 0.012962962962962954 0.026388888888888906
0 0.36203703703703705 0.7694444444444444 0.03518518518518521 0.04999999999999993
0 0.36064814814814816 0.6333333333333333 0.010185185185185186 0.011111111111111072
0 0.3740740740740741 0.6298611111111111 0.011111111111111127 0.015277777777777724
0 0.4023148148148148 0.6048611111111111 0.013888888888888895 0.02083333333333337
0 0.4337962962962963 0.6930555555555555 0.036111111111111094 0.05555555555555558
0 0.4361111111111111 0.61875 0.0092592592592593 0.01805555555555549
0 0.47962962962962963 0.6298611111111112 0.014814814814814836 0.03194444444444444
0 0.5273148148148148 0.6152777777777778 0.015740740740740722 0.033333333333333326
0 0.6111111111111112 0.5868055555555556 0.005555555555555647 0.009722222222222188
0 0.6365740740740742 0.5756944444444445 0.010185185185185186 0.018055555555555602
0 0.6509259259259259 0.5875 0.007407407407407418 0.016666666666666607
0 0.6888888888888889 0.5659722222222222 0.014814814814814836 0.02083333333333326
0 0.7787037037037037 0.5756944444444445 0.012962962962962954 0.012500000000000067
0 0.8138888888888889 0.5520833333333333 0.011111111111111072 0.018055555555555602
0 0.8481481481481481 0.5458333333333334 0.01666666666666672 0.019444444444444486
0 0.8828703703703704 0.5472222222222223 0.012037037037036957 0.019444444444444486
0 0.3472222222222222 0.6319444444444444 0.009259259259259245 0.008333333333333304
0 0.7615740740740742 0.5770833333333334 0.010185185185185186 0.05138888888888882
