0 0.8194444444444444 0.6256944444444444 0.020370370370370372 0.05138888888888893
0 0.5087962962962963 0.6284722222222223 0.015740740740740833 0.026388888888888906
0 0.49629629629629635 0.5923611111111111 0.016666666666666663 0.023611111111111027
0 0.4703703703703704 0.6138888888888889 0.020370370370370372 0.02777777777777779
0 0.3759259259259259 0.6256944444444444 0.0222222222222222 0.04027777777777786
0 0.38796296296296295 0.6034722222222222 0.012962962962962954 0.015277777777777835
0 0.35694444444444445 0.6180555555555556 0.015740740740740722 0.019444444444444486
0 0.32407407407407407 0.6347222222222222 0.020370370370370372 0.04166666666666663
0 0.39305555555555555 0.7083333333333334 0.045370370370370394 0.05555555555555558
0 0.2833333333333333 0.6166666666666667 0.011111111111111072 0.01666666666666672
0 0.2935185185185185 0.6208333333333333 0.0092592592592593 0.01388888888888884
0 0.2712962962962963 0.6166666666666667 0.007407407407407418 0.01388888888888884
0 0.26342592592592595 0.6215277777777778 0.00833333333333336 0.00694444444444442
0 0.25416666666666665 0.6166666666666667 0.00833333333333336 0.01388888888888884
0 0.20694444444444443 0.6236111111111111 0.0046296296296296224 0.008333333333333304
0 0.19074074074074074 0.6208333333333333 0.007407407407407418 0.01388888888888884
0 0.2777777777777778 0.6201388888888889 0.005555555555555536 0.009722222222222188
0 0.22685185185185186 0.6090277777777777 0.007407407407407418 0.009722222222222299
