0 0.7555555555555555 0.51875 0.07592592592592595 0.1152777777777777
0 0.9166666666666667 0.5645833333333334 0.01666666666666672 0.03194444444444444
0 0.8787037037037038 0.5736111111111111 0.012962962962962954 0.033333333333333326
0 0.9208333333333334 0.5159722222222223 0.012037037037036957 0.018055555555555602
0 0.3902777777777778 0.5965277777777778 0.008333333333333304 0.015277777777777724
0 0.4337962962962963 0.5868055555555556 0.008333333333333304 0.015277777777777724
0 0.41574074074074074 0.5861111111111111 0.007407407407407418 0.01388888888888884
0 0.5375 0.5722222222222222 0.012037037037037068 0.01666666666666672
0 0.5449074074074074 0.5631944444444444 0.0064814814814815325 0.012499999999999956
0 0.4638888888888889 0.5590277777777777 0.016666666666666663 0.029166666666666674
