0 0.011111111111111112 0.6958333333333333 0.022222222222222223 0.16666666666666663
0 0.2652777777777778 0.6402777777777777 0.0064814814814815325 0.011111111111111183
0 0.29027777777777775 0.6368055555555556 0.006481481481481477 0.009722222222222299
0 0.3592592592592593 0.6347222222222222 0.005555555555555591 0.01388888888888895
0 0.374537037037037 0.6319444444444444 0.00833333333333336 0.01388888888888884
0 0.4023148148148148 0.6125 0.006481481481481477 0.005555555555555536
0 0.4537037037037037 0.6048611111111111 0.003703703703703709 0.009722222222222299
0 0.5268518518518519 0.5951388888888889 0.007407407407407418 0.015277777777777724
0 0.6328703703703704 0.6090277777777777 0.04166666666666663 0.05694444444444435
0 0.6972222222222222 0.5805555555555555 0.014814814814814836 0.025000000000000022
