0 0.23472222222222222 0.5763888888888888 0.015740740740740722 0.019444444444444486
0 0.28055555555555556 0.5736111111111111 0.012962962962962954 0.01666666666666672
0 0.40694444444444444 0.6270833333333333 0.03240740740740744 0.023611111111111027
0 0.38981481481481484 0.5354166666666667 0.007407407407407418 0.015277777777777724
0 0.4111111111111111 0.5465277777777777 0.011111111111111127 0.018055555555555602
0 0.4462962962962963 0.5319444444444444 0.011111111111111072 0.019444444444444375
0 0.46064814814814814 0.5180555555555555 0.013888888888888895 0.022222222222222254
0 0.49027777777777776 0.5048611111111111 0.010185185185185186 0.01805555555555549
0 0.5921296296296297 0.5173611111111112 0.010185185185185186 0.018055555555555602
0 0.5273148148148148 0.5152777777777777 0.010185185185185186 0.01388888888888895
