0 0.45416666666666666 0.5763888888888888 0.025000000000000022 0.047222222222222165
0 0.5032407407407408 0.5270833333333333 0.01018518518518513 0.01805555555555549
0 0.5023148148148148 0.5083333333333333 0.012037037037037013 0.011111111111111072
0 0.5273148148148148 0.50625 0.010185185185185186 0.015277777777777724
0 0.5518518518518518 0.5125 0.012962962962962954 0.019444444444444486
0 0.6379629629629631 0.47916666666666663 0.012962962962962954 0.01944444444444443
0 0.6657407407407407 0.4673611111111111 0.016666666666666607 0.023611111111111138
0 0.8351851851851853 0.45902777777777776 0.01666666666666672 0.03472222222222221
0 0.23055555555555557 0.5555555555555556 0.00740740740740739 0.02777777777777779
0 0.7902777777777779 0.49236111111111114 0.010185185185185186 0.012500000000000011
