0 0.32314814814814813 0.5486111111111112 0.020370370370370372 0.033333333333333326
0 0.7652777777777777 0.5201388888888889 0.008333333333333415 0.012500000000000067
0 0.7782407407407408 0.5076388888888889 0.008333333333333415 0.009722222222222188
0 0.7481481481481481 0.5222222222222223 0.005555555555555536 0.008333333333333304
0 0.4842592592592593 0.5631944444444444 0.007407407407407418 0.00694444444444442
0 0.5671296296296297 0.5513888888888889 0.002777777777777768 0.008333333333333304
0 0.5699074074074074 0.5541666666666667 0.002777777777777768 0.005555555555555536
0 0.5884259259259259 0.5541666666666667 0.002777777777777768 0.005555555555555536
0 0.5777777777777777 0.5451388888888888 0.0037037037037036535 0.006944444444444531
0 0.7162037037037037 0.5291666666666667 0.002777777777777768 0.005555555555555536
0 0.7189814814814814 0.5263888888888889 0.002777777777777768 0.005555555555555536
0 0.7537037037037038 0.5180555555555555 0.005555555555555647 0.008333333333333415
