0 0.6791666666666667 0.5993055555555555 0.03425925925925921 0.056944444444444464
0 0.762962962962963 0.6104166666666667 0.03888888888888897 0.0625
0 0.5055555555555555 0.617361111111111 0.020370370370370372 0.029166666666666674
0 0.12685185185185185 0.6069444444444445 0.014814814814814822 0.022222222222222254
0 0.19814814814814813 0.6013888888888889 0.009259259259259273 0.01388888888888884
0 0.23333333333333334 0.6055555555555556 0.007407407407407418 0.011111111111111183
0 0.17638888888888887 0.6041666666666667 0.008333333333333331 0.011111111111111183
0 0.16157407407407406 0.6118055555555555 0.006481481481481477 0.012500000000000067
0 0.6046296296296296 0.6083333333333334 0.007407407407407307 0.011111111111111183
0 0.21296296296296297 0.6069444444444445 0.007407407407407418 0.011111111111111183
0 0.22314814814814815 0.6097222222222223 0.005555555555555536 0.008333333333333415
0 0.24259259259259258 0.6090277777777777 0.00740740740740739 0.009722222222222299
0 0.31666666666666665 0.6055555555555556 0.005555555555555536 0.008333333333333415
0 0.29027777777777775 0.6048611111111111 0.006481481481481477 0.00694444444444442
