0 0.18101851851851852 0.6618055555555555 0.017592592592592604 0.029166666666666674
0 0.2513888888888889 0.6215277777777777 0.015740740740740722 0.026388888888888906
0 0.28101851851851856 0.6291666666666667 0.013888888888888895 0.019444444444444375
0 0.2916666666666667 0.625 0.007407407407407418 0.01388888888888884
0 0.3111111111111111 0.6104166666666666 0.0092592592592593 0.009722222222222299
0 0.3453703703703704 0.6208333333333333 0.012962962962962954 0.01388888888888884
0 0.274537037037037 0.6145833333333334 0.006481481481481477 0.009722222222222188
0 0.3685185185185185 0.6131944444444444 0.005555555555555536 0.009722222222222299
0 0.4111111111111111 0.6243055555555556 0.011111111111111127 0.02083333333333326
0 0.475 0.5923611111111111 0.020370370370370372 0.03472222222222232
0 0.5064814814814815 0.5979166666666667 0.005555555555555647 0.012499999999999956
0 0.19814814814814816 0.6180555555555556 0.003703703703703709 0.008333333333333304
0 0.2097222222222222 0.6215277777777778 0.0046296296296296224 0.00694444444444442
0 0.2662037037037037 0.6659722222222222 0.05092592592592596 0.04861111111111105
0 0.7300925925925925 0.5756944444444445 0.00462962962962965 0.009722222222222299
0 0.3824074074074074 0.6020833333333333 0.003703703703703709 0.00694444444444442
0 0.38842592592592595 0.6041666666666666 0.0027777777777778234 0.008333333333333304
0 0.861574074074074 0.5548611111111111 0.002777777777777768 0.00694444444444442
