0 0.17083333333333334 0.6090277777777777 0.006481481481481477 0.009722222222222299
0 0.1837962962962963 0.6118055555555555 0.0046296296296296224 0.006944444444444531
0 0.2050925925925926 0.6048611111111111 0.008333333333333331 0.012500000000000067
0 0.23796296296296296 0.6041666666666667 0.011111111111111127 0.01666666666666672
0 0.2657407407407407 0.6159722222222221 0.007407407407407418 0.015277777777777835
0 0.29444444444444445 0.60625 0.005555555555555536 0.006944444444444531
0 0.5643518518518519 0.6916666666666667 0.04907407407407405 0.04166666666666674
0 0.7462962962962962 0.58125 0.011111111111111183 0.023611111111111138
0 0.799074074074074 0.5819444444444444 0.012962962962962954 0.025000000000000022
0 0.23981481481481481 0.6652777777777779 0.014814814814814836 0.03888888888888886
0 0.3384259259259259 0.6069444444444445 0.006481481481481477 0.008333333333333415
