0 0.29259259259259257 0.5736111111111111 0.020370370370370372 0.030555555555555558
0 0.35138888888888886 0.6256944444444444 0.012037037037037013 0.026388888888888795
0 0.37037037037037035 0.6020833333333333 0.005555555555555591 0.012499999999999956
0 0.3837962962962963 0.5923611111111111 0.006481481481481477 0.015277777777777724
0 0.3925925925925926 0.5993055555555555 0.012962962962962954 0.02083333333333337
0 0.43333333333333335 0.6138888888888889 0.016666666666666663 0.02777777777777779
0 0.46296296296296297 0.5895833333333333 0.012962962962962954 0.02083333333333326
0 0.4800925925925926 0.5986111111111112 0.015740740740740777 0.025000000000000022
0 0.49398148148148147 0.5986111111111111 0.00833333333333336 0.008333333333333304
0 0.5138888888888888 0.5902777777777778 0.011111111111111183 0.022222222222222143
0 0.5638888888888889 0.5854166666666667 0.011111111111111072 0.018055555555555602
0 0.5912037037037037 0.5958333333333333 0.012037037037037068 0.019444444444444375
0 0.6587962962962963 0.5777777777777777 0.02314814814814814 0.033333333333333326
0 0.7240740740740741 0.5763888888888888 0.012962962962962954 0.030555555555555558
0 0.9583333333333333 0.5722222222222222 0.012962962962962954 0.033333333333333326
0 0.8967592592592593 0.6215277777777777 0.02314814814814814 0.026388888888888906
