0 0.8125 0.61875 0.008333333333333304 0.01805555555555549
0 0.8583333333333334 0.6187499999999999 0.00925925925925919 0.02083333333333337
0 0.46944444444444444 0.6097222222222223 0.005555555555555536 0.01666666666666672
0 0.42824074074074076 0.5916666666666667 0.010185185185185186 0.01388888888888884
0 0.46574074074074073 0.6027777777777779 0.007407407407407418 0.01666666666666672
0 0.33101851851851855 0.6048611111111111 0.010185185185185186 0.018055555555555602
0 0.32037037037037036 0.6111111111111112 0.007407407407407418 0.01388888888888895
0 0.30972222222222223 0.6034722222222222 0.006481481481481477 0.015277777777777835
0 0.29444444444444445 0.6020833333333333 0.007407407407407418 0.012499999999999956
0 0.27361111111111114 0.6013888888888889 0.00833333333333336 0.01388888888888884
0 0.2837962962962963 0.6013888888888889 0.006481481481481477 0.01388888888888884
0 0.22361111111111112 0.6069444444444445 0.006481481481481477 0.01388888888888895
0 0.2300925925925926 0.6 0.006481481481481477 0.011111111111111072
0 0.36342592592592593 0.65625 0.015740740740740722 0.026388888888888795
0 0.40555555555555556 0.6048611111111111 0.012962962962962954 0.012500000000000067
0 0.2013888888888889 0.6131944444444444 0.006481481481481477 0.009722222222222299
0 0.2662037037037037 0.6041666666666667 0.006481481481481477 0.011111111111111183
0 0.10416666666666667 0.6097222222222223 0.008333333333333331 0.008333333333333415
