0 0.8106481481481482 0.3472222222222222 0.021296296296296258 0.036111111111111094
0 0.7717592592592593 0.3729166666666667 0.010185185185185186 0.015277777777777779
0 0.48055555555555557 0.4201388888888889 0.005555555555555536 0.00694444444444442
0 0.48796296296296293 0.4215277777777778 0.005555555555555591 0.009722222222222188
0 0.5009259259259259 0.425 0.00555555555555548 0.005555555555555536
0 0.6222222222222222 0.4048611111111111 0.007407407407407418 0.00694444444444442
0 0.5587962962962962 0.4131944444444444 0.0064814814814814214 0.009722222222222243
0 0.9930555555555556 0.33819444444444446 0.010185185185185186 0.015277777777777779
0 0.32361111111111107 0.4625 0.006481481481481477 0.013888888888888895
0 0.3851851851851852 0.4409722222222222 0.0037037037037036535 0.00694444444444442
0 0.3962962962962963 0.4388888888888889 0.005555555555555536 0.005555555555555536
0 0.4064814814814815 0.43680555555555556 0.005555555555555536 0.00694444444444442
0 0.4111111111111111 0.4340277777777778 0.003703703703703709 0.00694444444444442
0 0.4291666666666667 0.42847222222222225 0.0027777777777778234 0.004166666666666707
0 0.4263888888888889 0.43194444444444446 0.002777777777777768 0.002777777777777768
0 0.45046296296296295 0.42708333333333337 0.002777777777777768 0.006944444444444475
0 0.462037037037037 0.42708333333333337 0.005555555555555536 0.006944444444444475
0 0.3680555555555556 0.4409722222222222 0.004629629629629595 0.00694444444444442
