0 0.600462962962963 0.5972222222222222 0.037962962962962976 0.05555555555555558
0 0.6337962962962963 0.6118055555555555 0.019444444444444375 0.03749999999999998
0 0.5435185185185185 0.5875 0.016666666666666607 0.01388888888888884
0 0.576851851851852 0.60625 0.012962962962962954 0.023611111111111138
0 0.4638888888888889 0.6166666666666667 0.005555555555555536 0.011111111111111072
0 0.5101851851851852 0.6118055555555555 0.005555555555555536 0.009722222222222299
0 0.4532407407407407 0.6222222222222222 0.006481481481481477 0.011111111111111072
0 0.2226851851851852 0.6819444444444445 0.008333333333333331 0.011111111111111072
0 0.2935185185185185 0.6395833333333334 0.005555555555555536 0.009722222222222299
0 0.28425925925925927 0.6368055555555556 0.007407407407407418 0.009722222222222299
0 0.27268518518518514 0.6472222222222223 0.006481481481481477 0.011111111111111072
0 0.44166666666666665 0.6229166666666667 0.005555555555555536 0.00694444444444442
