0 0.36296296296296293 0.56875 0.009259259259259245 0.015277777777777724
0 0.40509259259259256 0.5388888888888889 0.00833333333333336 0.01388888888888884
0 0.4111111111111111 0.53125 0.007407407407407418 0.009722222222222188
0 0.43194444444444446 0.5326388888888889 0.00833333333333336 0.012499999999999956
0 0.4597222222222222 0.5159722222222223 0.010185185185185186 0.015277777777777835
0 0.48657407407407405 0.5222222222222221 0.013888888888888895 0.02777777777777779
0 0.5074074074074074 0.5243055555555556 0.0092592592592593 0.015277777777777724
0 0.5310185185185186 0.4861111111111111 0.012037037037037068 0.025000000000000022
0 0.5694444444444444 0.4986111111111111 0.012962962962962954 0.01944444444444443
0 0.46805555555555556 0.5590277777777778 0.030555555555555558 0.04583333333333339
0 0.6273148148148149 0.49444444444444446 0.01388888888888895 0.027777777777777735
0 0.6916666666666667 0.4819444444444444 0.005555555555555536 0.013888888888888895
0 0.700462962962963 0.4784722222222222 0.008333333333333304 0.015277777777777779
0 0.7203703703703703 0.4673611111111111 0.011111111111111183 0.015277777777777779
0 0.7546296296296295 0.4708333333333333 0.012962962962962954 0.02777777777777779
0 0.8240740740740741 0.4340277777777778 0.014814814814814836 0.023611111111111138
0 0.8416666666666667 0.4444444444444444 0.0185185185185186 0.024999999999999967
