0 0.587037037037037 0.39513888888888893 0.012962962962962954 0.023611111111111083
0 0.5087962962962963 0.4222222222222222 0.004629629629629539 0.008333333333333304
0 0.5569444444444445 0.4131944444444444 0.008333333333333304 0.009722222222222243
0 0.46435185185185185 0.4305555555555556 0.00462962962962965 0.00833333333333336
0 0.45185185185185184 0.42638888888888893 0.005555555555555536 0.00833333333333336
0 0.8032407407407407 0.37916666666666665 0.0064814814814814214 0.00833333333333336
0 0.7796296296296297 0.3868055555555555 0.011111111111111183 0.012500000000000011
0 0.32361111111111107 0.4625 0.006481481481481477 0.016666666666666663
0 0.37962962962962965 0.44027777777777777 0.003703703703703709 0.005555555555555536
0 0.38703703703703707 0.44166666666666665 0.005555555555555591 0.002777777777777768
0 0.3916666666666667 0.4395833333333333 0.003703703703703709 0.004166666666666652
0 0.4013888888888889 0.43680555555555556 0.002777777777777768 0.00694444444444442
0 0.4111111111111111 0.43333333333333335 0.003703703703703709 0.005555555555555536
0 0.4291666666666667 0.4291666666666667 0.0027777777777778234 0.005555555555555591
