0 0.26249999999999996 0.6395833333333334 0.006481481481481477 0.006944444444444531
0 0.2708333333333333 0.6465277777777778 0.010185185185185186 0.015277777777777835
0 0.28935185185185186 0.6423611111111112 0.010185185185185186 0.015277777777777835
0 0.30972222222222223 0.6368055555555556 0.006481481481481477 0.009722222222222299
0 0.3194444444444444 0.6291666666666667 0.005555555555555591 0.011111111111111072
0 0.3212962962962963 0.64375 0.0092592592592593 0.012500000000000067
0 0.3310185185185185 0.6340277777777777 0.004629629629629595 0.009722222222222188
0 0.3388888888888889 0.6388888888888888 0.005555555555555536 0.01388888888888895
0 0.35324074074074074 0.6347222222222222 0.008333333333333304 0.01388888888888895
0 0.3675925925925926 0.6326388888888889 0.007407407407407418 0.009722222222222188
0 0.4 0.6215277777777778 0.007407407407407418 0.012499999999999956
0 0.4217592592592593 0.6145833333333334 0.006481481481481477 0.009722222222222188
0 0.4087962962962963 0.6208333333333333 0.006481481481481477 0.005555555555555536
0 0.4550925925925926 0.6118055555555555 0.00462962962962965 0.006944444444444531
0 0.49074074074074076 0.6020833333333333 0.005555555555555536 0.012499999999999956
0 0.6694444444444445 0.575 0.00925925925925919 0.011111111111111183
