0 0.36296296296296293 0.6604166666666667 0.007407407407407363 0.015277777777777724
0 0.4462962962962963 0.6277777777777778 0.011111111111111072 0.02777777777777779
0 0.49722222222222223 0.6111111111111112 0.0092592592592593 0.019444444444444486
0 0.5226851851851853 0.6076388888888888 0.012037037037036957 0.018055555555555602
0 0.7078703703703704 0.570138888888889 0.026851851851851904 0.03749999999999998
0 0.2763888888888889 0.6347222222222222 0.006481481481481477 0.008333333333333304
0 0.28935185185185186 0.6388888888888888 0.006481481481481477 0.011111111111111183
0 0.3023148148148148 0.6333333333333333 0.00462962962962965 0.008333333333333304
0 0.3310185185185185 0.6333333333333333 0.006481481481481477 0.008333333333333304
0 0.3550925925925926 0.6298611111111111 0.004629629629629595 0.009722222222222188
