0 0.20787037037037037 0.625 0.00462962962962965 0.008333333333333304
0 0.2412037037037037 0.6298611111111111 0.006481481481481477 0.009722222222222188
0 0.2652777777777778 0.6180555555555556 0.0064814814814815325 0.011111111111111072
0 0.28703703703703703 0.6173611111111111 0.007407407407407418 0.009722222222222188
0 0.3143518518518519 0.6263888888888889 0.006481481481481477 0.008333333333333304
0 0.35 0.6256944444444444 0.007407407407407418 0.009722222222222188
0 0.45787037037037037 0.5958333333333334 0.019444444444444486 0.033333333333333326
0 0.5037037037037037 0.6104166666666666 0.01481481481481478 0.026388888888888906
0 0.5884259259259259 0.6090277777777777 0.047222222222222276 0.05972222222222212
0 0.6388888888888888 0.6263888888888889 0.024074074074074026 0.05833333333333335
