0 0.9476851851851852 0.65625 0.05648148148148158 0.06805555555555554
0 0.9305555555555556 0.575 0.02777777777777779 0.02777777777777779
0 0.8851851851851852 0.617361111111111 0.016666666666666607 0.03472222222222221
0 0.8564814814814814 0.6319444444444444 0.02777777777777779 0.025000000000000022
0 0.837962962962963 0.5868055555555556 0.022222222222222254 0.03194444444444444
0 0.7550925925925926 0.59375 0.03425925925925932 0.054166666666666696
0 0.7935185185185185 0.5972222222222222 0.033333333333333326 0.04444444444444451
0 0.6842592592592593 0.6020833333333333 0.033333333333333326 0.04583333333333328
0 0.6583333333333333 0.6000000000000001 0.014814814814814836 0.025000000000000022
0 0.4351851851851852 0.6347222222222222 0.01851851851851849 0.030555555555555558
0 0.3143518518518519 0.6263888888888889 0.013888888888888895 0.02777777777777768
0 0.28194444444444444 0.6277777777777778 0.015740740740740722 0.02777777777777779
0 0.2550925925925926 0.6041666666666667 0.013888888888888867 0.022222222222222254
0 0.22592592592592592 0.6090277777777777 0.018518518518518517 0.026388888888888906
0 0.499537037037037 0.625 0.008333333333333304 0.01388888888888884
0 0.3263888888888889 0.6055555555555556 0.00462962962962965 0.008333333333333415
