0 0.16898148148148148 0.6076388888888888 0.006481481481481477 0.009722222222222299
0 0.18333333333333335 0.6104166666666666 0.005555555555555564 0.009722222222222299
0 0.2111111111111111 0.60625 0.011111111111111127 0.012500000000000067
0 0.2412037037037037 0.6159722222222223 0.008333333333333331 0.012499999999999956
0 0.2939814814814815 0.6055555555555556 0.004629629629629595 0.008333333333333415
0 0.5009259259259259 0.6222222222222222 0.009259259259259245 0.008333333333333304
0 0.5462962962962963 0.6125 0.016666666666666607 0.019444444444444486
0 0.7444444444444445 0.5763888888888888 0.011111111111111072 0.01666666666666672
0 0.8004629629629629 0.5777777777777777 0.017592592592592604 0.019444444444444486
0 0.8541666666666666 0.60625 0.008333333333333304 0.026388888888888906
0 0.9476851851851852 0.6583333333333334 0.03240740740740744 0.033333333333333326
0 0.5689814814814815 0.8506944444444444 0.062037037037037 0.20138888888888884
