0 0.10648148148148148 0.6111111111111112 0.005555555555555564 0.008333333333333415
0 0.24027777777777776 0.6006944444444444 0.0046296296296296224 0.00694444444444442
0 0.24768518518518517 0.6118055555555555 0.0046296296296296224 0.009722222222222299
0 0.3523148148148148 0.60625 0.00462962962962965 0.006944444444444531
0 0.5333333333333334 0.601388888888889 0.007407407407407418 0.022222222222222254
0 0.524537037037037 0.6131944444444444 0.01388888888888884 0.029166666666666674
0 0.5652777777777778 0.6083333333333334 0.01388888888888884 0.01388888888888895
0 0.5509259259259259 0.6229166666666667 0.012962962962963065 0.02083333333333326
0 0.5782407407407407 0.6451388888888889 0.017592592592592604 0.018055555555555602
0 0.587962962962963 0.6131944444444444 0.01666666666666672 0.026388888888888906
0 0.6148148148148148 0.5993055555555555 0.014814814814814836 0.015277777777777724
0 0.6111111111111112 0.6520833333333333 0.022222222222222254 0.043055555555555625
0 0.6773148148148148 0.6583333333333333 0.03981481481481475 0.07777777777777772
0 0.7379629629629629 0.632638888888889 0.01851851851851849 0.043055555555555514
0 0.7620370370370371 0.6104166666666666 0.022222222222222254 0.043055555555555514
0 0.799074074074074 0.6375 0.0537037037037037 0.07777777777777783
0 0.4861111111111111 0.6416666666666666 0.03888888888888886 0.05555555555555547
0 0.30324074074074076 0.6881944444444444 0.025000000000000022 0.06527777777777777
0 0.22037037037037038 0.6520833333333333 0.012962962962962982 0.03194444444444444
