0 0.006944444444444444 0.6131944444444444 0.012037037037037037 0.029166666666666674
0 0.4078703703703703 0.5034722222222222 0.01944444444444443 0.03750000000000003
0 0.813425925925926 0.44583333333333336 0.019444444444444486 0.030555555555555558
0 0.32361111111111107 0.5555555555555556 0.006481481481481477 0.008333333333333304
0 0.33425925925925926 0.5527777777777778 0.005555555555555536 0.008333333333333304
0 0.3472222222222222 0.5423611111111111 0.007407407407407418 0.00694444444444442
0 0.337037037037037 0.5444444444444445 0.005555555555555536 0.005555555555555647
0 0.42592592592592593 0.5270833333333333 0.005555555555555536 0.00694444444444442
0 0.43842592592592594 0.5305555555555556 0.00462962962962965 0.008333333333333304
0 0.4925925925925926 0.5201388888888889 0.003703703703703709 0.00694444444444442
0 0.49675925925925923 0.5180555555555555 0.004629629629629595 0.005555555555555647
0 0.4925925925925926 0.5722222222222222 0.011111111111111127 0.019444444444444486
0 0.5092592592592593 0.5173611111111112 0.0018518518518518823 0.006944444444444531
0 0.5472222222222223 0.5083333333333333 0.0037037037037036535 0.008333333333333304
0 0.5791666666666666 0.5159722222222223 0.00462962962962965 0.004166666666666763
0 0.5689814814814815 0.5208333333333334 0.00462962962962965 0.005555555555555536
