0 0.6703703703703704 0.5652777777777778 0.005555555555555536 0.005555555555555536
0 0.6541666666666667 0.5722222222222222 0.004629629629629539 0.008333333333333304
0 0.637962962962963 0.5743055555555556 0.011111111111111072 0.012500000000000067
0 0.4842592592592593 0.6069444444444445 0.012962962962962954 0.0527777777777777
0 0.4361111111111111 0.6041666666666667 0.0092592592592593 0.019444444444444486
0 0.3277777777777778 0.6215277777777778 0.0092592592592593 0.012499999999999956
0 0.287962962962963 0.6097222222222223 0.011111111111111127 0.036111111111111094
0 0.09398148148148149 0.5930555555555556 0.01203703703703704 0.04166666666666674
0 0.0800925925925926 0.6083333333333334 0.01759259259259259 0.0444444444444444
0 0.07314814814814814 0.7 0.04259259259259259 0.0805555555555556
0 0.6064814814814814 0.6409722222222223 0.01851851851851849 0.04583333333333328
