0 0.04444444444444444 0.5270833333333333 0.01296296296296296 0.023611111111111138
0 0.12824074074074074 0.6048611111111111 0.008333333333333345 0.018055555555555602
0 0.1574074074074074 0.6125 0.012962962962962954 0.019444444444444486
0 0.1875 0.507638888888889 0.00833333333333336 0.018055555555555602
0 0.2199074074074074 0.5083333333333333 0.006481481481481477 0.011111111111111072
0 0.4560185185185185 0.4701388888888889 0.00833333333333336 0.009722222222222188
0 0.5504629629629629 0.4604166666666667 0.0064814814814814214 0.015277777777777779
0 0.9226851851851852 0.49930555555555556 0.008333333333333304 0.018055555555555547
0 0.4930555555555556 0.47152777777777777 0.012037037037037013 0.020833333333333315
0 0.7143518518518519 0.46319444444444446 0.00462962962962965 0.009722222222222243
0 0.950462962962963 0.4673611111111111 0.0064814814814815325 0.012499999999999956
