0 0.3453703703703704 0.5465277777777777 0.007407407407407418 0.012500000000000067
0 0.3296296296296296 0.5527777777777778 0.009259259259259245 0.01388888888888895
0 0.3125 0.5569444444444445 0.008333333333333304 0.016666666666666607
0 0.29212962962962963 0.5611111111111111 0.0064814814814815325 0.008333333333333304
0 0.28564814814814815 0.5541666666666667 0.00462962962962965 0.008333333333333304
0 0.24722222222222223 0.5611111111111111 0.003703703703703709 0.005555555555555536
0 0.02962962962962963 0.5444444444444445 0.040740740740740744 0.0527777777777777
0 0.09351851851851851 0.5493055555555555 0.037037037037037035 0.040277777777777746
0 0.8560185185185185 0.49930555555555556 0.017592592592592604 0.03750000000000003
0 0.9101851851851852 0.5208333333333333 0.016666666666666607 0.03888888888888886
