0 0.2574074074074074 0.7638888888888888 0.020370370370370372 0.036111111111111094
0 0.6824074074074074 0.6548611111111111 0.014814814814814725 0.02083333333333326
0 0.7097222222222221 0.648611111111111 0.01388888888888895 0.022222222222222254
0 0.7296296296296296 0.6479166666666667 0.011111111111111072 0.02083333333333337
0 0.7523148148148149 0.6777777777777778 0.00462962962962965 0.01388888888888895
0 0.7837962962962963 0.6756944444444444 0.008333333333333304 0.012500000000000067
0 0.7912037037037036 0.675 0.0064814814814814214 0.01388888888888895
0 0.9689814814814814 0.6159722222222221 0.019444444444444486 0.02083333333333337
0 0.7638888888888888 0.6826388888888889 0.005555555555555647 0.009722222222222188
0 0.6194444444444445 0.6590277777777778 0.0037037037037037646 0.00694444444444442
