0 0.9337962962962963 0.5180555555555555 0.002777777777777768 0.008333333333333415
0 0.4097222222222222 0.5083333333333333 0.008333333333333304 0.011111111111111072
0 0.499537037037037 0.5020833333333333 0.006481481481481477 0.012499999999999956
0 0.5199074074074075 0.50625 0.00462962962962965 0.00694444444444442
0 0.2759259259259259 0.5111111111111111 0.005555555555555591 0.01666666666666672
0 0.24398148148148147 0.47291666666666665 0.0046296296296296224 0.009722222222222243
0 0.2412037037037037 0.5152777777777777 0.0046296296296296224 0.011111111111111183
0 0.19537037037037036 0.46944444444444444 0.0111111111111111 0.01388888888888884
0 0.21944444444444444 0.4652777777777778 0.005555555555555536 0.011111111111111127
0 0.17592592592592593 0.5131944444444445 0.005555555555555564 0.009722222222222299
0 0.1648148148148148 0.47152777777777777 0.009259259259259273 0.012500000000000011
0 0.0763888888888889 0.4833333333333333 0.010185185185185186 0.013888888888888895
0 0.12361111111111112 0.5048611111111111 0.006481481481481491 0.009722222222222188
