0 0.6634259259259259 0.34652777777777777 0.021296296296296258 0.054166666666666696
0 0.6078703703703704 0.39513888888888893 0.037962962962962976 0.05416666666666664
0 0.34814814814814815 0.46458333333333335 0.011111111111111072 0.026388888888888906
0 0.4027777777777778 0.5506944444444444 0.011111111111111127 0.023611111111111138
0 0.1527777777777778 0.675 0.0111111111111111 0.01666666666666672
0 0.006944444444444445 0.6791666666666667 0.008333333333333333 0.01666666666666672
0 0.06805555555555555 0.6652777777777779 0.008333333333333331 0.01388888888888895
0 0.7087962962962964 0.6708333333333334 0.0064814814814814214 0.008333333333333415
0 0.5092592592592593 0.7222222222222222 0.0037037037037036535 0.005555555555555536
0 0.736574074074074 0.7104166666666667 0.002777777777777768 0.00694444444444442
0 0.9763888888888889 0.6930555555555555 0.002777777777777768 0.005555555555555536
