0 0.5509259259259259 0.16319444444444445 0.031481481481481444 0.09027777777777779
0 0.513425925925926 0.34652777777777777 0.0398148148148148 0.06527777777777777
0 0.3523148148148148 0.39444444444444443 0.036111111111111094 0.061111111111111116
0 0.7305555555555556 0.3590277777777778 0.03703703703703709 0.056944444444444464
0 0.29074074074074074 0.7409722222222221 0.011111111111111072 0.015277777777777835
0 0.10324074074074074 0.7277777777777777 0.006481481481481477 0.011111111111111072
0 0.0851851851851852 0.7111111111111111 0.007407407407407404 0.011111111111111072
0 0.7796296296296297 0.6631944444444444 0.00925925925925919 0.012499999999999956
0 0.9564814814814815 0.6666666666666667 0.0092592592592593 0.01666666666666672
0 0.9703703703703703 0.6618055555555555 0.011111111111111183 0.01805555555555549
