0 0.04398148148148148 0.6680555555555556 0.01203703703703704 0.019444444444444486
0 0.6509259259259259 0.4652777777777778 0.012962962962962954 0.036111111111111094
0 0.6694444444444445 0.4840277777777778 0.012962962962962954 0.029166666666666674
0 0.7199074074074074 0.5465277777777777 0.008333333333333304 0.023611111111111138
0 0.8319444444444445 0.4701388888888889 0.017592592592592604 0.026388888888888906
0 0.5152777777777777 0.6611111111111111 0.008333333333333415 0.011111111111111072
0 0.1300925925925926 0.7395833333333334 0.00462962962962965 0.00694444444444442
0 0.4671296296296296 0.6895833333333333 0.00462962962962965 0.00694444444444442
0 0.6018518518518519 0.6375 0.007407407407407418 0.01388888888888895
0 0.5814814814814815 0.6430555555555555 0.0092592592592593 0.01388888888888895
0 0.5643518518518518 0.6534722222222222 0.0064814814814814214 0.012499999999999956
0 0.5402777777777779 0.6777777777777778 0.00462962962962965 0.005555555555555536
0 0.16064814814814815 0.7319444444444445 0.00462962962962965 0.008333333333333415
