0 0.1550925925925926 0.5326388888888889 0.02314814814814814 0.03194444444444444
0 0.4800925925925926 0.5479166666666666 0.013888888888888895 0.026388888888888906
0 0.6203703703703705 0.5402777777777779 0.012962962962962954 0.022222222222222254
0 0.6805555555555556 0.5562499999999999 0.014814814814814836 0.02083333333333337
0 0.7541666666666667 0.4263888888888889 0.025000000000000022 0.033333333333333326
0 0.6074074074074074 0.538888888888889 0.012962962962962954 0.02777777777777779
0 0.8203703703703704 0.47152777777777777 0.020370370370370372 0.026388888888888906
0 0.8791666666666667 0.46875 0.019444444444444375 0.029166666666666674
0 0.2518518518518519 0.6222222222222222 0.009259259259259245 0.019444444444444375
0 0.9393518518518518 0.5680555555555555 0.010185185185185186 0.019444444444444375
0 0.537037037037037 0.6027777777777779 0.007407407407407418 0.01666666666666672
