0 0.4078703703703703 0.27291666666666664 0.021296296296296313 0.059722222222222204
0 0.4546296296296296 0.4979166666666667 0.02407407407407408 0.034722222222222154
0 0.5444444444444445 0.5138888888888888 0.022222222222222254 0.030555555555555558
0 0.6949074074074074 0.46805555555555556 0.01388888888888884 0.030555555555555558
0 0.888425925925926 0.4013888888888889 0.01388888888888884 0.03888888888888892
0 0.9083333333333333 0.4708333333333333 0.016666666666666607 0.030555555555555558
0 0.024999999999999998 0.6506944444444445 0.01296296296296296 0.02083333333333337
0 0.19907407407407407 0.6430555555555555 0.011111111111111127 0.022222222222222254
0 0.8564814814814815 0.5805555555555555 0.0092592592592593 0.01388888888888895
0 0.7782407407407408 0.5805555555555555 0.008333333333333415 0.01388888888888895
0 0.9518518518518518 0.5583333333333333 0.011111111111111072 0.016666666666666607
0 0.6472222222222221 0.6284722222222222 0.007407407407407418 0.012499999999999956
0 0.6319444444444444 0.6256944444444444 0.0064814814814815325 0.012499999999999956
