0 0.9513888888888888 0.5541666666666667 0.010185185185185186 0.01666666666666672
0 0.9009259259259259 0.4340277777777778 0.022222222222222254 0.03194444444444444
0 0.9810185185185185 0.5368055555555555 0.008333333333333304 0.015277777777777724
0 0.8018518518518518 0.6131944444444444 0.007407407407407418 0.009722222222222299
0 0.7541666666666667 0.6048611111111111 0.0064814814814815325 0.009722222222222299
0 0.686574074074074 0.4409722222222222 0.019444444444444486 0.03472222222222221
0 0.6171296296296296 0.45625 0.02314814814814814 0.029166666666666674
0 0.5828703703703704 0.4479166666666667 0.015740740740740833 0.03194444444444444
0 0.48009259259259257 0.48055555555555557 0.02314814814814814 0.036111111111111094
0 0.5791666666666666 0.6715277777777777 0.00462962962962965 0.006944444444444531
0 0.3837962962962963 0.5020833333333333 0.025000000000000022 0.03750000000000003
0 0.3555555555555555 0.7076388888888889 0.003703703703703709 0.004166666666666652
0 0.3314814814814815 0.7048611111111112 0.003703703703703709 0.006944444444444531
0 0.3050925925925926 0.4458333333333333 0.015740740740740722 0.03888888888888892
0 0.2337962962962963 0.7166666666666667 0.006481481481481477 0.008333333333333304
0 0.12361111111111112 0.6493055555555556 0.010185185185185186 0.02083333333333337
0 0.003703703703703704 0.65625 0.007407407407407408 0.01805555555555549
