0 0.48703703703703705 0.6125 0.0314814814814815 0.061111111111111116
0 0.6194444444444445 0.5986111111111111 0.04444444444444451 0.06944444444444442
0 0.6041666666666667 0.6298611111111112 0.015740740740740722 0.03194444444444444
0 0.6773148148148148 0.5881944444444445 0.019444444444444375 0.04583333333333339
0 0.7208333333333333 0.5666666666666667 0.019444444444444375 0.047222222222222276
0 0.8703703703703703 0.6319444444444444 0.020370370370370372 0.036111111111111094
0 0.9703703703703703 0.6187499999999999 0.022222222222222254 0.03749999999999998
0 0.25972222222222224 0.6145833333333333 0.017592592592592604 0.029166666666666674
0 0.22685185185185186 0.6034722222222222 0.018518518518518517 0.03194444444444444
0 0.2074074074074074 0.6145833333333333 0.020370370370370372 0.029166666666666674
