0 0.0537037037037037 0.6472222222222221 0.014814814814814815 0.022222222222222254
0 0.08287037037037037 0.6527777777777777 0.01574074074074075 0.025000000000000022
0 0.12685185185185185 0.6097222222222223 0.02592592592592592 0.030555555555555558
0 0.23888888888888887 0.47916666666666663 0.033333333333333326 0.04722222222222222
0 0.8037037037037038 0.64375 0.007407407407407418 0.012500000000000067
0 0.7907407407407407 0.6444444444444444 0.005555555555555536 0.011111111111111183
0 0.8537037037037036 0.6361111111111111 0.007407407407407418 0.01388888888888895
0 0.8726851851851851 0.6381944444444445 0.0064814814814814214 0.012500000000000067
0 0.6046296296296296 0.4888888888888889 0.0092592592592593 0.025000000000000022
0 0.6611111111111111 0.5243055555555556 0.014814814814814836 0.026388888888888906
0 0.9898148148148148 0.45972222222222225 0.0092592592592593 0.027777777777777735
0 0.8800925925925926 0.6326388888888889 0.00462962962962965 0.00694444444444442
0 0.8652777777777778 0.6319444444444444 0.002777777777777768 0.005555555555555536
0 0.5509259259259259 0.6631944444444444 0.0037037037037037646 0.004166666666666652
0 0.5203703703703704 0.6555555555555556 0.005555555555555536 0.008333333333333304
0 0.40555555555555556 0.6986111111111111 0.0037037037037036535 0.005555555555555536
