0 0.5222222222222221 0.41041666666666665 0.02777777777777779 0.048611111111111105
0 0.8870370370370371 0.4048611111111111 0.024074074074074026 0.03749999999999998
0 0.18981481481481483 0.6375 0.0111111111111111 0.019444444444444486
0 0.787962962962963 0.48680555555555555 0.0185185185185186 0.029166666666666674
0 0.10972222222222222 0.5256944444444445 0.02314814814814814 0.043055555555555625
0 0.6976851851851852 0.6090277777777777 0.004629629629629539 0.009722222222222299
0 0.6921296296296297 0.6125 0.0064814814814815325 0.011111111111111183
0 0.6351851851851852 0.6201388888888889 0.005555555555555536 0.015277777777777724
0 0.5402777777777779 0.5027777777777778 0.010185185185185186 0.03333333333333338
0 0.12916666666666665 0.73125 0.0046296296296296224 0.009722222222222299
0 0.2087962962962963 0.7104166666666667 0.0046296296296296224 0.00694444444444442
