0 0.09074074074074073 0.6513888888888889 0.012962962962962968 0.016666666666666607
0 0.125 0.7402777777777778 0.003703703703703709 0.005555555555555536
0 0.20092592592592592 0.7215277777777778 0.003703703703703709 0.00694444444444442
0 0.2935185185185185 0.5402777777777779 0.020370370370370372 0.030555555555555558
0 0.3226851851851852 0.5576388888888888 0.019444444444444486 0.029166666666666674
0 0.3833333333333333 0.49097222222222225 0.005555555555555591 0.023611111111111083
0 0.5296296296296297 0.5 0.01851851851851849 0.030555555555555503
0 0.6013888888888889 0.3541666666666667 0.012037037037037068 0.030555555555555558
0 0.6759259259259259 0.48055555555555557 0.011111111111111072 0.030555555555555558
0 0.7537037037037038 0.5993055555555555 0.007407407407407418 0.012499999999999956
0 0.7925925925925926 0.5923611111111111 0.005555555555555536 0.009722222222222188
0 0.7699074074074075 0.6236111111111111 0.0064814814814814214 0.008333333333333304
0 0.7921296296296296 0.6465277777777778 0.004629629629629539 0.00694444444444442
0 0.9231481481481482 0.6090277777777777 0.005555555555555536 0.006944444444444531
0 0.9564814814814815 0.6041666666666666 0.005555555555555536 0.005555555555555536
0 0.9893518518518518 0.5451388888888888 0.010185185185185186 0.018055555555555602
0 0.5888888888888889 0.6375 0.0037037037037037646 0.008333333333333415
0 0.6050925925925925 0.6548611111111111 0.00462962962962965 0.00694444444444442
0 0.5666666666666667 0.6784722222222223 0.0037037037037037646 0.004166666666666652
0 0.512962962962963 0.6819444444444445 0.0037037037037037646 0.005555555555555536
0 0.37083333333333335 0.6958333333333333 0.00462962962962965 0.008333333333333304
0 0.015277777777777777 0.76875 0.0027777777777777783 0.004166666666666652
