0 0.7768518518518519 0.4409722222222222 0.02777777777777779 0.04305555555555557
0 0.8388888888888889 0.35625 0.025925925925925908 0.054166666666666696
0 0.5791666666666666 0.3701388888888889 0.012037037037036957 0.05138888888888887
0 0.4736111111111111 0.4076388888888889 0.02685185185185185 0.040277777777777746
0 0.0962962962962963 0.66875 0.0111111111111111 0.015277777777777835
0 0.19027777777777777 0.6722222222222223 0.008333333333333331 0.01666666666666672
0 0.8425925925925926 0.6701388888888888 0.0037037037037036535 0.009722222222222299
0 0.6185185185185185 0.6854166666666667 0.0037037037037036535 0.009722222222222188
0 0.39722222222222225 0.7013888888888888 0.005555555555555591 0.008333333333333415
0 0.33796296296296297 0.7152777777777778 0.0037037037037036535 0.008333333333333304
0 0.2875 0.7229166666666667 0.004629629629629595 0.00694444444444442
0 0.2101851851851852 0.6916666666666667 0.005555555555555564 0.011111111111111072
0 0.24675925925925926 0.7263888888888889 0.002777777777777768 0.008333333333333304
0 0.009259259259259259 0.6597222222222222 0.007407407407407407 0.01388888888888884
