0 0.45972222222222225 0.5409722222222222 0.01944444444444443 0.03194444444444444
0 0.5055555555555555 0.5069444444444444 0.022222222222222254 0.03333333333333338
0 0.5564814814814816 0.5645833333333334 0.01851851851851849 0.029166666666666674
0 0.6601851851851852 0.45694444444444443 0.025925925925925908 0.03888888888888886
0 0.8078703703703703 0.43472222222222223 0.026851851851851904 0.041666666666666685
0 0.9726851851851852 0.5527777777777778 0.019444444444444486 0.02777777777777779
0 0.5939814814814814 0.66875 0.0064814814814814214 0.012500000000000067
0 0.6046296296296296 0.6659722222222222 0.005555555555555536 0.012500000000000067
0 0.5328703703703703 0.6673611111111111 0.0064814814814814214 0.012500000000000067
0 0.5787037037037037 0.7027777777777777 0.0037037037037037646 0.008333333333333415
0 0.7907407407407407 0.7104166666666667 0.007407407407407307 0.009722222222222188
0 0.8629629629629629 0.7069444444444444 0.0092592592592593 0.011111111111111183
0 0.874074074074074 0.6722222222222223 0.007407407407407418 0.011111111111111183
0 0.8999999999999999 0.6972222222222222 0.007407407407407418 0.01388888888888895
0 0.9166666666666667 0.7076388888888889 0.007407407407407418 0.012500000000000067
0 0.913888888888889 0.6972222222222222 0.0037037037037036535 0.005555555555555536
0 0.9314814814814816 0.6319444444444444 0.007407407407407418 0.011111111111111072
0 0.9953703703703705 0.6215277777777778 0.007407407407407418 0.015277777777777724
0 0.37083333333333335 0.7284722222222222 0.002777777777777768 0.004166666666666652
0 0.4199074074074074 0.7208333333333333 0.002777777777777768 0.005555555555555536
0 0.42824074074074076 0.7291666666666666 0.002777777777777768 0.005555555555555536
0 0.43194444444444446 0.7222222222222222 0.002777777777777768 0.005555555555555536
0 0.4791666666666667 0.7131944444444445 0.002777777777777768 0.00694444444444442
0 0.4833333333333333 0.7159722222222222 0.003703703703703709 0.00694444444444442
0 0.45925925925925926 0.7222222222222222 0.003703703703703709 0.008333333333333304
0 0.125 0.7236111111111111 0.003703703703703709 0.005555555555555536
0 0.24351851851851852 0.7395833333333334 0.003703703703703709 0.00694444444444442
0 0.19861111111111113 0.75625 0.0027777777777777957 0.004166666666666652
0 0.2523148148148148 0.7402777777777778 0.002777777777777768 0.005555555555555536
