0 0.55 0.5375000000000001 0.01666666666666672 0.025000000000000022
0 0.674074074074074 0.45069444444444445 0.012962962962962954 0.029166666666666674
0 0.7930555555555556 0.4444444444444444 0.021296296296296258 0.03333333333333338
0 0.8018518518518518 0.6451388888888889 0.00925925925925919 0.012500000000000067
0 0.8532407407407407 0.6368055555555556 0.008333333333333304 0.012500000000000067
0 0.8726851851851851 0.6381944444444445 0.010185185185185186 0.015277777777777835
0 0.32546296296296295 0.6930555555555555 0.010185185185185186 0.019444444444444375
0 0.962037037037037 0.5604166666666667 0.0092592592592593 0.015277777777777724
0 0.9787037037037036 0.5541666666666667 0.00925925925925919 0.01388888888888884
0 0.2828703703703704 0.6208333333333333 0.010185185185185186 0.016666666666666607
0 0.12175925925925926 0.7395833333333334 0.0046296296296296224 0.004166666666666652
0 0.525462962962963 0.6340277777777777 0.00462962962962965 0.009722222222222188
0 0.6541666666666667 0.6111111111111112 0.0064814814814815325 0.011111111111111183
0 0.774537037037037 0.6229166666666667 0.00462962962962965 0.009722222222222188
