0 0.8087962962962962 0.5263888888888888 0.017592592592592493 0.02777777777777779
0 0.7902777777777779 0.5326388888888889 0.025000000000000022 0.03194444444444444
0 0.6842592592592593 0.61875 0.007407407407407418 0.009722222222222188
0 0.6319444444444444 0.4777777777777778 0.021296296296296258 0.033333333333333326
0 0.5847222222222221 0.6243055555555556 0.00462962962962965 0.009722222222222188
0 0.48750000000000004 0.45625 0.021296296296296313 0.040277777777777746
0 0.43518518518518523 0.5340277777777778 0.016666666666666663 0.026388888888888906
0 0.38981481481481484 0.5409722222222222 0.018518518518518545 0.026388888888888906
0 0.35324074074074074 0.41527777777777775 0.015740740740740722 0.041666666666666685
0 0.2324074074074074 0.6256944444444444 0.0111111111111111 0.01805555555555549
0 0.12453703703703703 0.6256944444444444 0.008333333333333345 0.015277777777777724
0 0.05138888888888889 0.6534722222222222 0.013888888888888888 0.01805555555555549
0 0.9050925925925926 0.5590277777777778 0.002777777777777768 0.012499999999999956
0 0.9148148148148147 0.5625 0.00925925925925919 0.01388888888888884
0 0.9472222222222222 0.5548611111111111 0.007407407407407418 0.012499999999999956
0 0.9856481481481482 0.3847222222222222 0.02129629629629637 0.03611111111111115
0 0.5240740740740741 0.68125 0.0037037037037036535 0.00694444444444442
0 0.6513888888888888 0.6138888888888889 0.00462962962962965 0.011111111111111183
