0 0.2782407407407408 0.6326388888888889 0.006481481481481477 0.009722222222222188
0 0.29074074074074074 0.6395833333333334 0.005555555555555536 0.009722222222222299
0 0.3050925925925926 0.6340277777777777 0.006481481481481477 0.009722222222222188
0 0.35555555555555557 0.6277777777777778 0.007407407407407418 0.011111111111111072
0 0.41944444444444445 0.6215277777777778 0.005555555555555536 0.012499999999999956
0 0.4375 0.6201388888888889 0.008333333333333304 0.009722222222222188
0 0.46064814814814814 0.6111111111111112 0.012037037037037068 0.019444444444444486
0 0.6523148148148148 0.554861111111111 0.019444444444444486 0.03194444444444444
0 0.3814814814814815 0.6243055555555556 0.005555555555555536 0.00694444444444442
0 0.36157407407407405 0.6298611111111111 0.004629629629629595 0.00694444444444442
