0 0.7925925925925926 0.38680555555555557 0.0092592592592593 0.03194444444444444
0 0.7342592592592593 0.37916666666666665 0.020370370370370372 0.03888888888888892
0 0.9263888888888889 0.5395833333333333 0.012037037037037068 0.02083333333333337
0 0.6222222222222222 0.5756944444444445 0.016666666666666607 0.023611111111111138
0 0.26203703703703707 0.6534722222222222 0.01296296296296301 0.023611111111111027
0 0.12962962962962965 0.6520833333333333 0.009259259259259273 0.01805555555555549
0 0.16296296296296298 0.6736111111111112 0.00740740740740739 0.01388888888888895
0 0.6995370370370371 0.6861111111111111 0.0064814814814814214 0.011111111111111072
0 0.6018518518518519 0.6854166666666667 0.005555555555555536 0.009722222222222188
0 0.6652777777777779 0.6833333333333333 0.00462962962962965 0.011111111111111072
0 0.6782407407407407 0.68125 0.00462962962962965 0.009722222222222188
0 0.523611111111111 0.6861111111111111 0.00462962962962965 0.008333333333333304
0 0.03796296296296296 0.7340277777777777 0.003703703703703709 0.006944444444444531
0 0.022222222222222223 0.7347222222222223 0.003703703703703702 0.005555555555555647
0 0.2583333333333333 0.7243055555555555 0.003703703703703709 0.00694444444444442
0 0.3939814814814815 0.7131944444444445 0.002777777777777768 0.004166666666666652
0 0.612037037037037 0.6958333333333333 0.0037037037037037646 0.005555555555555536
