0 0.6875 0.5555555555555556 0.02129629629629637 0.033333333333333326
0 0.6458333333333333 0.5708333333333333 0.015740740740740722 0.022222222222222254
0 0.6138888888888889 0.575 0.00925925925925919 0.01388888888888895
0 0.4444444444444444 0.5659722222222222 0.016666666666666663 0.02083333333333326
0 0.5175925925925926 0.5965277777777778 0.007407407407407418 0.009722222222222188
0 0.5402777777777779 0.5944444444444444 0.00462962962962965 0.005555555555555536
0 0.4875 0.5895833333333333 0.008333333333333304 0.009722222222222188
0 0.5050925925925926 0.5854166666666667 0.0064814814814814214 0.012499999999999956
0 0.5236111111111111 0.5923611111111111 0.008333333333333304 0.009722222222222188
0 0.5638888888888889 0.5888888888888889 0.007407407407407307 0.008333333333333304
0 0.5976851851851852 0.5826388888888889 0.008333333333333304 0.012500000000000067
