0 0.3564814814814815 0.5569444444444445 0.016666666666666663 0.033333333333333326
0 0.4041666666666667 0.5381944444444444 0.012037037037037068 0.029166666666666674
0 0.7231481481481481 0.5340277777777778 0.02592592592592602 0.04027777777777786
0 0.8236111111111111 0.47152777777777777 0.026851851851851793 0.056944444444444464
0 0.45925925925925926 0.5645833333333333 0.007407407407407418 0.015277777777777724
0 0.5087962962962963 0.5604166666666667 0.0064814814814815325 0.012499999999999956
0 0.6513888888888889 0.5194444444444444 0.026851851851851904 0.030555555555555558
0 0.9643518518518519 0.44652777777777775 0.054629629629629695 0.05972222222222218
0 0.44212962962962965 0.5513888888888889 0.006481481481481477 0.005555555555555536
0 0.48564814814814816 0.5659722222222222 0.00462962962962965 0.012499999999999956
