0 0.1162037037037037 0.6701388888888888 0.030555555555555544 0.03749999999999998
0 0.16435185185185186 0.5513888888888889 0.030555555555555558 0.04999999999999993
0 0.20324074074074075 0.5111111111111111 0.04722222222222222 0.0666666666666666
0 0.2875 0.5097222222222222 0.02870370370370373 0.04444444444444445
0 0.3597222222222222 0.5784722222222223 0.010185185185185186 0.02083333333333337
0 0.3847222222222222 0.5888888888888889 0.015740740740740777 0.011111111111111072
0 0.49074074074074076 0.5944444444444444 0.007407407407407418 0.01388888888888884
0 0.499537037037037 0.5993055555555555 0.006481481481481477 0.00694444444444442
0 0.5273148148148148 0.6041666666666666 0.002777777777777768 0.005555555555555536
0 0.5375 0.6034722222222222 0.0064814814814815325 0.00694444444444442
0 0.5444444444444445 0.5993055555555555 0.0037037037037036535 0.00694444444444442
