0 0.7273148148148147 0.5666666666666667 0.019444444444444486 0.030555555555555558
0 0.7189814814814814 0.5444444444444445 0.017592592592592604 0.025000000000000022
0 0.6458333333333334 0.5756944444444445 0.008333333333333304 0.012500000000000067
0 0.5694444444444444 0.5902777777777778 0.0037037037037037646 0.011111111111111072
0 0.5587962962962962 0.586111111111111 0.008333333333333415 0.01666666666666672
0 0.5365740740740741 0.6013888888888889 0.00462962962962965 0.008333333333333304
0 0.5319444444444444 0.5986111111111111 0.002777777777777768 0.005555555555555536
0 0.5199074074074075 0.5916666666666667 0.00462962962962965 0.005555555555555536
0 0.5027777777777778 0.5965277777777778 0.0037037037037037646 0.00694444444444442
0 0.500925925925926 0.63125 0.011111111111111183 0.01805555555555549
0 0.4662037037037037 0.5694444444444444 0.01944444444444443 0.030555555555555558
0 0.5120370370370371 0.5979166666666667 0.0018518518518518823 0.00694444444444442
