0 0.8662037037037037 0.50625 0.004629629629629539 0.004166666666666652
0 0.7055555555555555 0.5159722222222223 0.005555555555555647 0.006944444444444531
0 0.5671296296296295 0.5083333333333333 0.00462962962962965 0.011111111111111072
0 0.5523148148148148 0.5020833333333333 0.008333333333333304 0.012499999999999956
0 0.5013888888888889 0.5208333333333334 0.004629629629629595 0.008333333333333304
0 0.4842592592592593 0.48819444444444443 0.003703703703703709 0.00694444444444442
0 0.46851851851851856 0.5125 0.003703703703703709 0.01388888888888895
0 0.42592592592592593 0.5125 0.003703703703703709 0.011111111111111183
0 0.41388888888888886 0.5138888888888888 0.005555555555555591 0.008333333333333415
0 0.24259259259259258 0.47430555555555554 0.003703703703703709 0.009722222222222243
0 0.22546296296296298 0.5131944444444445 0.010185185185185186 0.018055555555555602
0 0.2513888888888889 0.5131944444444445 0.006481481481481505 0.012500000000000067
0 0.21759259259259262 0.4666666666666667 0.005555555555555564 0.011111111111111072
0 0.1652777777777778 0.46805555555555556 0.008333333333333331 0.008333333333333304
0 0.17824074074074076 0.5145833333333334 0.0046296296296296224 0.012500000000000067
0 0.08287037037037037 0.46597222222222223 0.008333333333333331 0.012500000000000011
0 0.05092592592592593 0.5041666666666667 0.007407407407407411 0.011111111111111072
0 0.4162037037037037 0.4847222222222222 0.00462962962962965 0.008333333333333304
0 0.7379629629629629 0.5152777777777777 0.0037037037037036535 0.005555555555555647
