0 0.437037037037037 0.6673611111111111 0.01481481481481478 0.015277777777777835
0 0.4740740740740741 0.6597222222222222 0.012962962962962954 0.016666666666666607
0 0.5527777777777778 0.6798611111111111 0.0092592592592593 0.015277777777777724
0 0.5726851851851851 0.6826388888888889 0.010185185185185186 0.012499999999999956
0 0.5791666666666666 0.6590277777777778 0.00462962962962965 0.009722222222222188
0 0.9837962962962963 0.6958333333333333 0.030555555555555558 0.050000000000000044
0 0.014814814814814815 0.6638888888888889 0.007407407407407406 0.008333333333333304
0 0.031481481481481485 0.6715277777777777 0.005555555555555557 0.009722222222222299
0 0.1439814814814815 0.675 0.0046296296296296224 0.011111111111111183
0 0.1587962962962963 0.6638888888888889 0.00462962962962965 0.008333333333333304
0 0.3263888888888889 0.6722222222222223 0.00462962962962965 0.008333333333333415
0 0.5111111111111111 0.6777777777777778 0.005555555555555536 0.011111111111111072
0 0.5236111111111111 0.6784722222222223 0.008333333333333304 0.012499999999999956
0 0.6 0.6395833333333334 0.005555555555555536 0.009722222222222299
0 0.5699074074074074 0.6555555555555556 0.0064814814814815325 0.008333333333333304
