0 0.5212962962962964 0.5263888888888889 0.007407407407407418 0.016666666666666607
0 0.4587962962962963 0.523611111111111 0.010185185185185186 0.019444444444444486
0 0.4787037037037037 0.5381944444444444 0.007407407407407418 0.012499999999999956
0 0.42824074074074076 0.54375 0.00462962962962965 0.006944444444444531
0 0.4361111111111111 0.54375 0.003703703703703709 0.001388888888888884
0 0.41435185185185186 0.5423611111111111 0.00462962962962965 0.00694444444444442
0 0.639351851851852 0.5458333333333334 0.010185185185185186 0.011111111111111183
0 0.6527777777777778 0.4951388888888889 0.005555555555555536 0.009722222222222243
0 0.7578703703703704 0.5090277777777779 0.012037037037036957 0.018055555555555602
0 0.9814814814814815 0.44027777777777777 0.0092592592592593 0.025000000000000022
