0 0.3037037037037037 0.5701388888888889 0.005555555555555536 0.009722222222222188
0 0.3106481481481481 0.5722222222222222 0.0027777777777778234 0.005555555555555536
0 0.3143518518518519 0.5729166666666666 0.004629629629629595 0.00694444444444442
0 0.32499999999999996 0.5722222222222222 0.003703703703703709 0.005555555555555536
0 0.3388888888888889 0.5680555555555555 0.005555555555555536 0.005555555555555536
0 0.35555555555555557 0.5631944444444444 0.005555555555555536 0.00694444444444442
0 0.34814814814814815 0.5604166666666667 0.005555555555555536 0.00694444444444442
0 0.41574074074074074 0.5659722222222222 0.007407407407407418 0.01805555555555549
0 0.5342592592592592 0.5611111111111111 0.007407407407407418 0.008333333333333304
0 0.5504629629629629 0.5520833333333333 0.010185185185185186 0.015277777777777835
0 0.587037037037037 0.5527777777777778 0.0092592592592593 0.01666666666666672
0 0.6041666666666666 0.5625 0.008333333333333304 0.01388888888888884
0 0.6958333333333333 0.5611111111111111 0.008333333333333304 0.02499999999999991
0 0.7240740740740741 0.5555555555555556 0.012962962962962954 0.019444444444444486
0 0.7981481481481482 0.5354166666666667 0.014814814814814836 0.015277777777777724
0 0.8050925925925926 0.5659722222222222 0.017592592592592604 0.01805555555555549
0 0.8333333333333333 0.5590277777777778 0.012962962962962954 0.015277777777777724
0 0.875 0.5576388888888888 0.025925925925925908 0.040277777777777746
0 0.9009259259259259 0.5458333333333334 0.016666666666666607 0.025000000000000022
0 0.9416666666666667 0.5354166666666667 0.020370370370370372 0.03194444444444444
0 0.5731481481481482 0.5694444444444444 0.00925925925925919 0.016666666666666607
0 0.47638888888888886 0.5604166666666667 0.010185185185185186 0.015277777777777724
