0 0.9083333333333333 0.5493055555555555 0.024074074074074137 0.03194444444444444
0 0.7671296296296296 0.5479166666666666 0.008333333333333304 0.02083333333333337
0 0.7226851851851852 0.5625 0.012037037037037068 0.022222222222222143
0 0.7157407407407408 0.5743055555555556 0.011111111111111183 0.02083333333333337
0 0.6777777777777778 0.5756944444444445 0.011111111111111072 0.029166666666666674
0 0.6254629629629629 0.5715277777777779 0.015740740740740722 0.026388888888888906
0 0.5138888888888888 0.5729166666666666 0.005555555555555647 0.009722222222222188
0 0.5050925925925926 0.5798611111111112 0.0064814814814814214 0.009722222222222299
0 0.4601851851851852 0.5756944444444445 0.005555555555555536 0.009722222222222299
0 0.3657407407407407 0.5840277777777778 0.003703703703703709 0.00694444444444442
0 0.3944444444444445 0.5791666666666666 0.003703703703703709 0.005555555555555647
0 0.42407407407407405 0.5805555555555555 0.005555555555555591 0.005555555555555647
0 0.7050925925925926 0.5694444444444444 0.0064814814814815325 0.01388888888888884
0 0.6560185185185186 0.575 0.0064814814814814214 0.011111111111111183
0 0.7791666666666666 0.5576388888888888 0.010185185185185186 0.029166666666666674
0 0.9884259259259258 0.5513888888888889 0.010185185185185186 0.025000000000000022
