0 0.21157407407407408 0.6361111111111111 0.02314814814814814 0.02777777777777779
0 0.26157407407407407 0.6395833333333334 0.02314814814814814 0.03472222222222221
0 0.39537037037037037 0.6423611111111112 0.005555555555555536 0.009722222222222299
0 0.375 0.65 0.0037037037037036535 0.008333333333333304
0 0.4356481481481481 0.6756944444444444 0.004629629629629595 0.009722222222222299
0 0.4555555555555556 0.6465277777777778 0.009259259259259245 0.009722222222222188
0 0.47453703703703703 0.6479166666666667 0.00462962962962965 0.00694444444444442
0 0.4652777777777778 0.6465277777777778 0.00462962962962965 0.00694444444444442
0 0.5416666666666666 0.6388888888888888 0.005555555555555536 0.008333333333333415
0 0.5203703703703704 0.6402777777777777 0.0037037037037037646 0.002777777777777879
0 0.49398148148148147 0.6416666666666666 0.00462962962962965 0.005555555555555647
