0 0.0375 0.5618055555555556 0.02314814814814815 0.06527777777777777
0 0.21666666666666667 0.5534722222222221 0.012962962962962954 0.043055555555555514
0 0.5638888888888889 0.575 0.007407407407407307 0.01388888888888895
0 0.5814814814814815 0.5736111111111111 0.007407407407407418 0.01388888888888895
0 0.599537037037037 0.5631944444444444 0.00462962962962965 0.00694444444444442
0 0.6259259259259259 0.5763888888888888 0.005555555555555536 0.008333333333333415
0 0.6412037037037037 0.5604166666666667 0.0064814814814815325 0.012499999999999956
0 0.6601851851851852 0.5756944444444444 0.005555555555555536 0.001388888888888884
0 0.674074074074074 0.5756944444444445 0.007407407407407418 0.012500000000000067
0 0.6949074074074074 0.5701388888888889 0.008333333333333304 0.012499999999999956
0 0.712037037037037 0.5659722222222222 0.005555555555555536 0.009722222222222188
