0 0.06203703703703703 0.5173611111111112 0.02222222222222222 0.03194444444444444
0 0.12638888888888888 0.6506944444444445 0.013888888888888881 0.01805555555555549
0 0.2212962962962963 0.6201388888888889 0.014814814814814836 0.015277777777777724
0 0.4981481481481481 0.5229166666666667 0.011111111111111072 0.029166666666666674
0 0.5115740740740741 0.5333333333333334 0.019444444444444375 0.030555555555555558
0 0.7097222222222223 0.4951388888888889 0.017592592592592604 0.023611111111111083
0 0.8291666666666666 0.4666666666666667 0.021296296296296258 0.033333333333333326
0 0.058333333333333334 0.7333333333333334 0.005555555555555557 0.008333333333333415
0 0.5592592592592593 0.6354166666666667 0.007407407407407418 0.012500000000000067
0 0.6194444444444445 0.6263888888888889 0.007407407407407418 0.011111111111111072
0 0.8680555555555556 0.5840277777777778 0.008333333333333304 0.012500000000000067
0 0.9115740740740741 0.5513888888888889 0.00462962962962965 0.01388888888888895
0 0.9564814814814815 0.5548611111111111 0.0037037037037037646 0.009722222222222188
