0 0.5921296296296297 0.5229166666666667 0.019444444444444486 0.029166666666666674
0 0.6550925925925926 0.47708333333333336 0.008333333333333304 0.03194444444444444
0 0.0125 0.5395833333333333 0.019444444444444445 0.029166666666666674
0 0.11990740740740741 0.5097222222222222 0.012037037037037027 0.03888888888888892
0 0.07361111111111111 0.6833333333333333 0.008333333333333331 0.01388888888888884
0 0.19907407407407407 0.663888888888889 0.007407407407407418 0.01666666666666672
0 0.5694444444444444 0.7125 0.0037037037037037646 0.005555555555555536
0 0.5435185185185185 0.7055555555555555 0.0037037037037037646 0.008333333333333415
0 0.6430555555555555 0.6930555555555555 0.00462962962962965 0.008333333333333304
0 0.6523148148148148 0.6902777777777778 0.00462962962962965 0.008333333333333304
0 0.7347222222222223 0.6909722222222222 0.00462962962962965 0.00694444444444442
0 0.7282407407407407 0.7229166666666667 0.004629629629629539 0.00694444444444442
0 0.7652777777777777 0.675 0.00462962962962965 0.008333333333333415
0 0.7791666666666667 0.7090277777777778 0.004629629629629539 0.00694444444444442
0 0.7944444444444445 0.6840277777777778 0.005555555555555647 0.00694444444444442
0 0.8324074074074075 0.6930555555555555 0.0037037037037036535 0.005555555555555536
0 0.8398148148148148 0.6861111111111111 0.0037037037037037646 0.008333333333333304
0 0.9337962962962963 0.7118055555555556 0.002777777777777768 0.004166666666666652
0 0.9203703703703703 0.70625 0.0018518518518518823 0.004166666666666652
0 0.875 0.7118055555555556 0.0037037037037037646 0.004166666666666652
0 0.9648148148148148 0.6965277777777777 0.0037037037037037646 0.004166666666666652
