0 0.3912037037037037 0.5395833333333333 0.017592592592592604 0.023611111111111138
0 0.5203703703703704 0.5354166666666667 0.0185185185185186 0.023611111111111138
0 0.8629629629629629 0.3402777777777778 0.025925925925925908 0.05555555555555558
0 0.7787037037037037 0.5006944444444444 0.01666666666666672 0.02638888888888885
0 0.6986111111111111 0.5541666666666667 0.01388888888888895 0.022222222222222254
0 0.16898148148148148 0.6479166666666667 0.012037037037037013 0.015277777777777835
0 0.13333333333333333 0.7395833333333334 0.003703703703703709 0.004166666666666652
0 0.5564814814814815 0.6791666666666667 0.0037037037037037646 0.002777777777777768
0 0.6101851851851852 0.6145833333333333 0.007407407407407418 0.012500000000000067
0 0.6935185185185184 0.6236111111111111 0.007407407407407418 0.011111111111111072
0 0.7708333333333333 0.6229166666666667 0.0064814814814814214 0.00694444444444442
0 0.8717592592592592 0.6381944444444445 0.0064814814814815325 0.012500000000000067
0 0.974537037037037 0.5520833333333333 0.008333333333333415 0.012500000000000067
0 0.6736111111111112 0.6097222222222223 0.0064814814814814214 0.008333333333333415
