0 0.05925925925925926 0.6645833333333333 0.01296296296296296 0.015277777777777835
0 0.20277777777777778 0.6361111111111111 0.012962962962962954 0.019444444444444486
0 0.28101851851851856 0.6298611111111111 0.012037037037037013 0.01805555555555549
0 0.3194444444444444 0.55 0.016666666666666663 0.022222222222222254
0 0.4601851851851852 0.49930555555555556 0.012962962962962954 0.03750000000000003
0 0.5365740740740741 0.53125 0.017592592592592604 0.026388888888888795
0 0.6333333333333333 0.46111111111111114 0.014814814814814836 0.027777777777777735
0 0.762962962962963 0.5041666666666667 0.016666666666666607 0.025000000000000078
0 0.9189814814814815 0.5611111111111111 0.0064814814814815325 0.011111111111111072
0 0.8796296296296297 0.6291666666666667 0.0037037037037037646 0.005555555555555536
0 0.6833333333333333 0.6166666666666667 0.007407407407407418 0.011111111111111072
0 0.6328703703703704 0.6354166666666667 0.0064814814814814214 0.012500000000000067
