0 0.5944444444444444 0.5354166666666667 0.016666666666666607 0.023611111111111138
0 0.3115740740740741 0.5215277777777778 0.006481481481481477 0.03194444444444444
0 0.43194444444444446 0.5152777777777777 0.013888888888888895 0.033333333333333326
0 0.4652777777777778 0.54375 0.015740740740740722 0.023611111111111138
0 0.5259259259259259 0.5291666666666667 0.012962962962962954 0.02499999999999991
0 0.5597222222222222 0.53125 0.015740740740740722 0.029166666666666563
0 0.7912037037037036 0.4048611111111111 0.01388888888888895 0.040277777777777746
0 0.039351851851851846 0.6493055555555556 0.013888888888888888 0.018055555555555602
0 0.20416666666666666 0.63125 0.013888888888888895 0.015277777777777724
0 0.513425925925926 0.6444444444444444 0.008333333333333304 0.01388888888888895
0 0.6541666666666667 0.6111111111111112 0.008333333333333304 0.011111111111111183
0 0.6685185185185185 0.6111111111111112 0.0092592592592593 0.01388888888888895
0 0.7106481481481481 0.5965277777777778 0.008333333333333304 0.012499999999999956
0 0.7495370370370371 0.6159722222222223 0.0064814814814814214 0.009722222222222188
0 0.9657407407407408 0.5541666666666667 0.00925925925925919 0.01388888888888884
0 0.986574074074074 0.5555555555555556 0.008333333333333304 0.011111111111111072
0 0.6365740740740741 0.6138888888888889 0.008333333333333304 0.011111111111111183
