0 0.037037037037037035 0.5229166666666667 0.024074074074074074 0.040277777777777746
0 0.5393518518518519 0.5333333333333334 0.02314814814814814 0.02777777777777779
0 0.5675925925925926 0.5361111111111112 0.02037037037037026 0.030555555555555558
0 0.6805555555555556 0.5104166666666666 0.0092592592592593 0.009722222222222188
0 0.6958333333333333 0.5090277777777777 0.0064814814814815325 0.012499999999999956
0 0.8833333333333333 0.5201388888888889 0.007407407407407418 0.012500000000000067
0 0.837962962962963 0.5180555555555555 0.00925925925925919 0.01666666666666672
0 0.9337962962962962 0.5222222222222223 0.0064814814814814214 0.008333333333333304
0 0.5064814814814815 0.5048611111111111 0.0037037037037036535 0.009722222222222188
0 0.5541666666666667 0.4840277777777778 0.002777777777777768 0.00694444444444442
0 0.5583333333333333 0.4840277777777778 0.0018518518518517713 0.012499999999999956
0 0.5430555555555556 0.49930555555555556 0.00462962962962965 0.00694444444444442
0 0.5277777777777778 0.5013888888888889 0.0037037037037037646 0.008333333333333304
0 0.5333333333333333 0.5013888888888889 0.005555555555555536 0.008333333333333304
0 0.39675925925925926 0.5027777777777778 0.002777777777777768 0.005555555555555536
0 0.35185185185185186 0.4951388888888889 0.003703703703703709 0.009722222222222243
0 0.48518518518518516 0.5 0.003703703703703709 0.005555555555555536
