0 0.3194444444444444 0.61875 0.011111111111111127 0.01805555555555549
0 0.3365740740740741 0.6298611111111111 0.010185185185185186 0.01805555555555549
0 0.37453703703703706 0.7395833333333333 0.030555555555555558 0.040277777777777746
0 0.4893518518518518 0.6256944444444444 0.021296296296296313 0.023611111111111027
0 0.5125 0.6361111111111111 0.019444444444444486 0.030555555555555558
0 0.475462962962963 0.6597222222222223 0.02314814814814814 0.033333333333333326
0 0.5657407407407407 0.6756944444444444 0.012962962962962954 0.026388888888888906
0 0.5444444444444445 0.6763888888888889 0.02962962962962956 0.036111111111111094
0 0.6064814814814815 0.6715277777777777 0.020370370370370372 0.03194444444444444
0 0.662037037037037 0.6701388888888888 0.02592592592592602 0.029166666666666674
0 0.7226851851851852 0.6597222222222222 0.030555555555555558 0.050000000000000044
0 0.712037037037037 0.7444444444444445 0.029629629629629672 0.050000000000000044
0 0.8291666666666666 0.6673611111111111 0.025000000000000022 0.029166666666666674
0 0.8958333333333333 0.6944444444444444 0.056481481481481466 0.07499999999999996
