0 0.41666666666666663 0.5152777777777777 0.016666666666666663 0.025000000000000022
0 0.4449074074074074 0.5118055555555556 0.015740740740740722 0.026388888888888906
0 0.4824074074074074 0.4951388888888889 0.020370370370370372 0.031944444444444386
0 0.5157407407407407 0.5055555555555555 0.0092592592592593 0.019444444444444375
0 0.6361111111111111 0.5104166666666667 0.014814814814814836 0.023611111111111138
0 0.6856481481481482 0.5 0.010185185185185186 0.024999999999999967
0 0.7268518518518519 0.49375 0.014814814814814836 0.020833333333333315
0 0.5046296296296295 0.5055555555555555 0.007407407407407418 0.019444444444444375
0 0.3666666666666667 0.5173611111111112 0.003703703703703709 0.006944444444444531
0 0.38148148148148153 0.5152777777777777 0.003703703703703709 0.008333333333333415
0 0.399537037037037 0.5152777777777777 0.002777777777777768 0.008333333333333415
