0 0.46759259259259256 0.6604166666666667 0.011111111111111127 0.01805555555555549
0 0.5800925925925926 0.679861111111111 0.008333333333333304 0.018055555555555602
0 0.6180555555555556 0.6993055555555556 0.012037037037037068 0.012500000000000067
0 0.5023148148148149 0.6736111111111112 0.00462962962962965 0.008333333333333415
0 0.5449074074074074 0.6791666666666667 0.00462962962962965 0.008333333333333304
0 0.35138888888888886 0.6701388888888888 0.006481481481481477 0.009722222222222299
0 0.5736111111111111 0.6555555555555556 0.00462962962962965 0.008333333333333304
0 0.5601851851851851 0.6597222222222222 0.0037037037037036535 0.008333333333333304
0 0.5527777777777778 0.6611111111111111 0.0037037037037036535 0.008333333333333304
0 0.11018518518518519 0.6659722222222222 0.0018518518518518406 0.00694444444444442
0 0.5986111111111112 0.6409722222222223 0.00462962962962965 0.006944444444444531
0 0.7097222222222221 0.6729166666666666 0.00462962962962965 0.006944444444444531
0 0.7736111111111111 0.6805555555555556 0.0064814814814815325 0.008333333333333304
