0 0.9148148148148147 0.5458333333333334 0.02777777777777779 0.047222222222222165
0 0.8643518518518518 0.5708333333333333 0.021296296296296258 0.036111111111111094
0 0.6361111111111111 0.5666666666666667 0.020370370370370372 0.02777777777777779
0 0.6013888888888889 0.5687500000000001 0.01388888888888884 0.026388888888888906
0 0.7800925925925926 0.55 0.010185185185185186 0.01388888888888895
0 0.48935185185185187 0.5736111111111111 0.010185185185185186 0.01666666666666672
0 0.46759259259259256 0.5791666666666666 0.009259259259259245 0.019444444444444486
0 0.39861111111111114 0.5736111111111111 0.010185185185185186 0.01666666666666672
0 0.3199074074074074 0.5666666666666667 0.010185185185185186 0.016666666666666607
0 0.2861111111111111 0.5763888888888888 0.005555555555555536 0.011111111111111183
0 0.2939814814814815 0.5722222222222222 0.004629629629629595 0.005555555555555536
0 0.413425925925926 0.5798611111111112 0.006481481481481477 0.006944444444444531
0 0.43657407407407406 0.5770833333333334 0.00462962962962965 0.009722222222222299
0 0.46064814814814814 0.5680555555555555 0.00462962962962965 0.008333333333333304
0 0.5226851851851853 0.5631944444444444 0.0064814814814814214 0.012499999999999956
0 0.6856481481481482 0.5631944444444444 0.00462962962962965 0.012499999999999956
0 0.7416666666666667 0.5694444444444444 0.0092592592592593 0.01388888888888884
