0 0.07916666666666666 0.5611111111111111 0.010185185185185186 0.02777777777777768
0 0.0962962962962963 0.5263888888888888 0.0111111111111111 0.036111111111111094
0 0.12175925925925926 0.49930555555555556 0.008333333333333318 0.012499999999999956
0 0.15787037037037038 0.54375 0.01574074074074075 0.018055555555555602
0 0.21250000000000002 0.5458333333333334 0.01203703703703704 0.02777777777777779
0 0.3175925925925926 0.5208333333333333 0.011111111111111072 0.022222222222222254
0 0.3462962962962963 0.5076388888888889 0.0314814814814815 0.048611111111111105
0 0.4425925925925926 0.5506944444444444 0.007407407407407418 0.023611111111111138
0 0.5902777777777778 0.5222222222222221 0.012037037037037068 0.019444444444444486
0 0.6208333333333333 0.5277777777777778 0.008333333333333304 0.01388888888888884
0 0.6393518518518518 0.5381944444444444 0.0064814814814815325 0.012499999999999956
0 0.7148148148148148 0.55625 0.0092592592592593 0.012499999999999956
0 0.7435185185185185 0.5458333333333334 0.01666666666666672 0.011111111111111183
