0 0.15787037037037038 0.5506944444444444 0.010185185185185186 0.023611111111111138
0 0.21574074074074073 0.5444444444444445 0.0111111111111111 0.025000000000000022
0 0.2087962962962963 0.5013888888888889 0.013888888888888867 0.016666666666666607
0 0.312037037037037 0.5395833333333333 0.009259259259259245 0.029166666666666674
0 0.5569444444444445 0.5423611111111111 0.008333333333333304 0.018055555555555602
0 0.5907407407407408 0.5388888888888889 0.007407407407407418 0.01388888888888884
0 0.625925925925926 0.5347222222222222 0.007407407407407418 0.01388888888888884
0 0.637962962962963 0.5270833333333333 0.0092592592592593 0.015277777777777724
0 0.7388888888888889 0.5611111111111111 0.007407407407407418 0.008333333333333304
0 0.7476851851851851 0.5472222222222223 0.008333333333333415 0.008333333333333415
0 0.924537037037037 0.5305555555555556 0.02499999999999991 0.03333333333333344
