0 0.4615740740740741 0.49930555555555556 0.017592592592592604 0.015277777777777779
0 0.6851851851851851 0.5222222222222221 0.012962962962962954 0.019444444444444486
0 0.9351851851851852 0.5215277777777778 0.005555555555555536 0.009722222222222188
0 0.8939814814814815 0.5277777777777778 0.004629629629629539 0.005555555555555536
0 0.8138888888888889 0.5138888888888888 0.0037037037037037646 0.005555555555555647
0 0.5472222222222223 0.5048611111111111 0.0037037037037036535 0.00694444444444442
0 0.5606481481481481 0.4826388888888889 0.002777777777777768 0.00694444444444442
0 0.5564814814814815 0.48541666666666666 0.0037037037037037646 0.00694444444444442
0 0.5416666666666667 0.5034722222222222 0.0037037037037036535 0.00694444444444442
0 0.5319444444444444 0.5041666666666667 0.002777777777777768 0.005555555555555536
0 0.5287037037037037 0.5027777777777778 0.0037037037037036535 0.005555555555555536
0 0.5222222222222221 0.49930555555555556 0.0037037037037036535 0.00694444444444442
0 0.5185185185185186 0.4951388888888889 0.0018518518518518823 0.004166666666666652
0 0.4930555555555556 0.5034722222222222 0.0027777777777778234 0.00694444444444442
0 0.2847222222222222 0.49722222222222223 0.00462962962962965 0.008333333333333304
