0 0.9203703703703704 0.5423611111111111 0.014814814814814836 0.026388888888888906
0 0.27546296296296297 0.56875 0.008333333333333304 0.012499999999999956
0 0.30092592592592593 0.5666666666666667 0.011111111111111072 0.016666666666666607
0 0.35694444444444445 0.5625 0.00462962962962965 0.011111111111111072
0 0.5671296296296297 0.5638888888888889 0.008333333333333304 0.008333333333333304
0 0.40694444444444444 0.5604166666666667 0.006481481481481477 0.009722222222222188
0 0.5337962962962963 0.5625 0.008333333333333304 0.011111111111111072
0 0.2212962962962963 0.5618055555555556 0.003703703703703709 0.00694444444444442
0 0.32546296296296295 0.5736111111111111 0.010185185185185186 0.01666666666666672
0 0.41064814814814815 0.5770833333333334 0.00462962962962965 0.009722222222222299
0 0.38287037037037036 0.5673611111111111 0.002777777777777768 0.00694444444444442
0 0.4986111111111111 0.5618055555555556 0.004629629629629595 0.012499999999999956
