0 0.6824074074074074 0.7013888888888888 0.01851851851851849 0.0444444444444444
0 0.43287037037037035 0.6673611111111111 0.015740740740740777 0.026388888888888906
0 0.375 0.6826388888888888 0.012962962962962954 0.023611111111111138
0 0.013888888888888888 0.6666666666666666 0.005555555555555555 0.008333333333333304
0 0.11018518518518519 0.6666666666666666 0.00555555555555555 0.008333333333333304
0 0.3212962962962963 0.6715277777777777 0.003703703703703709 0.006944444444444531
0 0.5689814814814815 0.6361111111111111 0.00462962962962965 0.008333333333333304
0 0.6143518518518518 0.6868055555555556 0.012037037037037068 0.023611111111111027
0 0.6310185185185185 0.68125 0.01388888888888884 0.01805555555555549
0 0.7574074074074073 0.6986111111111111 0.012962962962962954 0.01388888888888895
0 0.7814814814814814 0.7118055555555556 0.012962962962962954 0.02083333333333337
