0 0.8675925925925927 0.5541666666666667 0.02777777777777779 0.0444444444444444
0 0.7611111111111111 0.5652777777777778 0.007407407407407418 0.016666666666666607
0 0.7222222222222222 0.5673611111111111 0.016666666666666607 0.01805555555555549
0 0.6828703703703703 0.5493055555555555 0.01388888888888884 0.018055555555555602
0 0.561574074074074 0.5694444444444444 0.015740740740740722 0.02777777777777779
0 0.5949074074074074 0.5493055555555555 0.008333333333333304 0.018055555555555602
0 0.5398148148148147 0.5701388888888889 0.007407407407407418 0.012499999999999956
0 0.461574074074074 0.5625 0.006481481481481477 0.008333333333333304
0 0.42268518518518516 0.5708333333333333 0.006481481481481477 0.011111111111111072
0 0.4111111111111111 0.5590277777777778 0.007407407407407418 0.012499999999999956
0 0.3814814814814815 0.5638888888888889 0.005555555555555536 0.011111111111111072
0 0.33935185185185185 0.5548611111111111 0.00462962962962965 0.009722222222222188
0 0.34814814814814815 0.5631944444444444 0.005555555555555536 0.00694444444444442
0 0.274537037037037 0.5673611111111111 0.006481481481481477 0.009722222222222188
0 0.2944444444444444 0.5722222222222222 0.003703703703703709 0.005555555555555536
0 0.29953703703703705 0.5701388888888889 0.002777777777777768 0.00694444444444442
0 0.31018518518518523 0.56875 0.003703703703703709 0.00694444444444442
0 0.3046296296296296 0.5673611111111111 0.003703703703703709 0.00694444444444442
