0 0.26296296296296295 0.6097222222222223 0.014814814814814836 0.033333333333333326
0 0.29120370370370374 0.5958333333333333 0.012037037037037013 0.036111111111111205
0 0.350462962962963 0.5965277777777778 0.013888888888888895 0.023611111111111027
0 0.4125 0.6131944444444444 0.012037037037037013 0.023611111111111138
0 0.4393518518518519 0.6187499999999999 0.012037037037037013 0.023611111111111138
0 0.9356481481481481 0.5826388888888889 0.01388888888888884 0.029166666666666674
0 0.5166666666666666 0.5902777777777777 0.011111111111111183 0.025000000000000022
0 0.7953703703703703 0.5798611111111112 0.012962962962962954 0.015277777777777835
0 0.39861111111111114 0.6159722222222221 0.00833333333333336 0.015277777777777835
0 0.33472222222222225 0.6145833333333333 0.00833333333333336 0.015277777777777835
0 0.4615740740740741 0.6215277777777778 0.00462962962962965 0.009722222222222188
0 0.4907407407407407 0.6097222222222223 0.003703703703703709 0.008333333333333415
0 0.4703703703703704 0.6152777777777778 0.005555555555555536 0.011111111111111072
