0 0.8490740740740741 0.5604166666666667 0.024074074074074137 0.04027777777777786
0 0.7319444444444445 0.5513888888888889 0.01388888888888895 0.025000000000000022
0 0.5629629629629629 0.5666666666666667 0.01666666666666672 0.02777777777777779
0 0.01898148148148148 0.5819444444444444 0.015740740740740743 0.02777777777777779
0 0.29814814814814816 0.5673611111111111 0.003703703703703709 0.00694444444444442
0 0.33935185185185185 0.5604166666666667 0.00462962962962965 0.009722222222222188
0 0.4087962962962963 0.5625 0.006481481481481477 0.011111111111111072
0 0.4828703703703704 0.5638888888888889 0.006481481481481477 0.011111111111111072
0 0.5111111111111111 0.5708333333333333 0.005555555555555536 0.011111111111111072
0 0.500462962962963 0.5506944444444444 0.00833333333333336 0.015277777777777835
0 0.039351851851851846 0.5743055555555556 0.013888888888888888 0.02083333333333337
0 0.28564814814814815 0.5597222222222222 0.00462962962962965 0.008333333333333304
0 0.2810185185185185 0.5590277777777778 0.002777777777777768 0.00694444444444442
0 0.5962962962962963 0.5631944444444444 0.007407407407407418 0.009722222222222188
0 0.9449074074074074 0.5173611111111112 0.02129629629629637 0.03472222222222221
0 0.9750000000000001 0.5340277777777778 0.022222222222222254 0.01805555555555549
