0 0.8546296296296296 0.5416666666666667 0.024074074074074137 0.0444444444444444
0 0.8060185185185185 0.5541666666666667 0.008333333333333415 0.019444444444444486
0 0.7268518518518519 0.5479166666666666 0.011111111111111072 0.015277777777777835
0 0.6870370370370371 0.5576388888888889 0.00925925925925919 0.012499999999999956
0 0.6453703703703704 0.5638888888888889 0.0092592592592593 0.01388888888888884
0 0.6120370370370369 0.5569444444444445 0.007407407407407418 0.011111111111111072
0 0.5902777777777778 0.5576388888888889 0.008333333333333304 0.012499999999999956
0 0.5532407407407407 0.5694444444444444 0.00462962962962965 0.011111111111111072
0 0.5273148148148148 0.5458333333333334 0.010185185185185186 0.01388888888888895
0 0.500462962962963 0.5597222222222222 0.00833333333333336 0.016666666666666607
0 0.4935185185185185 0.5583333333333333 0.005555555555555536 0.011111111111111072
0 0.45694444444444443 0.5611111111111111 0.00462962962962965 0.008333333333333304
0 0.46111111111111114 0.5659722222222222 0.003703703703703709 0.00694444444444442
0 0.44166666666666665 0.5618055555555556 0.003703703703703709 0.00694444444444442
0 0.3819444444444444 0.5659722222222222 0.004629629629629595 0.012499999999999956
0 0.3217592592592593 0.5736111111111111 0.006481481481481477 0.008333333333333304
0 0.3027777777777778 0.5597222222222222 0.005555555555555591 0.008333333333333304
0 0.3453703703703703 0.5604166666666667 0.003703703703703709 0.00694444444444442
0 0.3300925925925926 0.5631944444444444 0.006481481481481477 0.009722222222222188
0 0.3115740740740741 0.5659722222222222 0.006481481481481477 0.00694444444444442
0 0.26342592592592595 0.5701388888888889 0.0027777777777778234 0.009722222222222188
0 0.2939814814814815 0.5666666666666667 0.004629629629629595 0.005555555555555536
0 0.2833333333333333 0.5736111111111111 0.003703703703703709 0.005555555555555536
