0 0.8870370370370371 0.5604166666666667 0.031481481481481444 0.043055555555555625
0 0.29583333333333334 0.56875 0.00462962962962965 0.00694444444444442
0 0.30787037037037035 0.56875 0.006481481481481477 0.009722222222222188
0 0.3175925925925926 0.5652777777777778 0.0037037037037036535 0.008333333333333304
0 0.325 0.5659722222222222 0.005555555555555536 0.00694444444444442
0 0.28425925925925927 0.5701388888888889 0.005555555555555536 0.00694444444444442
0 0.38796296296296295 0.5708333333333333 0.005555555555555536 0.008333333333333304
0 0.3990740740740741 0.5659722222222222 0.005555555555555536 0.00694444444444442
0 0.4439814814814815 0.5638888888888889 0.00462962962962965 0.008333333333333304
0 0.4532407407407407 0.5652777777777778 0.006481481481481477 0.008333333333333304
0 0.46851851851851856 0.5583333333333333 0.003703703703703709 0.008333333333333304
