0 0.6467592592592593 0.5798611111111112 0.026851851851851904 0.04583333333333328
0 0.5194444444444444 0.5638888888888889 0.011111111111111183 0.030555555555555558
0 0.538888888888889 0.5798611111111112 0.01851851851851849 0.029166666666666674
0 0.5592592592592592 0.5965277777777778 0.0092592592592593 0.023611111111111027
0 0.45740740740740743 0.6006944444444444 0.007407407407407418 0.018055555555555602
0 0.41435185185185186 0.5847222222222221 0.012037037037037068 0.025000000000000022
0 0.2861111111111111 0.5881944444444445 0.003703703703703709 0.009722222222222188
0 0.3212962962962963 0.6006944444444444 0.003703703703703709 0.00694444444444442
0 0.3143518518518519 0.5972222222222222 0.0027777777777778234 0.008333333333333304
0 0.3305555555555556 0.6034722222222222 0.003703703703703709 0.00694444444444442
0 0.3592592592592593 0.6020833333333333 0.003703703703703709 0.004166666666666652
0 0.8939814814814815 0.5673611111111112 0.012037037037037068 0.026388888888888906
