0 0.12685185185185185 0.6715277777777777 0.02962962962962963 0.03749999999999998
0 0.2324074074074074 0.6270833333333333 0.025925925925925936 0.04027777777777786
0 0.34259259259259256 0.5993055555555555 0.029629629629629617 0.043055555555555625
0 0.8060185185185185 0.49722222222222223 0.025000000000000022 0.03333333333333327
0 0.37222222222222223 0.6236111111111111 0.014814814814814836 0.019444444444444375
0 0.47638888888888886 0.6083333333333334 0.010185185185185186 0.011111111111111183
0 0.49675925925925923 0.6138888888888889 0.008333333333333304 0.01388888888888895
0 0.5527777777777778 0.6111111111111112 0.0037037037037036535 0.005555555555555647
0 0.5648148148148149 0.6104166666666666 0.0037037037037036535 0.006944444444444531
0 0.5689814814814815 0.6055555555555555 0.002777777777777879 0.005555555555555536
0 0.5773148148148148 0.6083333333333334 0.002777777777777768 0.002777777777777879
0 0.5740740740740741 0.6055555555555555 0.0037037037037037646 0.005555555555555536
