0 0.7217592592592592 0.4604166666666667 0.008333333333333415 0.012500000000000011
0 0.5898148148148148 0.49097222222222225 0.005555555555555536 0.012500000000000011
0 0.5328703703703703 0.4736111111111111 0.0064814814814814214 0.011111111111111127
0 0.47685185185185186 0.47986111111111107 0.007407407407407418 0.012500000000000011
0 0.5046296296296295 0.4979166666666667 0.007407407407407418 0.009722222222222188
0 0.46759259259259256 0.4666666666666667 0.007407407407407363 0.011111111111111072
0 0.4569444444444445 0.4666666666666667 0.00833333333333336 0.008333333333333304
0 0.2962962962962963 0.5152777777777777 0.007407407407407418 0.01388888888888895
0 0.024537037037037038 0.5145833333333334 0.008333333333333331 0.012500000000000067
0 0.2212962962962963 0.5041666666666667 0.005555555555555536 0.01388888888888884
0 0.8898148148148148 0.4861111111111111 0.0037037037037037646 0.008333333333333304
0 0.912037037037037 0.4965277777777778 0.0037037037037036535 0.012500000000000011
0 0.9296296296296296 0.4861111111111111 0.007407407407407418 0.008333333333333304
