0 0.9092592592592592 0.6076388888888888 0.033333333333333326 0.04583333333333328
0 0.7777777777777778 0.60625 0.024074074074074137 0.040277777777777746
0 0.6717592592592593 0.5680555555555555 0.028703703703703676 0.05555555555555558
0 0.6365740740740741 0.5993055555555555 0.04166666666666674 0.040277777777777746
0 0.4893518518518518 0.5951388888888889 0.012037037037037013 0.012499999999999956
0 0.43842592592592594 0.6222222222222222 0.017592592592592604 0.02499999999999991
0 0.41435185185185186 0.6055555555555556 0.012037037037037068 0.01666666666666672
0 0.40046296296296297 0.6736111111111112 0.019444444444444486 0.02777777777777779
0 0.3148148148148148 0.6069444444444445 0.007407407407407418 0.019444444444444486
0 0.0824074074074074 0.5652777777777778 0.012962962962962968 0.019444444444444375
0 0.2851851851851852 0.5958333333333333 0.003703703703703709 0.008333333333333304
0 0.3560185185185185 0.5951388888888889 0.00462962962962965 0.00694444444444442
0 0.3773148148148148 0.5958333333333333 0.00462962962962965 0.008333333333333304
0 0.3902777777777778 0.5986111111111111 0.00462962962962965 0.005555555555555536
0 0.39861111111111114 0.6013888888888889 0.0027777777777778234 0.005555555555555536
