0 0.3666666666666667 0.625 0.007407407407407363 0.022222222222222143
0 0.5537037037037038 0.60625 0.007407407407407418 0.012500000000000067
0 0.5333333333333333 0.6111111111111112 0.005555555555555536 0.011111111111111183
0 0.5152777777777777 0.6152777777777778 0.008333333333333415 0.011111111111111072
0 0.43472222222222223 0.6125 0.002777777777777768 0.005555555555555536
0 0.026851851851851852 0.6409722222222223 0.014814814814814815 0.03749999999999998
0 0.5782407407407407 0.6097222222222223 0.002777777777777768 0.005555555555555647
0 0.5726851851851852 0.6090277777777777 0.0009259259259259967 0.004166666666666763
0 0.6018518518518519 0.6076388888888888 0.0018518518518517713 0.004166666666666763
0 0.5824074074074075 0.6097222222222223 0.0018518518518518823 0.005555555555555647
0 0.612037037037037 0.6055555555555555 0.0037037037037037646 0.005555555555555536
0 0.6074074074074074 0.6041666666666666 0.0018518518518517713 0.005555555555555536
