0 0.016666666666666666 0.40069444444444446 0.03333333333333333 0.0402777777777778
0 0.08009259259259259 0.47986111111111107 0.02685185185185185 0.0402777777777778
0 0.24259259259259258 0.45 0.014814814814814808 0.025000000000000022
0 0.27083333333333337 0.44375 0.021296296296296313 0.03194444444444444
0 0.4194444444444444 0.45 0.003703703703703709 0.005555555555555536
0 0.4412037037037037 0.4638888888888889 0.008333333333333304 0.016666666666666663
0 0.43194444444444446 0.4548611111111111 0.004629629629629595 0.009722222222222188
0 0.45879629629629626 0.47152777777777777 0.006481481481481477 0.00694444444444442
0 0.5023148148148148 0.4590277777777778 0.012037037037037013 0.023611111111111083
0 0.5476851851851852 0.44166666666666665 0.01388888888888884 0.0222222222222222
