0 0.6435185185185186 0.49236111111111114 0.03703703703703709 0.06805555555555559
0 0.7930555555555556 0.48680555555555555 0.03240740740740733 0.043055555555555514
0 0.8731481481481481 0.5097222222222222 0.025925925925925908 0.04444444444444445
0 0.4837962962962963 0.5333333333333333 0.00462962962962965 0.011111111111111072
0 0.4703703703703703 0.5354166666666667 0.003703703703703709 0.00694444444444442
0 0.4513888888888889 0.5333333333333333 0.008333333333333304 0.011111111111111072
0 0.4384259259259259 0.5381944444444444 0.00833333333333336 0.012499999999999956
0 0.4134259259259259 0.5381944444444444 0.0009259259259258856 0.001388888888888884
0 0.40925925925925927 0.5354166666666667 0.007407407407407418 0.009722222222222188
0 0.3888888888888889 0.5326388888888889 0.007407407407407418 0.012499999999999956
0 0.37222222222222223 0.5361111111111111 0.0018518518518518823 0.005555555555555536
0 0.36388888888888893 0.5375 0.0018518518518518268 0.005555555555555536
0 0.35416666666666663 0.5361111111111111 0.0009259259259259411 0.005555555555555536
