0 0.6601851851851852 0.45555555555555555 0.020370370370370372 0.04166666666666663
0 0.5453703703703704 0.5083333333333333 0.005555555555555536 0.011111111111111072
0 0.5041666666666667 0.5090277777777777 0.0064814814814815325 0.009722222222222188
0 0.4893518518518518 0.5118055555555556 0.00833333333333336 0.012500000000000067
0 0.4824074074074074 0.5159722222222223 0.005555555555555536 0.012500000000000067
0 0.4736111111111111 0.5243055555555556 0.002777777777777768 0.009722222222222188
0 0.3990740740740741 0.5402777777777779 0.005555555555555536 0.01388888888888895
0 0.41481481481481486 0.5319444444444444 0.003703703703703709 0.011111111111111072
0 0.425 0.5319444444444444 0.005555555555555536 0.011111111111111072
0 0.027314814814814816 0.60625 0.013888888888888888 0.023611111111111138
0 0.3643518518518518 0.56875 0.006481481481481477 0.012499999999999956
0 0.5222222222222223 0.49930555555555556 0.005555555555555536 0.009722222222222188
0 0.7773148148148148 0.4527777777777778 0.00462962962962965 0.011111111111111072
