0 0.28564814814814815 0.49236111111111114 0.04351851851851851 0.07916666666666666
0 0.24074074074074076 0.5034722222222222 0.03148148148148147 0.054166666666666696
0 0.1648148148148148 0.4895833333333333 0.029629629629629645 0.04583333333333328
0 0.34444444444444444 0.5027777777777778 0.012962962962962954 0.03888888888888892
0 0.5328703703703703 0.5604166666666667 0.00462962962962965 0.00694444444444442
0 0.5523148148148148 0.5590277777777778 0.004629629629629539 0.001388888888888884
0 0.5865740740740741 0.5652777777777778 0.00462962962962965 0.005555555555555536
0 0.6231481481481482 0.5590277777777778 0.007407407407407418 0.015277777777777724
0 0.6324074074074074 0.5486111111111112 0.011111111111111072 0.01388888888888895
0 0.6027777777777779 0.5590277777777778 0.0037037037037036535 0.00694444444444442
0 0.6092592592592593 0.5604166666666667 0.0037037037037037646 0.00694444444444442
0 0.5805555555555555 0.5611111111111111 0.0037037037037036535 0.008333333333333304
0 0.5731481481481482 0.5541666666666667 0.005555555555555536 0.005555555555555536
0 0.5273148148148148 0.5631944444444444 0.00462962962962965 0.00694444444444442
0 0.787037037037037 0.5381944444444444 0.0351851851851851 0.018055555555555602
