0 0.10972222222222222 0.5916666666666667 0.010185185185185186 0.016666666666666607
0 0.17407407407407408 0.5875 0.012962962962962954 0.01388888888888884
0 0.20277777777777778 0.5888888888888889 0.011111111111111127 0.01388888888888884
0 0.21805555555555556 0.5805555555555555 0.013888888888888895 0.011111111111111183
0 0.28703703703703703 0.5888888888888889 0.031481481481481444 0.05833333333333335
0 0.43194444444444446 0.5902777777777778 0.013888888888888895 0.019444444444444375
0 0.4814814814814815 0.5798611111111112 0.01296296296296301 0.018055555555555602
0 0.6097222222222223 0.6423611111111112 0.01388888888888895 0.018055555555555602
0 0.6912037037037038 0.6069444444444445 0.008333333333333415 0.022222222222222254
0 0.7680555555555555 0.5923611111111111 0.012037037037036957 0.02083333333333326
0 0.8337962962962964 0.5756944444444445 0.01388888888888895 0.023611111111111138
