0 0.14305555555555555 0.6055555555555556 0.013888888888888895 0.01666666666666672
0 0.15185185185185185 0.6104166666666666 0.011111111111111127 0.015277777777777835
0 0.17175925925925925 0.6166666666666667 0.006481481481481477 0.01666666666666672
0 0.18055555555555555 0.6055555555555556 0.011111111111111127 0.01666666666666672
0 0.2064814814814815 0.6104166666666666 0.007407407407407418 0.018055555555555602
0 0.22083333333333333 0.6145833333333333 0.008333333333333331 0.012500000000000067
0 0.22916666666666669 0.6284722222222222 0.01203703703703704 0.02083333333333326
0 0.2837962962962963 0.5923611111111111 0.01018518518518513 0.00694444444444442
0 0.5287037037037037 0.5756944444444445 0.007407407407407418 0.012500000000000067
0 0.5620370370370371 0.6076388888888888 0.007407407407407418 0.012500000000000067
0 0.6453703703703704 0.6409722222222223 0.0185185185185186 0.02083333333333337
0 0.7537037037037038 0.6069444444444445 0.033333333333333326 0.04999999999999993
0 0.8481481481481481 0.6194444444444445 0.022222222222222254 0.036111111111111094
0 0.9046296296296297 0.601388888888889 0.022222222222222254 0.025000000000000022
0 0.7231481481481481 0.7104166666666667 0.02777777777777779 0.03194444444444444
0 0.5898148148148148 0.6979166666666666 0.051851851851851816 0.06805555555555554
