0 0.25601851851851853 0.5854166666666667 0.00833333333333336 0.018055555555555602
0 0.5185185185185186 0.5229166666666667 0.012962962962962954 0.018055555555555602
0 0.5689814814814815 0.5118055555555556 0.015740740740740722 0.02083333333333337
0 0.6194444444444445 0.48541666666666666 0.020370370370370372 0.03749999999999998
0 0.6648148148148147 0.4902777777777778 0.012962962962962954 0.024999999999999967
0 0.6861111111111111 0.47291666666666665 0.0185185185185186 0.026388888888888906
0 0.637962962962963 0.49930555555555556 0.014814814814814836 0.020833333333333315
0 0.7620370370370371 0.48680555555555555 0.024074074074074026 0.04583333333333328
0 0.7717592592592593 0.42986111111111114 0.01388888888888884 0.04305555555555557
0 0.8550925925925926 0.4534722222222222 0.017592592592592604 0.03472222222222221
0 0.8185185185185185 0.44513888888888886 0.016666666666666607 0.018055555555555547
0 0.5884259259259259 0.5006944444444444 0.010185185185185186 0.015277777777777724
0 0.36388888888888893 0.56875 0.009259259259259245 0.012499999999999956
0 0.4041666666666667 0.5430555555555556 0.006481481481481477 0.011111111111111183
0 0.43796296296296294 0.5354166666666667 0.007407407407407418 0.015277777777777724
0 0.4583333333333333 0.5236111111111111 0.007407407407407418 0.011111111111111072
0 0.4722222222222222 0.5270833333333333 0.009259259259259245 0.015277777777777724
0 0.48657407407407405 0.5236111111111111 0.00833333333333336 0.01388888888888884
0 0.49444444444444446 0.523611111111111 0.007407407407407418 0.01666666666666672
0 0.5092592592592593 0.5215277777777778 0.00925925925925919 0.012500000000000067
0 0.4273148148148148 0.5361111111111111 0.00462962962962965 0.008333333333333304
0 0.4106481481481481 0.5395833333333333 0.006481481481481477 0.012499999999999956
