0 0.12037037037037036 0.7145833333333333 0.014814814814814808 0.023611111111111138
0 0.2777777777777778 0.6326388888888889 0.005555555555555536 0.009722222222222188
0 0.29027777777777775 0.6381944444444445 0.004629629629629595 0.009722222222222299
0 0.3041666666666667 0.6305555555555555 0.006481481481481477 0.011111111111111072
0 0.3222222222222222 0.6388888888888888 0.005555555555555591 0.008333333333333415
0 0.33564814814814814 0.6361111111111111 0.006481481481481477 0.008333333333333304
0 0.33055555555555555 0.6569444444444444 0.007407407407407418 0.011111111111111072
0 0.3541666666666667 0.6243055555555556 0.002777777777777768 0.00694444444444442
0 0.39675925925925926 0.6319444444444444 0.008333333333333304 0.01388888888888884
0 0.42500000000000004 0.6222222222222222 0.011111111111111127 0.016666666666666607
0 0.4513888888888889 0.6263888888888889 0.012037037037037068 0.019444444444444375
0 0.47453703703703703 0.6277777777777778 0.010185185185185186 0.01388888888888884
0 0.5486111111111112 0.6048611111111111 0.019444444444444486 0.03194444444444444
0 0.5824074074074075 0.586111111111111 0.01851851851851849 0.02777777777777779
0 0.6324074074074074 0.5847222222222221 0.014814814814814836 0.02777777777777779
