0 0.3944444444444445 0.5375000000000001 0.011111111111111127 0.019444444444444486
0 0.45185185185185184 0.5444444444444445 0.009259259259259245 0.022222222222222254
0 0.4708333333333333 0.5381944444444444 0.008333333333333304 0.023611111111111138
0 0.5699074074074073 0.55625 0.00462962962962965 0.00694444444444442
0 0.5814814814814815 0.5597222222222222 0.0037037037037037646 0.008333333333333304
0 0.5916666666666667 0.5576388888888889 0.0018518518518517713 0.001388888888888884
0 0.5944444444444444 0.5590277777777778 0.0037037037037037646 0.00694444444444442
0 0.4384259259259259 0.5534722222222221 0.00833333333333336 0.018055555555555602
0 0.7180555555555556 0.5583333333333333 0.03425925925925921 0.022222222222222143
0 0.6175925925925927 0.5576388888888889 0.007407407407407418 0.012499999999999956
0 0.6203703703703703 0.5604166666666667 0.0092592592592593 0.015277777777777724
