0 0.1685185185185185 0.6166666666666667 0.005555555555555564 0.005555555555555536
0 0.17638888888888887 0.6125 0.006481481481481505 0.011111111111111183
0 0.20092592592592592 0.6041666666666666 0.007407407407407418 0.008333333333333304
0 0.2189814814814815 0.6097222222222223 0.0046296296296296224 0.008333333333333415
0 0.23796296296296296 0.6083333333333334 0.007407407407407418 0.011111111111111183
0 0.24351851851851852 0.6076388888888888 0.003703703703703709 0.009722222222222299
0 0.28194444444444444 0.6097222222222223 0.006481481481481477 0.008333333333333415
0 0.27314814814814814 0.6083333333333334 0.003703703703703709 0.011111111111111183
0 0.26342592592592595 0.6097222222222223 0.006481481481481477 0.008333333333333415
0 0.3194444444444444 0.6083333333333334 0.007407407407407363 0.011111111111111183
0 0.29074074074074074 0.6048611111111111 0.005555555555555536 0.00694444444444442
0 0.7847222222222223 0.6125 0.00462962962962965 0.011111111111111183
0 0.10324074074074074 0.6090277777777777 0.0046296296296296224 0.006944444444444531
0 0.3032407407407407 0.6090277777777777 0.006481481481481477 0.006944444444444531
0 0.08703703703703704 0.5923611111111111 0.005555555555555564 0.015277777777777724
0 0.1912037037037037 0.6236111111111111 0.006481481481481477 0.008333333333333304
0 0.5486111111111112 0.601388888888889 0.010185185185185186 0.01666666666666672
