0 0.8476851851851852 0.35763888888888884 0.05833333333333335 0.0763888888888889
0 0.6541666666666667 0.49374999999999997 0.02499999999999991 0.03749999999999998
0 0.624537037037037 0.4986111111111111 0.017592592592592604 0.030555555555555503
0 0.6 0.5118055555555556 0.016666666666666607 0.029166666666666674
0 0.5425925925925926 0.5472222222222223 0.0092592592592593 0.01666666666666672
0 0.5111111111111111 0.5361111111111111 0.00925925925925919 0.016666666666666607
0 0.49398148148148147 0.5305555555555556 0.012037037037037013 0.019444444444444375
0 0.5587962962962962 0.5152777777777777 0.008333333333333415 0.011111111111111183
0 0.45555555555555555 0.5763888888888888 0.007407407407407418 0.011111111111111183
0 0.46990740740740744 0.5506944444444444 0.004629629629629595 0.009722222222222299
0 0.5175925925925926 0.5388888888888889 0.0037037037037037646 0.011111111111111072
