0 0.6157407407407407 0.5208333333333333 0.01666666666666672 0.02777777777777779
0 0.5462962962962963 0.5333333333333333 0.016666666666666607 0.02499999999999991
0 0.413425925925926 0.5145833333333334 0.02685185185185185 0.040277777777777746
0 0.36157407407407405 0.5361111111111112 0.021296296296296313 0.036111111111111094
0 0.750925925925926 0.46458333333333335 0.012962962962962954 0.020833333333333315
0 0.9166666666666666 0.48055555555555557 0.020370370370370372 0.02777777777777779
0 0.01990740740740741 0.6368055555555556 0.012037037037037037 0.02083333333333337
0 0.4930555555555556 0.5125 0.004629629629629595 0.019444444444444486
0 0.8708333333333333 0.6222222222222222 0.00462962962962965 0.008333333333333304
0 0.5726851851851852 0.675 0.002777777777777768 0.005555555555555536
0 0.47638888888888886 0.6909722222222222 0.004629629629629595 0.00694444444444442
0 0.4546296296296296 0.69375 0.003703703703703709 0.00694444444444442
0 0.12777777777777777 0.7395833333333334 0.003703703703703709 0.00694444444444442
0 0.23518518518518516 0.7215277777777778 0.0018518518518518545 0.00694444444444442
