0 0.4638888888888889 0.5125 0.0222222222222222 0.030555555555555558
0 0.5726851851851852 0.5597222222222222 0.017592592592592604 0.02499999999999991
0 0.6268518518518519 0.4444444444444444 0.029629629629629672 0.03333333333333338
0 0.7513888888888889 0.4965277777777778 0.02314814814814814 0.031944444444444386
0 0.836111111111111 0.3375 0.022222222222222254 0.055555555555555525
0 0.9847222222222223 0.46111111111111114 0.02314814814814825 0.041666666666666685
0 0.03333333333333333 0.6659722222222222 0.007407407407407404 0.018055555555555602
0 0.07314814814814816 0.6583333333333333 0.007407407407407404 0.016666666666666607
0 0.725462962962963 0.6791666666666667 0.00462962962962965 0.011111111111111072
0 0.6972222222222222 0.6854166666666667 0.005555555555555536 0.012499999999999956
0 0.6791666666666667 0.6875 0.00462962962962965 0.008333333333333304
0 0.6287037037037038 0.6951388888888889 0.005555555555555647 0.009722222222222188
0 0.02824074074074074 0.6784722222222221 0.008333333333333331 0.015277777777777835
