0 0.1574074074074074 0.6430555555555555 0.012962962962962954 0.01666666666666672
0 0.03518518518518519 0.6131944444444444 0.009259259259259262 0.015277777777777835
0 0.23657407407407408 0.5472222222222223 0.012037037037037013 0.030555555555555558
0 0.42361111111111116 0.5256944444444445 0.006481481481481477 0.029166666666666674
0 0.49212962962962964 0.53125 0.015740740740740722 0.026388888888888795
0 0.5722222222222222 0.5173611111111112 0.0092592592592593 0.023611111111111138
0 0.8722222222222222 0.4284722222222222 0.016666666666666607 0.03194444444444444
0 0.33472222222222225 0.5506944444444444 0.00833333333333336 0.023611111111111138
0 0.6402777777777777 0.49236111111111114 0.01388888888888895 0.02916666666666662
0 0.5365740740740741 0.6027777777777779 0.008333333333333304 0.01388888888888895
0 0.9898148148148148 0.6027777777777777 0.005555555555555536 0.011111111111111072
0 0.9263888888888889 0.6041666666666667 0.008333333333333304 0.011111111111111183
0 0.787037037037037 0.5951388888888889 0.00925925925925919 0.012499999999999956
0 0.7828703703703703 0.6409722222222223 0.0064814814814814214 0.012500000000000067
0 0.6351851851851852 0.6194444444444445 0.005555555555555536 0.01388888888888884
0 0.12638888888888888 0.7395833333333334 0.006481481481481477 0.00694444444444442
