0 0.4287037037037037 0.47916666666666663 0.01851851851851849 0.03888888888888892
0 0.9569444444444444 0.4513888888888889 0.015740740740740722 0.033333333333333326
0 0.9268518518518518 0.5020833333333333 0.01666666666666672 0.03750000000000003
0 0.5662037037037038 0.28125 0.012037037037036957 0.04583333333333328
0 0.02175925925925926 0.6784722222222221 0.008333333333333331 0.015277777777777835
0 0.10787037037037037 0.6604166666666667 0.008333333333333331 0.015277777777777724
0 0.8486111111111111 0.4569444444444445 0.0064814814814815325 0.0222222222222222
0 0.6185185185185185 0.6847222222222222 0.005555555555555647 0.011111111111111072
0 0.6736111111111112 0.6805555555555556 0.00462962962962965 0.011111111111111072
0 0.7643518518518518 0.6805555555555556 0.0064814814814815325 0.011111111111111072
0 0.09259259259259259 0.7263888888888889 0.003703703703703695 0.008333333333333304
0 0.7212962962962963 0.725 0.005555555555555536 0.011111111111111072
0 0.7902777777777779 0.7194444444444444 0.00462962962962965 0.008333333333333304
0 0.9157407407407407 0.6965277777777777 0.0037037037037037646 0.00694444444444442
