0 0.22592592592592592 0.586111111111111 0.009259259259259273 0.019444444444444486
0 0.1699074074074074 0.6819444444444445 0.010185185185185186 0.016666666666666607
0 0.13194444444444445 0.7388888888888889 0.002777777777777768 0.005555555555555536
0 0.3851851851851852 0.5298611111111111 0.012962962962962954 0.01805555555555549
0 0.41574074074074074 0.5097222222222222 0.007407407407407418 0.025000000000000022
0 0.4819444444444444 0.45416666666666666 0.006481481481481477 0.022222222222222254
0 0.4546296296296296 0.6895833333333333 0.003703703703703709 0.00694444444444442
0 0.499537037037037 0.6868055555555556 0.0027777777777777124 0.00694444444444442
0 0.5032407407407408 0.6881944444444444 0.002777777777777768 0.004166666666666652
0 0.5990740740740741 0.625 0.007407407407407418 0.011111111111111072
0 0.6574074074074074 0.6243055555555556 0.007407407407407418 0.012499999999999956
0 0.6625 0.6166666666666667 0.0064814814814815325 0.011111111111111072
0 0.673148148148148 0.6243055555555556 0.007407407407407418 0.009722222222222188
0 0.775462962962963 0.46319444444444446 0.015740740740740722 0.02638888888888885
0 0.8685185185185185 0.5729166666666667 0.00925925925925919 0.015277777777777835
