0 0.8481481481481481 0.46319444444444446 0.011111111111111183 0.03472222222222221
0 0.7666666666666666 0.4291666666666667 0.00925925925925919 0.041666666666666685
0 0.5981481481481481 0.39375 0.011111111111111183 0.026388888888888906
0 0.5023148148148149 0.3340277777777778 0.010185185185185186 0.0402777777777778
0 0.34074074074074073 0.625 0.014814814814814836 0.022222222222222143
0 0.2675925925925926 0.6006944444444444 0.009259259259259245 0.018055555555555602
0 0.2138888888888889 0.5743055555555556 0.012962962962962982 0.026388888888888906
0 0.11712962962962963 0.6868055555555556 0.006481481481481477 0.012499999999999956
0 0.07824074074074074 0.6493055555555556 0.008333333333333331 0.015277777777777724
0 0.04814814814814815 0.6618055555555555 0.003703703703703709 0.012499999999999956
0 0.48518518518518516 0.6868055555555556 0.005555555555555591 0.009722222222222188
0 0.5972222222222222 0.6861111111111111 0.005555555555555536 0.008333333333333304
0 0.6819444444444445 0.6895833333333333 0.0064814814814815325 0.009722222222222188
0 0.6990740740740741 0.6763888888888889 0.005555555555555536 0.011111111111111183
0 0.6662037037037036 0.6819444444444445 0.0064814814814814214 0.008333333333333304
0 0.7236111111111112 0.7201388888888889 0.00462962962962965 0.009722222222222188
0 0.7574074074074074 0.6833333333333333 0.0037037037037037646 0.008333333333333304
0 0.7703703703703704 0.6875 0.0037037037037037646 0.008333333333333304
0 0.8374999999999999 0.6722222222222223 0.00462962962962965 0.008333333333333415
0 0.8356481481481481 0.6847222222222222 0.004629629629629539 0.008333333333333304
