0 0.4087962962962963 0.5638888888888889 0.01944444444444443 0.019444444444444375
0 0.5421296296296296 0.5534722222222221 0.015740740740740833 0.026388888888888906
0 0.4986111111111111 0.5590277777777778 0.012037037037037068 0.023611111111111027
0 0.7856481481481481 0.5673611111111112 0.01388888888888895 0.023611111111111138
0 0.7060185185185185 0.4861111111111111 0.008333333333333304 0.033333333333333326
0 0.6592592592592592 0.6659722222222222 0.005555555555555647 0.012500000000000067
0 0.6726851851851852 0.6659722222222222 0.0064814814814815325 0.009722222222222188
0 0.6847222222222222 0.6645833333333333 0.0064814814814815325 0.012499999999999956
0 0.5921296296296297 0.6590277777777778 0.008333333333333415 0.012499999999999956
0 0.9152777777777779 0.6548611111111111 0.0064814814814814214 0.009722222222222188
0 0.8583333333333334 0.6527777777777778 0.005555555555555647 0.008333333333333304
0 0.9601851851851853 0.6243055555555556 0.011111111111111183 0.015277777777777724
0 0.5643518518518518 0.6569444444444444 0.00462962962962965 0.01388888888888884
0 0.5662037037037038 0.6729166666666666 0.0064814814814814214 0.009722222222222299
0 0.6287037037037038 0.6638888888888889 0.007407407407407418 0.011111111111111072
0 0.9958333333333333 0.6333333333333333 0.0064814814814815325 0.01388888888888884
