0 0.9731481481481481 0.45416666666666666 0.020370370370370372 0.025000000000000022
0 0.9125000000000001 0.5951388888888889 0.00462962962962965 0.009722222222222188
0 0.8712962962962962 0.6381944444444445 0.007407407407407418 0.012500000000000067
0 0.8523148148148147 0.6347222222222222 0.008333333333333415 0.01388888888888895
0 0.8027777777777778 0.6451388888888889 0.007407407407407418 0.012500000000000067
0 0.8226851851851852 0.6243055555555556 0.004629629629629539 0.009722222222222188
0 0.7726851851851853 0.6340277777777777 0.00462962962962965 0.00694444444444442
0 0.7912037037037036 0.6458333333333333 0.00462962962962965 0.011111111111111183
0 0.7296296296296296 0.6069444444444445 0.005555555555555536 0.011111111111111183
0 0.6837962962962962 0.4666666666666667 0.019444444444444486 0.02777777777777779
0 0.6634259259259259 0.6145833333333334 0.00462962962962965 0.009722222222222188
0 0.6152777777777778 0.6340277777777777 0.008333333333333304 0.012499999999999956
0 0.5513888888888889 0.6465277777777778 0.0064814814814814214 0.009722222222222188
0 0.4666666666666667 0.4527777777777778 0.01851851851851849 0.04166666666666663
0 0.45416666666666666 0.38819444444444445 0.012037037037037068 0.03749999999999998
0 0.4027777777777778 0.5048611111111111 0.02407407407407408 0.034722222222222265
0 0.3 0.5138888888888888 0.025925925925925908 0.036111111111111094
0 0.0699074074074074 0.6548611111111111 0.010185185185185186 0.01805555555555549
0 0.04583333333333334 0.6499999999999999 0.013888888888888888 0.019444444444444486
