0 0.9504629629629631 0.5513888888888889 0.010185185185185186 0.01388888888888895
0 0.9564814814814815 0.5541666666666667 0.005555555555555536 0.01388888888888884
0 0.9009259259259259 0.4819444444444444 0.016666666666666607 0.01944444444444443
0 0.7907407407407407 0.4 0.022222222222222143 0.03888888888888892
0 0.7731481481481481 0.6111111111111112 0.005555555555555536 0.011111111111111183
0 0.6754629629629629 0.4979166666666667 0.017592592592592604 0.02638888888888885
0 0.6592592592592592 0.6479166666666667 0.007407407407407418 0.012499999999999956
0 0.5217592592592593 0.3256944444444444 0.028703703703703676 0.04583333333333334
0 0.4597222222222222 0.4534722222222222 0.02314814814814814 0.040277777777777746
0 0.3319444444444445 0.5333333333333334 0.021296296296296313 0.02777777777777779
0 0.07592592592592592 0.6479166666666667 0.011111111111111113 0.018055555555555602
0 0.04814814814814815 0.6277777777777778 0.009259259259259259 0.022222222222222143
