0 0.06388888888888888 0.43194444444444446 0.03888888888888888 0.06944444444444448
0 0.524537037037037 0.5673611111111111 0.026851851851851904 0.043055555555555625
0 0.46944444444444444 0.5277777777777778 0.033333333333333326 0.050000000000000044
0 0.9814814814814814 0.41874999999999996 0.024074074074074026 0.05138888888888887
0 0.7393518518518518 0.5597222222222222 0.025000000000000022 0.04166666666666674
0 0.6541666666666666 0.7493055555555556 0.010185185185185186 0.015277777777777724
0 0.8319444444444444 0.7305555555555556 0.008333333333333415 0.019444444444444486
0 0.7833333333333333 0.7298611111111111 0.005555555555555536 0.015277777777777835
0 0.7078703703703704 0.8145833333333333 0.004629629629629539 0.00694444444444442
0 0.9291666666666667 0.7986111111111112 0.012037037037037068 0.022222222222222254
0 0.30648148148148147 0.8375 0.005555555555555536 0.008333333333333304
0 0.32175925925925924 0.8256944444444445 0.00462962962962965 0.006944444444444531
0 0.48750000000000004 0.5743055555555556 0.013888888888888895 0.043055555555555514
0 0.5592592592592592 0.8194444444444444 0.005555555555555536 0.008333333333333304
0 0.6064814814814815 0.8145833333333333 0.005555555555555536 0.009722222222222188
