0 0.525462962962963 0.5534722222222221 0.017592592592592493 0.029166666666666674
0 0.7143518518518519 0.5402777777777779 0.01388888888888895 0.030555555555555558
0 0.48333333333333334 0.5694444444444444 0.005555555555555536 0.011111111111111072
0 0.45787037037037037 0.5604166666666667 0.0064814814814815325 0.012499999999999956
0 0.4703703703703704 0.5708333333333333 0.005555555555555536 0.008333333333333304
0 0.9398148148148148 0.5069444444444444 0.04629629629629628 0.06944444444444442
0 0.7537037037037038 0.5277777777777777 0.014814814814814725 0.02777777777777779
0 0.42083333333333334 0.5680555555555555 0.002777777777777768 0.008333333333333304
0 0.4087962962962963 0.5680555555555555 0.004629629629629595 0.008333333333333304
0 0.4476851851851852 0.5680555555555555 0.0064814814814815325 0.008333333333333304
0 0.4013888888888889 0.5743055555555555 0.002777777777777768 0.004166666666666652
0 0.44212962962962965 0.5673611111111111 0.002777777777777768 0.009722222222222188
0 0.6611111111111111 0.5486111111111112 0.024074074074074137 0.033333333333333326
0 0.8717592592592593 0.5305555555555556 0.010185185185185186 0.02777777777777768
