0 0.35370370370370374 0.5722222222222222 0.009259259259259245 0.019444444444444486
0 0.4662037037037037 0.5652777777777778 0.01018518518518513 0.019444444444444375
0 0.47777777777777775 0.56875 0.007407407407407363 0.01805555555555549
0 0.5166666666666666 0.5569444444444445 0.012962962962962954 0.033333333333333326
0 0.5407407407407407 0.5506944444444444 0.016666666666666607 0.03194444444444444
0 0.575462962962963 0.5583333333333333 0.015740740740740833 0.022222222222222143
0 0.6199074074074074 0.55 0.015740740740740722 0.02777777777777779
0 0.7124999999999999 0.49930555555555556 0.025000000000000022 0.023611111111111083
0 0.7782407407407408 0.4965277777777778 0.025000000000000022 0.023611111111111083
0 0.8981481481481481 0.5201388888888889 0.012962962962962954 0.023611111111111138
0 0.9712962962962963 0.5090277777777779 0.011111111111111072 0.018055555555555602
0 0.4305555555555556 0.5638888888888889 0.005555555555555591 0.019444444444444375
