0 0.16666666666666666 0.5520833333333333 0.016666666666666663 0.03194444444444444
0 0.36018518518518516 0.5159722222222223 0.009259259259259245 0.026388888888888906
0 0.5249999999999999 0.5097222222222222 0.01851851851851849 0.025000000000000022
0 0.9324074074074074 0.42986111111111114 0.02037037037037026 0.02916666666666662
0 0.4800925925925926 0.5215277777777778 0.012037037037037013 0.02083333333333337
0 0.05740740740740741 0.6381944444444445 0.009259259259259259 0.023611111111111138
0 0.6180555555555556 0.6277777777777778 0.0064814814814815325 0.01388888888888884
0 0.6291666666666667 0.6229166666666667 0.0064814814814815325 0.012499999999999956
0 0.9939814814814815 0.5506944444444444 0.008333333333333304 0.015277777777777835
0 0.774537037037037 0.6326388888888889 0.00462962962962965 0.00694444444444442
0 0.7333333333333334 0.6152777777777778 0.007407407407407418 0.011111111111111072
0 0.6875 0.6048611111111111 0.0064814814814815325 0.012500000000000067
0 0.6097222222222223 0.6208333333333333 0.00462962962962965 0.011111111111111072
0 0.09768518518518518 0.7430555555555556 0.004629629629629636 0.008333333333333304
