0 0.4805555555555555 0.475 0.0222222222222222 0.03611111111111115
0 0.8847222222222222 0.4902777777777778 0.021296296296296258 0.024999999999999967
0 0.7578703703703704 0.34375 0.02314814814814814 0.043055555555555514
0 0.6694444444444445 0.6604166666666667 0.007407407407407418 0.012499999999999956
0 0.6444444444444444 0.625 0.00925925925925919 0.019444444444444375
0 0.5837962962962964 0.6743055555555555 0.0064814814814814214 0.009722222222222299
0 0.925 0.6298611111111111 0.011111111111111183 0.01805555555555549
0 0.8541666666666666 0.6513888888888889 0.008333333333333304 0.01388888888888884
0 0.9143518518518519 0.6333333333333333 0.008333333333333304 0.01666666666666672
0 0.9893518518518518 0.6402777777777777 0.008333333333333304 0.01388888888888895
0 0.7902777777777779 0.7097222222222223 0.00462962962962965 0.011111111111111072
