0 0.8324074074074074 0.48055555555555557 0.020370370370370372 0.0805555555555556
0 0.7412037037037037 0.4736111111111111 0.028703703703703676 0.0222222222222222
0 0.6444444444444445 0.5090277777777779 0.014814814814814836 0.02083333333333337
0 0.8462962962962963 0.4527777777777778 0.011111111111111072 0.05277777777777781
0 0.375462962962963 0.5180555555555555 0.006481481481481477 0.01388888888888895
0 0.3763888888888889 0.5083333333333333 0.006481481481481477 0.011111111111111072
0 0.3907407407407407 0.5166666666666666 0.005555555555555591 0.011111111111111183
0 0.39768518518518514 0.5090277777777779 0.006481481481481477 0.015277777777777835
0 0.3856481481481482 0.5131944444444445 0.004629629629629595 0.009722222222222299
0 0.36018518518518516 0.51875 0.005555555555555591 0.012500000000000067
0 0.4092592592592592 0.5034722222222222 0.003703703703703709 0.009722222222222188
