0 0.2777777777777778 0.6201388888888888 0.01851851851851849 0.029166666666666674
0 0.2847222222222222 0.6006944444444444 0.010185185185185186 0.026388888888888906
0 0.5902777777777778 0.601388888888889 0.012037037037037068 0.025000000000000022
0 0.6527777777777777 0.5986111111111111 0.012962962962962954 0.019444444444444375
0 0.7555555555555555 0.6048611111111111 0.011111111111111072 0.018055555555555602
0 0.3138888888888889 0.6138888888888889 0.003703703703703709 0.008333333333333304
0 0.3375 0.6125 0.002777777777777768 0.008333333333333415
0 0.3763888888888889 0.6125 0.00462962962962965 0.008333333333333415
0 0.38564814814814813 0.6145833333333334 0.002777777777777768 0.00694444444444442
0 0.40324074074074073 0.6159722222222223 0.002777777777777768 0.00694444444444442
0 0.36203703703703705 0.6111111111111112 0.003703703703703709 0.008333333333333415
