0 0.4527777777777778 0.5513888888888889 0.03518518518518521 0.05833333333333335
0 0.5375 0.5416666666666667 0.03425925925925921 0.04999999999999993
0 0.649537037037037 0.5506944444444444 0.02314814814814814 0.04861111111111105
0 0.8467592592592592 0.5083333333333333 0.026851851851851793 0.04722222222222222
0 0.7986111111111112 0.5208333333333333 0.019444444444444486 0.02777777777777779
0 0.5666666666666667 0.5444444444444445 0.016666666666666607 0.025000000000000022
0 0.6009259259259259 0.5708333333333333 0.01666666666666672 0.025000000000000022
0 0.4050925925925926 0.55 0.010185185185185186 0.019444444444444486
0 0.3138888888888889 0.5590277777777778 0.0092592592592593 0.012499999999999956
0 0.27546296296296297 0.5680555555555555 0.00462962962962965 0.011111111111111072
0 0.6064814814814815 0.5423611111111111 0.005555555555555536 0.012500000000000067
