0 0.7587962962962963 0.5375000000000001 0.01388888888888884 0.025000000000000022
0 0.7277777777777779 0.5625 0.012962962962962954 0.02499999999999991
0 0.9032407407407408 0.5666666666666667 0.028703703703703787 0.04166666666666674
0 0.28009259259259256 0.5666666666666667 0.006481481481481477 0.008333333333333304
0 0.2606481481481482 0.5583333333333333 0.00833333333333336 0.01388888888888884
0 0.3652777777777778 0.5576388888888889 0.006481481481481477 0.012499999999999956
0 0.4189814814814815 0.5645833333333333 0.004629629629629595 0.009722222222222188
0 0.44537037037037036 0.5701388888888889 0.005555555555555536 0.012499999999999956
0 0.19675925925925924 0.5638888888888889 0.006481481481481505 0.011111111111111072
0 0.24259259259259258 0.5666666666666667 0.005555555555555564 0.008333333333333304
0 0.008796296296296295 0.5826388888888889 0.013888888888888888 0.026388888888888906
0 0.039351851851851846 0.5666666666666667 0.015740740740740743 0.019444444444444375
0 0.35138888888888886 0.5701388888888889 0.010185185185185186 0.012499999999999956
0 0.3888888888888889 0.5506944444444444 0.007407407407407418 0.012500000000000067
0 0.5300925925925926 0.5527777777777778 0.008333333333333304 0.01388888888888895
