0 0.8657407407407407 0.6729166666666666 0.011111111111111183 0.023611111111111138
0 0.8388888888888889 0.6611111111111111 0.005555555555555536 0.01388888888888884
0 0.8101851851851851 0.6819444444444445 0.01666666666666672 0.019444444444444375
0 0.8444444444444444 0.6520833333333333 0.007407407407407307 0.012499999999999956
0 0.7606481481481482 0.65625 0.0064814814814814214 0.015277777777777724
0 0.7296296296296296 0.6493055555555556 0.007407407407407307 0.015277777777777724
0 0.7050925925925926 0.6513888888888889 0.010185185185185186 0.016666666666666607
0 0.6972222222222222 0.6333333333333333 0.007407407407407418 0.01388888888888884
0 0.6847222222222222 0.6388888888888888 0.0064814814814815325 0.01388888888888895
0 0.6486111111111111 0.6402777777777777 0.0064814814814815325 0.01388888888888895
0 0.6615740740740741 0.6569444444444444 0.01388888888888884 0.019444444444444375
0 0.6268518518518519 0.6340277777777777 0.005555555555555536 0.009722222222222188
0 0.6097222222222223 0.6305555555555555 0.00462962962962965 0.011111111111111072
0 0.5962962962962963 0.6319444444444444 0.0092592592592593 0.011111111111111072
0 0.5675925925925926 0.6243055555555556 0.0037037037037036535 0.00694444444444442
0 0.5375 0.6402777777777777 0.008333333333333304 0.011111111111111183
0 0.5064814814814815 0.6138888888888889 0.00925925925925919 0.01388888888888895
0 0.4847222222222222 0.6284722222222222 0.0064814814814815325 0.009722222222222188
0 0.45972222222222225 0.6145833333333333 0.00833333333333336 0.012500000000000067
0 0.44166666666666665 0.6215277777777778 0.007407407407407418 0.012499999999999956
0 0.33518518518518514 0.6048611111111111 0.003703703703703709 0.009722222222222299
0 0.30046296296296293 0.5951388888888889 0.004629629629629595 0.009722222222222188
0 0.8824074074074074 0.6895833333333333 0.0185185185185186 0.026388888888888795
