0 0.2671296296296296 0.5666666666666667 0.012037037037037013 0.019444444444444375
0 0.030555555555555558 0.5631944444444444 0.009259259259259262 0.023611111111111027
0 0.2087962962962963 0.5111111111111111 0.01203703703703704 0.01388888888888895
0 0.6490740740740741 0.5618055555555556 0.005555555555555647 0.009722222222222188
0 0.43194444444444446 0.5638888888888889 0.012037037037037013 0.016666666666666607
0 0.41527777777777775 0.5597222222222222 0.006481481481481477 0.01388888888888884
0 0.21064814814814814 0.5493055555555555 0.008333333333333331 0.015277777777777835
0 0.6888888888888889 0.5659722222222222 0.005555555555555536 0.009722222222222188
0 0.5143518518518518 0.5340277777777778 0.0064814814814815325 0.009722222222222188
0 0.17407407407407408 0.5520833333333333 0.009259259259259245 0.015277777777777835
