0 0.16805555555555557 0.5402777777777779 0.021296296296296285 0.036111111111111094
0 0.18518518518518517 0.5381944444444444 0.020370370370370372 0.03194444444444444
0 0.20833333333333331 0.54375 0.0111111111111111 0.023611111111111138
0 0.30648148148148147 0.5458333333333334 0.007407407407407418 0.019444444444444486
0 0.31342592592592594 0.5506944444444444 0.010185185185185186 0.02083333333333337
0 0.4726851851851852 0.5375 0.010185185185185186 0.016666666666666607
0 0.5958333333333333 0.523611111111111 0.012037037037037068 0.019444444444444486
0 0.6092592592592592 0.5340277777777778 0.007407407407407418 0.012499999999999956
0 0.6337962962962963 0.5131944444444445 0.0064814814814815325 0.015277777777777835
0 0.7351851851851852 0.5569444444444445 0.011111111111111072 0.011111111111111072
0 0.7453703703703703 0.5465277777777777 0.011111111111111072 0.012500000000000067
