0 0.024537037037037038 0.5611111111111111 0.013888888888888885 0.02777777777777768
0 0.24212962962962964 0.5486111111111112 0.01203703703703704 0.01666666666666672
0 0.2574074074074074 0.5625 0.005555555555555536 0.01388888888888884
0 0.29768518518518516 0.5597222222222222 0.00833333333333336 0.016666666666666607
0 0.2925925925925926 0.5666666666666667 0.0018518518518518268 0.008333333333333304
0 0.4375 0.5666666666666667 0.00462962962962965 0.008333333333333304
0 0.4648148148148148 0.5666666666666667 0.003703703703703709 0.008333333333333304
0 0.4689814814814815 0.5701388888888889 0.002777777777777768 0.009722222222222188
0 0.5208333333333333 0.5659722222222222 0.0064814814814814214 0.00694444444444442
0 0.5365740740740741 0.5763888888888888 0.00462962962962965 0.008333333333333415
