0 0.6898148148148149 0.5743055555555556 0.01851851851851849 0.029166666666666674
0 0.7708333333333334 0.5645833333333333 0.017592592592592604 0.026388888888888795
0 0.6375 0.5625 0.01388888888888895 0.022222222222222143
0 0.6541666666666667 0.570138888888889 0.012037037037037068 0.018055555555555602
0 0.5949074074074074 0.5618055555555556 0.008333333333333304 0.015277777777777724
0 0.5662037037037038 0.575 0.01388888888888895 0.011111111111111183
0 0.5777777777777777 0.5638888888888889 0.00925925925925919 0.016666666666666607
0 0.2583333333333333 0.5625 0.007407407407407363 0.011111111111111072
0 0.32407407407407407 0.5506944444444444 0.007407407407407418 0.012500000000000067
0 0.33564814814814814 0.5583333333333333 0.012037037037037068 0.022222222222222143
0 0.3509259259259259 0.5659722222222222 0.014814814814814836 0.023611111111111027
0 0.3662037037037037 0.5597222222222222 0.008333333333333304 0.016666666666666607
0 0.37916666666666665 0.570138888888889 0.00833333333333336 0.018055555555555602
0 0.40046296296296297 0.55625 0.008333333333333304 0.015277777777777724
0 0.49583333333333335 0.5645833333333333 0.00833333333333336 0.015277777777777724
0 0.5171296296296297 0.5576388888888889 0.010185185185185186 0.01805555555555549
0 0.9833333333333334 0.5722222222222222 0.024074074074074026 0.030555555555555558
0 0.3046296296296296 0.59375 0.016666666666666663 0.026388888888888795
0 0.0912037037037037 0.6000000000000001 0.019444444444444445 0.036111111111111094
