0 0.8546296296296296 0.41736111111111107 0.031481481481481444 0.05138888888888887
0 0.6537037037037037 0.5743055555555556 0.01666666666666672 0.023611111111111138
0 0.8328703703703704 0.5326388888888889 0.019444444444444375 0.04027777777777786
0 0.015740740740740743 0.7138888888888889 0.00925925925925926 0.016666666666666607
0 0.5263888888888889 0.6798611111111111 0.0064814814814815325 0.012499999999999956
0 0.5185185185185186 0.6840277777777778 0.007407407407407418 0.012499999999999956
0 0.7837962962962963 0.6875 0.0064814814814815325 0.008333333333333304
0 0.7981481481481482 0.6875 0.0037037037037037646 0.008333333333333304
0 0.8194444444444444 0.6777777777777778 0.0037037037037037646 0.008333333333333304
0 0.8388888888888889 0.6847222222222222 0.0037037037037037646 0.008333333333333304
0 0.762962962962963 0.6881944444444444 0.005555555555555536 0.00694444444444442
