0 0.06712962962962962 0.48263888888888884 0.006481481481481491 0.012500000000000011
0 0.1476851851851852 0.48541666666666666 0.008333333333333331 0.009722222222222188
0 0.14074074074074072 0.4861111111111111 0.005555555555555564 0.008333333333333304
0 0.3148148148148148 0.4951388888888889 0.005555555555555536 0.006944444444444475
0 0.4 0.5006944444444444 0.003703703703703709 0.004166666666666652
0 0.3921296296296296 0.4986111111111111 0.0027777777777778234 0.008333333333333304
0 0.3888888888888889 0.49930555555555556 0.0018518518518518823 0.00694444444444442
0 0.4513888888888889 0.49097222222222225 0.00462962962962965 0.006944444444444475
0 0.48842592592592593 0.4986111111111111 0.00462962962962965 0.008333333333333304
0 0.5384259259259259 0.5013888888888889 0.00462962962962965 0.005555555555555536
0 0.5356481481481481 0.5055555555555555 0.00462962962962965 0.005555555555555536
0 0.5569444444444445 0.4826388888888889 0.002777777777777768 0.004166666666666652
0 0.5550925925925927 0.48541666666666666 0.00462962962962965 0.00694444444444442
0 0.5509259259259259 0.5333333333333334 0.0185185185185186 0.033333333333333326
0 0.6087962962962963 0.5006944444444444 0.008333333333333304 0.012499999999999956
0 0.6856481481481482 0.5479166666666666 0.019444444444444486 0.026388888888888906
0 0.798148148148148 0.51875 0.012962962962962954 0.015277777777777835
0 0.825462962962963 0.5256944444444445 0.008333333333333304 0.012499999999999956
0 0.9351851851851851 0.5215277777777778 0.007407407407407418 0.009722222222222188
0 0.9643518518518519 0.5173611111111112 0.0064814814814814214 0.012500000000000067
0 0.3277777777777778 0.49375 0.0018518518518518823 0.006944444444444475
0 0.3439814814814815 0.49444444444444446 0.002777777777777768 0.005555555555555591
0 0.3263888888888889 0.3472222222222222 0.00462962962962965 0.008333333333333304
