0 0.8763888888888889 0.5611111111111111 0.030555555555555558 0.03888888888888897
0 0.7875 0.5590277777777778 0.028703703703703676 0.04583333333333339
0 0.6875 0.5444444444444444 0.03981481481481475 0.06388888888888888
0 0.46111111111111114 0.538888888888889 0.0222222222222222 0.02777777777777779
0 0.5018518518518518 0.5583333333333333 0.012962962962962954 0.016666666666666607
0 0.34398148148148144 0.5590277777777778 0.006481481481481477 0.009722222222222188
0 0.28055555555555556 0.56875 0.0037037037037036535 0.00694444444444442
0 0.31620370370370365 0.5680555555555555 0.006481481481481477 0.008333333333333304
0 0.3282407407407407 0.56875 0.004629629629629595 0.00694444444444442
0 0.337037037037037 0.5659722222222222 0.005555555555555536 0.009722222222222188
