0 0.4662037037037037 0.45416666666666666 0.015740740740740777 0.019444444444444486
0 0.5013888888888889 0.46111111111111114 0.01388888888888884 0.024999999999999967
0 0.48564814814814816 0.45208333333333334 0.006481481481481477 0.009722222222222188
0 0.5402777777777779 0.4361111111111111 0.0064814814814814214 0.016666666666666663
0 0.3949074074074074 0.46458333333333335 0.004629629629629595 0.009722222222222243
0 0.1175925925925926 0.47152777777777777 0.0018518518518518545 0.004166666666666652
0 0.09027777777777778 0.475 0.0046296296296296224 0.002777777777777768
0 0.10046296296296296 0.4708333333333333 0.0046296296296296224 0.005555555555555536
0 0.008796296296296297 0.47152777777777777 0.0027777777777777783 0.004166666666666652
0 0.015740740740740743 0.4666666666666667 0.0037037037037037056 0.005555555555555536
