0 0.55 0.5680555555555555 0.011111111111111183 0.016666666666666607
0 0.575925925925926 0.58125 0.0092592592592593 0.018055555555555602
0 0.6185185185185185 0.5319444444444444 0.01851851851851849 0.02777777777777768
0 0.6597222222222222 0.5451388888888888 0.017592592592592604 0.029166666666666674
0 0.6828703703703703 0.5597222222222222 0.01388888888888884 0.022222222222222143
0 0.7027777777777777 0.5645833333333334 0.020370370370370372 0.03194444444444444
0 0.7675925925925926 0.5333333333333333 0.022222222222222143 0.019444444444444375
0 0.48703703703703705 0.5826388888888889 0.005555555555555536 0.009722222222222299
0 0.37037037037037035 0.6076388888888888 0.007407407407407418 0.009722222222222299
0 0.3833333333333333 0.5965277777777778 0.005555555555555591 0.00694444444444442
0 0.2675925925925926 0.6201388888888889 0.005555555555555536 0.009722222222222188
0 0.29444444444444445 0.6138888888888889 0.005555555555555536 0.011111111111111183
