0 0.27546296296296297 0.6340277777777777 0.0064814814814815325 0.009722222222222188
0 0.3217592592592593 0.6479166666666667 0.00833333333333336 0.012499999999999956
0 0.3375 0.6305555555555555 0.004629629629629595 0.008333333333333304
0 0.350462962962963 0.625 0.00833333333333336 0.01388888888888884
0 0.3564814814814815 0.6368055555555556 0.009259259259259245 0.012500000000000067
0 0.3657407407407407 0.6319444444444444 0.003703703703703709 0.011111111111111072
0 0.3833333333333333 0.6326388888888889 0.007407407407407363 0.012499999999999956
0 0.3907407407407407 0.6319444444444444 0.007407407407407418 0.011111111111111072
0 0.4291666666666667 0.6118055555555555 0.00833333333333336 0.012500000000000067
0 0.4587962962962963 0.6375 0.015740740740740722 0.025000000000000022
0 0.5004629629629629 0.6381944444444445 0.015740740740740722 0.03194444444444444
0 0.549537037037037 0.6097222222222223 0.019444444444444375 0.033333333333333326
0 0.5893518518518519 0.6090277777777777 0.02314814814814825 0.03472222222222221
0 0.6069444444444445 0.5729166666666666 0.00462962962962965 0.00694444444444442
