0 0.022685185185185183 0.8875 0.013888888888888892 0.01666666666666672
0 0.08009259259259259 0.8743055555555556 0.013888888888888895 0.023611111111111027
0 0.09305555555555556 0.8972222222222221 0.013888888888888895 0.022222222222222254
0 0.11666666666666667 0.8666666666666667 0.009259259259259259 0.019444444444444486
0 0.12268518518518517 0.8576388888888888 0.006481481481481463 0.015277777777777835
0 0.14351851851851852 0.8368055555555556 0.012962962962962954 0.018055555555555602
0 0.2125 0.8604166666666666 0.013888888888888895 0.02083333333333337
0 0.3013888888888889 0.8611111111111112 0.010185185185185186 0.01388888888888895
0 0.31574074074074077 0.8256944444444445 0.005555555555555591 0.009722222222222299
0 0.3787037037037037 0.825 0.007407407407407418 0.022222222222222254
0 0.399537037037037 0.8076388888888889 0.00833333333333336 0.01805555555555549
0 0.41203703703703703 0.8152777777777778 0.0092592592592593 0.016666666666666607
0 0.5328703703703703 0.8027777777777778 0.012037037037036957 0.01388888888888895
0 0.6736111111111112 0.7770833333333333 0.008333333333333415 0.01805555555555549
0 0.6856481481481481 0.7625 0.008333333333333304 0.01388888888888895
0 0.8074074074074074 0.7430555555555556 0.007407407407407418 0.016666666666666607
0 0.9726851851851852 0.7027777777777777 0.0064814814814815325 0.019444444444444486
0 0.7981481481481482 0.7069444444444444 0.005555555555555536 0.011111111111111183
