0 0.33472222222222225 0.6395833333333334 0.04722222222222222 0.10138888888888886
0 0.2587962962962963 0.6131944444444444 0.05833333333333335 0.10416666666666663
0 0.5930555555555556 0.6270833333333333 0.02314814814814814 0.054166666666666696
0 0.6694444444444445 0.6166666666666667 0.01851851851851849 0.036111111111111094
0 0.12685185185185185 0.601388888888889 0.011111111111111127 0.022222222222222254
0 0.1685185185185185 0.6069444444444445 0.007407407407407418 0.01388888888888895
0 0.22175925925925927 0.6138888888888889 0.01574074074074075 0.022222222222222254
0 0.16157407407407406 0.6104166666666666 0.006481481481481477 0.009722222222222299
0 0.11157407407407408 0.6090277777777777 0.006481481481481477 0.006944444444444531
0 0.17638888888888887 0.6055555555555556 0.0046296296296296224 0.011111111111111183
0 0.18287037037037035 0.60625 0.0046296296296296224 0.009722222222222299
