0 0.24953703703703703 0.6097222222222223 0.006481481481481477 0.008333333333333415
0 0.26805555555555555 0.6208333333333333 0.012037037037037068 0.01388888888888884
0 0.29861111111111116 0.6111111111111112 0.013888888888888895 0.01666666666666672
0 0.3453703703703703 0.6222222222222222 0.011111111111111127 0.019444444444444375
0 0.37083333333333335 0.6069444444444445 0.00833333333333336 0.01666666666666672
0 0.4759259259259259 0.6152777777777778 0.012962962962962954 0.01666666666666672
0 0.5194444444444444 0.60625 0.01666666666666672 0.015277777777777835
0 0.5986111111111111 0.6083333333333334 0.04166666666666674 0.07777777777777783
0 0.6828703703703705 0.6284722222222222 0.030555555555555558 0.043055555555555625
0 0.7037037037037037 0.6256944444444444 0.011111111111111072 0.023611111111111027
0 0.737037037037037 0.6201388888888889 0.025925925925925908 0.04583333333333339
0 0.25972222222222224 0.6965277777777777 0.017592592592592604 0.06805555555555554
0 0.7546296296296297 0.5715277777777777 0.005555555555555536 0.009722222222222188
0 0.736574074074074 0.5729166666666667 0.0064814814814815325 0.012500000000000067
0 0.5277777777777777 0.5763888888888888 0.007407407407407418 0.01388888888888895
