0 0.27546296296296297 0.4638888888888889 0.0064814814814815325 0.013888888888888895
0 0.4981481481481482 0.4979166666666667 0.007407407407407418 0.009722222222222188
0 0.06157407407407407 0.50625 0.006481481481481477 0.015277777777777724
0 0.09490740740740741 0.5208333333333333 0.013888888888888881 0.022222222222222254
0 0.10370370370370371 0.5381944444444444 0.011111111111111113 0.018055555555555602
0 0.13055555555555554 0.5222222222222221 0.009259259259259273 0.01388888888888895
0 0.07037037037037036 0.47430555555555554 0.00555555555555555 0.009722222222222243
0 0.14583333333333334 0.46805555555555556 0.006481481481481477 0.011111111111111072
0 0.21435185185185185 0.47152777777777777 0.008333333333333331 0.009722222222222188
0 0.5666666666666667 0.5020833333333333 0.007407407407407418 0.015277777777777724
