0 0.9662037037037037 0.55 0.06388888888888888 0.09444444444444444
0 0.8032407407407407 0.570138888888889 0.021296296296296258 0.03472222222222221
0 0.7444444444444445 0.5868055555555556 0.01851851851851849 0.03194444444444444
0 0.5699074074074074 0.5847222222222221 0.012037037037037068 0.019444444444444486
0 0.4444444444444444 0.6173611111111111 0.005555555555555591 0.00694444444444442
0 0.3800925925925926 0.6243055555555556 0.0064814814814815325 0.00694444444444442
0 0.336574074074074 0.6347222222222222 0.006481481481481477 0.008333333333333304
0 0.3060185185185185 0.6298611111111111 0.00462962962962965 0.00694444444444442
0 0.2930555555555555 0.6368055555555555 0.006481481481481477 0.00694444444444442
0 0.2657407407407407 0.6416666666666666 0.005555555555555591 0.008333333333333415
0 0.4925925925925926 0.6180555555555556 0.005555555555555536 0.008333333333333304
