0 0.08379629629629629 0.8722222222222222 0.015740740740740736 0.02777777777777779
0 0.11574074074074074 0.8694444444444445 0.0111111111111111 0.019444444444444375
0 0.14212962962962963 0.8388888888888889 0.013888888888888895 0.019444444444444375
0 0.2 0.8645833333333333 0.012962962962962982 0.015277777777777835
0 0.2138888888888889 0.8576388888888888 0.014814814814814808 0.023611111111111138
0 0.3023148148148148 0.8611111111111112 0.010185185185185186 0.01388888888888895
0 0.3282407407407407 0.8222222222222222 0.006481481481481477 0.008333333333333304
0 0.38101851851851853 0.8263888888888888 0.00833333333333336 0.019444444444444486
0 0.45046296296296295 0.8 0.008333333333333304 0.019444444444444486
0 0.4652777777777778 0.8062499999999999 0.008333333333333304 0.02083333333333337
0 0.4962962962962963 0.8034722222222221 0.007407407407407418 0.015277777777777835
0 0.5375 0.8062499999999999 0.012037037037037068 0.02083333333333337
0 0.5569444444444445 0.8013888888888889 0.010185185185185186 0.022222222222222254
0 0.5874999999999999 0.7770833333333333 0.010185185185185186 0.015277777777777724
0 0.6092592592592593 0.7826388888888889 0.005555555555555536 0.01805555555555549
0 0.7472222222222222 0.7458333333333333 0.007407407407407418 0.016666666666666607
0 0.8004629629629629 0.70625 0.008333333333333304 0.009722222222222299
0 0.7796296296296297 0.7111111111111111 0.007407407407407418 0.011111111111111072
0 0.8527777777777777 0.7263888888888889 0.0092592592592593 0.01388888888888884
0 0.8828703703703704 0.7277777777777779 0.008333333333333415 0.01666666666666672
0 0.9662037037037037 0.6951388888888889 0.010185185185185186 0.012499999999999956
