0 0.2226851851851852 0.68125 0.008333333333333331 0.012499999999999956
0 0.2847222222222222 0.6354166666666666 0.006481481481481477 0.009722222222222188
0 0.2935185185185185 0.6395833333333334 0.005555555555555536 0.009722222222222299
0 0.27222222222222225 0.6472222222222223 0.007407407407407363 0.008333333333333304
0 0.3759259259259259 0.625 0.003703703703703709 0.005555555555555536
0 0.4023148148148148 0.6263888888888889 0.004629629629629595 0.008333333333333304
0 0.4513888888888889 0.6229166666666667 0.00462962962962965 0.009722222222222188
0 0.46111111111111114 0.6166666666666667 0.005555555555555591 0.011111111111111072
0 0.5009259259259259 0.6152777777777778 0.020370370370370317 0.03888888888888886
0 0.5138888888888888 0.5951388888888889 0.011111111111111183 0.015277777777777724
0 0.537962962962963 0.6138888888888889 0.016666666666666607 0.033333333333333326
0 0.7546296296296295 0.5631944444444444 0.007407407407407418 0.02083333333333326
