0 0.0800925925925926 0.6229166666666667 0.01759259259259259 0.026388888888888795
0 0.18009259259259258 0.6076388888888888 0.010185185185185186 0.015277777777777835
0 0.21666666666666667 0.6277777777777778 0.016666666666666663 0.030555555555555558
0 0.25324074074074077 0.6090277777777777 0.006481481481481477 0.006944444444444531
0 0.2763888888888889 0.6041666666666666 0.006481481481481477 0.008333333333333304
0 0.3939814814814815 0.6083333333333334 0.012037037037037068 0.030555555555555558
0 0.4662037037037037 0.5854166666666667 0.01018518518518513 0.02083333333333337
0 0.6481481481481481 0.6458333333333334 0.029629629629629672 0.05277777777777781
0 0.662962962962963 0.6125 0.016666666666666607 0.022222222222222254
0 0.7027777777777777 0.5958333333333333 0.02962962962962956 0.04444444444444451
0 0.7236111111111111 0.6576388888888889 0.028703703703703676 0.05972222222222223
0 0.16203703703703703 0.6048611111111111 0.005555555555555536 0.009722222222222299
0 0.13472222222222224 0.60625 0.0046296296296296224 0.009722222222222299
0 0.15092592592592594 0.6138888888888889 0.003703703703703709 0.008333333333333304
0 0.32685185185185184 0.6027777777777779 0.007407407407407418 0.01388888888888895
0 0.350462962962963 0.5958333333333333 0.006481481481481477 0.01388888888888884
0 0.8685185185185185 0.6083333333333334 0.005555555555555647 0.01388888888888895
