0 0.24675925925925926 0.5090277777777779 0.013888888888888895 0.018055555555555602
0 0.449537037037037 0.5104166666666667 0.010185185185185186 0.012500000000000067
0 0.45416666666666666 0.46944444444444444 0.008333333333333304 0.008333333333333304
0 0.4986111111111111 0.4666666666666667 0.008333333333333304 0.011111111111111072
0 0.624537037037037 0.49097222222222225 0.008333333333333304 0.009722222222222243
0 0.6101851851851852 0.4916666666666667 0.005555555555555536 0.011111111111111127
0 0.7865740740740741 0.4902777777777778 0.008333333333333304 0.011111111111111127
0 0.8185185185185185 0.4916666666666667 0.011111111111111072 0.013888888888888895
0 0.21805555555555556 0.5034722222222222 0.01203703703703704 0.01805555555555549
0 0.7060185185185185 0.4638888888888889 0.0064814814814815325 0.00833333333333336
0 0.7157407407407408 0.4736111111111111 0.0037037037037036535 0.011111111111111127
0 0.7231481481481481 0.4701388888888889 0.0037037037037036535 0.009722222222222188
0 0.875925925925926 0.4951388888888889 0.007407407407407418 0.012500000000000011
0 0.950462962962963 0.46944444444444444 0.0064814814814815325 0.016666666666666663
