0 0.19490740740740742 0.4673611111111111 0.010185185185185186 0.009722222222222188
0 0.2263888888888889 0.5048611111111111 0.010185185185185186 0.015277777777777724
0 0.2550925925925926 0.5069444444444444 0.010185185185185186 0.01388888888888884
0 0.48842592592592593 0.5104166666666667 0.008333333333333304 0.015277777777777835
0 0.5814814814814815 0.5166666666666666 0.005555555555555536 0.008333333333333415
0 0.4217592592592593 0.48125 0.00833333333333336 0.00694444444444442
0 0.20416666666666666 0.47291666666666665 0.008333333333333331 0.009722222222222243
0 0.5518518518518518 0.5201388888888889 0.005555555555555536 0.009722222222222299
0 0.5106481481481482 0.5125 0.002777777777777768 0.005555555555555536
0 0.7351851851851852 0.5083333333333333 0.0037037037037037646 0.011111111111111072
