0 0.563425925925926 0.4388888888888889 0.03240740740740733 0.05833333333333335
0 0.7250000000000001 0.4590277777777778 0.033333333333333326 0.048611111111111105
0 0.8120370370370371 0.44305555555555554 0.02962962962962956 0.04444444444444445
0 0.8782407407407407 0.4125 0.030555555555555558 0.04999999999999999
0 0.4375 0.5229166666666667 0.008333333333333304 0.015277777777777835
0 0.46111111111111114 0.5319444444444444 0.005555555555555591 0.01388888888888884
0 0.47638888888888886 0.5243055555555556 0.006481481481481477 0.012499999999999956
0 0.49444444444444446 0.5263888888888889 0.007407407407407418 0.011111111111111072
0 0.5055555555555555 0.5291666666666667 0.005555555555555536 0.008333333333333304
0 0.6828703703703703 0.48125 0.02314814814814814 0.03194444444444444
0 0.65 0.4979166666666667 0.005555555555555536 0.009722222222222188
0 0.6421296296296296 0.5513888888888889 0.008333333333333304 0.011111111111111183
