0 0.23472222222222222 0.49375 0.006481481481481477 0.006944444444444475
0 0.022685185185185183 0.5145833333333334 0.008333333333333335 0.012500000000000067
0 0.3023148148148148 0.5048611111111111 0.012037037037037068 0.009722222222222188
0 0.4634259259259259 0.4638888888888889 0.00833333333333336 0.00833333333333336
0 0.5013888888888889 0.4638888888888889 0.006481481481481477 0.00833333333333336
0 0.5208333333333333 0.50625 0.010185185185185186 0.01805555555555549
0 0.7740740740740741 0.5381944444444444 0.011111111111111183 0.012499999999999956
0 0.7736111111111111 0.47430555555555554 0.0064814814814815325 0.006944444444444475
0 0.2013888888888889 0.523611111111111 0.010185185185185186 0.01666666666666672
0 0.5361111111111111 0.46875 0.0037037037037037646 0.00694444444444442
