0 0.8791666666666667 0.5805555555555555 0.010185185185185186 0.01388888888888895
0 0.9462962962962963 0.5625 0.0092592592592593 0.01388888888888884
0 0.974537037037037 0.5590277777777778 0.010185185185185186 0.012499999999999956
0 0.9824074074074074 0.5430555555555556 0.0092592592592593 0.01666666666666672
0 0.937037037037037 0.5965277777777778 0.005555555555555536 0.009722222222222188
0 0.7958333333333334 0.6409722222222223 0.008333333333333415 0.012500000000000067
0 0.7689814814814815 0.5944444444444444 0.010185185185185186 0.011111111111111072
0 0.7189814814814814 0.6215277777777778 0.0064814814814814214 0.009722222222222188
0 0.5138888888888888 0.4965277777777778 0.007407407407407418 0.020833333333333315
0 0.3856481481481482 0.5423611111111111 0.006481481481481477 0.02083333333333337
0 0.20787037037037037 0.6236111111111111 0.015740740740740722 0.019444444444444375
0 0.1375 0.6236111111111111 0.013888888888888867 0.019444444444444375
