0 0.5861111111111111 0.42708333333333337 0.0092592592592593 0.0402777777777778
0 0.4513888888888889 0.5479166666666666 0.019444444444444486 0.03194444444444444
0 0.4050925925925926 0.4909722222222222 0.02314814814814814 0.043055555555555514
0 0.31666666666666665 0.45486111111111116 0.025925925925925908 0.04583333333333334
0 0.2074074074074074 0.5395833333333333 0.020370370370370372 0.03472222222222221
0 0.07407407407407407 0.6256944444444444 0.011111111111111113 0.02083333333333326
0 0.23657407407407405 0.6930555555555555 0.008333333333333331 0.011111111111111072
0 0.5740740740740741 0.5347222222222223 0.005555555555555536 0.030555555555555558
0 0.8550925925925925 0.6666666666666666 0.00462962962962965 0.008333333333333304
0 0.8472222222222222 0.6861111111111111 0.0037037037037037646 0.005555555555555536
0 0.7967592592592592 0.6923611111111111 0.00462962962962965 0.00694444444444442
0 0.7944444444444445 0.7166666666666667 0.005555555555555647 0.011111111111111072
0 0.7763888888888888 0.69375 0.00462962962962965 0.00694444444444442
0 0.7731481481481481 0.6888888888888889 0.0037037037037037646 0.005555555555555536
0 0.7620370370370371 0.6798611111111111 0.0037037037037036535 0.00694444444444442
0 0.7231481481481481 0.68125 0.005555555555555647 0.009722222222222188
0 0.7092592592592593 0.6875 0.005555555555555536 0.008333333333333304
0 0.6773148148148148 0.6777777777777778 0.004629629629629539 0.008333333333333304
0 0.6342592592592593 0.6923611111111111 0.005555555555555536 0.009722222222222188
0 0.5375000000000001 0.6958333333333333 0.00462962962962965 0.008333333333333304
0 0.499537037037037 0.7145833333333333 0.0027777777777777124 0.00694444444444442
0 0.48888888888888893 0.7159722222222222 0.003703703703703709 0.00694444444444442
0 0.4217592592592593 0.7013888888888888 0.004629629629629595 0.005555555555555647
0 0.34953703703703703 0.71875 0.00462962962962965 0.009722222222222188
0 0.10648148148148148 0.6833333333333333 0.005555555555555564 0.011111111111111072
