0 0.7606481481481482 0.5159722222222223 0.021296296296296258 0.026388888888888906
0 0.2777777777777778 0.5229166666666667 0.01851851851851849 0.03472222222222221
0 0.4569444444444445 0.37430555555555556 0.021296296296296313 0.04861111111111116
0 0.5537037037037037 0.37777777777777777 0.016666666666666607 0.04999999999999999
0 0.5981481481481481 0.43125 0.02777777777777779 0.0402777777777778
0 0.19583333333333333 0.6791666666666667 0.010185185185185186 0.01388888888888884
0 0.12777777777777777 0.6868055555555556 0.009259259259259273 0.015277777777777724
0 0.8226851851851852 0.6923611111111111 0.004629629629629539 0.009722222222222188
0 0.425 0.42500000000000004 0.022222222222222254 0.01944444444444443
0 0.8374999999999999 0.6722222222222223 0.00462962962962965 0.008333333333333415
0 0.975462962962963 0.69375 0.002777777777777768 0.00694444444444442
0 0.986574074074074 0.6916666666666667 0.002777777777777768 0.005555555555555536
0 0.9384259259259259 0.7083333333333334 0.002777777777777768 0.005555555555555536
0 0.799537037037037 0.6895833333333333 0.004629629629629539 0.00694444444444442
0 0.7231481481481481 0.7215277777777778 0.005555555555555647 0.009722222222222188
0 0.5407407407407407 0.7152777777777778 0.0037037037037037646 0.005555555555555536
