0 0.5574074074074074 0.5083333333333333 0.022222222222222254 0.03611111111111115
0 0.8087962962962962 0.5472222222222223 0.017592592592592493 0.025000000000000022
0 0.17685185185185187 0.6777777777777778 0.0111111111111111 0.01666666666666672
0 0.012037037037037037 0.6652777777777779 0.01296296296296296 0.01666666666666672
0 0.05324074074074074 0.6701388888888888 0.010185185185185186 0.015277777777777835
0 0.07222222222222222 0.663888888888889 0.009259259259259259 0.019444444444444486
0 0.12824074074074074 0.6604166666666667 0.008333333333333345 0.015277777777777724
0 0.9273148148148148 0.32291666666666663 0.036111111111111205 0.07083333333333336
0 0.6564814814814814 0.3652777777777778 0.03518518518518521 0.05833333333333329
0 0.7708333333333333 0.6715277777777777 0.0064814814814814214 0.009722222222222299
0 0.7055555555555555 0.6868055555555556 0.007407407407407418 0.009722222222222188
0 0.7296296296296296 0.6784722222222223 0.005555555555555536 0.009722222222222188
0 0.6810185185185185 0.6881944444444444 0.0064814814814814214 0.009722222222222188
0 0.7884259259259259 0.6888888888888889 0.00462962962962965 0.008333333333333304
0 0.7171296296296297 0.6708333333333334 0.0064814814814814214 0.011111111111111183
0 0.6884259259259259 0.6694444444444445 0.002777777777777768 0.008333333333333415
