0 0.08796296296296297 0.47916666666666663 0.040740740740740744 0.05833333333333329
0 0.638425925925926 0.5131944444444445 0.045370370370370394 0.06805555555555559
0 0.5111111111111111 0.570138888888889 0.031481481481481555 0.04583333333333328
0 0.8500000000000001 0.75 0.012962962962962954 0.019444444444444375
0 0.8611111111111112 0.7291666666666667 0.012962962962962954 0.01388888888888895
0 0.7018518518518518 0.7701388888888889 0.0092592592592593 0.015277777777777835
0 0.9532407407407407 0.7277777777777779 0.012037037037037068 0.022222222222222254
0 0.9115740740740741 0.7444444444444445 0.008333333333333304 0.016666666666666607
0 0.8430555555555556 0.7513888888888889 0.008333333333333304 0.019444444444444375
0 0.7236111111111111 0.7611111111111111 0.012037037037037068 0.019444444444444486
0 0.4652777777777778 0.8222222222222222 0.00462962962962965 0.011111111111111072
0 0.4310185185185185 0.8229166666666666 0.00462962962962965 0.009722222222222188
0 0.39861111111111114 0.8326388888888889 0.006481481481481477 0.009722222222222299
