0 0.27175925925925926 0.4965277777777778 0.015740740740740722 0.04027777777777786
0 0.32685185185185184 0.5513888888888889 0.02407407407407408 0.036111111111111094
0 0.5810185185185185 0.4708333333333333 0.017592592592592604 0.036111111111111094
0 0.6078703703703704 0.46944444444444444 0.008333333333333304 0.02777777777777779
0 0.6231481481481481 0.5138888888888888 0.0092592592592593 0.025000000000000022
0 0.85 0.4861111111111111 0.016666666666666607 0.02777777777777779
0 0.7865740740740741 0.4145833333333333 0.012037037037037068 0.0402777777777778
0 0.07037037037037036 0.65625 0.009259259259259259 0.02083333333333326
0 0.7097222222222221 0.6291666666666667 0.0064814814814814214 0.008333333333333304
0 0.2074074074074074 0.6354166666666667 0.007407407407407418 0.02083333333333337
0 0.9782407407407407 0.5444444444444445 0.008333333333333304 0.01666666666666672
0 0.9606481481481481 0.5381944444444444 0.008333333333333304 0.012499999999999956
0 0.6791666666666667 0.6305555555555555 0.002777777777777768 0.011111111111111072
0 0.6370370370370371 0.61875 0.0037037037037036535 0.012499999999999956
0 0.13472222222222224 0.7381944444444445 0.0046296296296296224 0.00694444444444442
