0 0.21574074074074073 0.6333333333333333 0.007407407407407418 0.019444444444444486
0 0.33472222222222225 0.69375 0.006481481481481477 0.009722222222222188
0 0.3768518518518519 0.5215277777777778 0.009259259259259245 0.02083333333333337
0 0.5574074074074074 0.4979166666666667 0.00925925925925919 0.02638888888888885
0 0.6092592592592592 0.48819444444444443 0.012962962962962954 0.029166666666666674
0 0.6587962962962963 0.6236111111111111 0.008333333333333304 0.011111111111111072
0 0.6875 0.6027777777777777 0.004629629629629539 0.008333333333333304
0 0.7125 0.6104166666666666 0.0064814814814815325 0.006944444444444531
0 0.7226851851851852 0.6125 0.0064814814814815325 0.011111111111111183
0 0.736574074074074 0.5062500000000001 0.008333333333333304 0.026388888888888906
0 0.8027777777777778 0.6430555555555555 0.0092592592592593 0.01388888888888895
0 0.8546296296296296 0.6388888888888888 0.0092592592592593 0.01388888888888895
0 0.862037037037037 0.5902777777777778 0.0092592592592593 0.01388888888888884
0 0.9152777777777779 0.6090277777777777 0.00462962962962965 0.006944444444444531
0 0.9694444444444444 0.5534722222222221 0.011111111111111072 0.015277777777777835
0 0.9893518518518518 0.5513888888888889 0.010185185185185186 0.01388888888888895
0 0.5143518518518518 0.6826388888888889 0.002777777777777768 0.00694444444444442
