0 0.5296296296296297 0.6479166666666667 0.012962962962962954 0.018055555555555602
0 0.5453703703703704 0.6458333333333333 0.014814814814814836 0.025000000000000022
0 0.6111111111111112 0.6368055555555556 0.01666666666666672 0.026388888888888906
0 0.6601851851851852 0.6659722222222222 0.0092592592592593 0.018055555555555602
0 0.7171296296296297 0.6708333333333334 0.008333333333333415 0.01666666666666672
0 0.6814814814814816 0.6701388888888888 0.007407407407407418 0.012500000000000067
0 0.7148148148148148 0.6583333333333333 0.0092592592592593 0.011111111111111072
0 0.7481481481481481 0.6409722222222223 0.005555555555555536 0.015277777777777835
0 0.8199074074074074 0.6499999999999999 0.008333333333333304 0.019444444444444486
0 0.8490740740740741 0.6555555555555556 0.011111111111111072 0.016666666666666607
