0 0.6782407407407407 0.5569444444444445 0.008333333333333415 0.011111111111111072
0 0.5324074074074074 0.5555555555555556 0.0092592592592593 0.016666666666666607
0 0.24444444444444444 0.5319444444444446 0.01481481481481478 0.030555555555555558
0 0.49675925925925923 0.55 0.012037037037037013 0.01388888888888895
0 0.3175925925925926 0.5479166666666666 0.005555555555555536 0.009722222222222299
0 0.475462962962963 0.5645833333333333 0.00462962962962965 0.009722222222222188
0 0.4587962962962963 0.5694444444444444 0.00462962962962965 0.011111111111111072
0 0.4425925925925926 0.5652777777777778 0.005555555555555536 0.011111111111111072
0 0.4194444444444444 0.5673611111111111 0.003703703703703709 0.00694444444444442
0 0.4111111111111111 0.5590277777777778 0.003703703703703709 0.00694444444444442
