0 0.33472222222222225 0.5701388888888889 0.00833333333333336 0.012499999999999956
0 0.39166666666666666 0.58125 0.007407407407407418 0.012500000000000067
0 0.4361111111111111 0.5701388888888889 0.011111111111111072 0.015277777777777724
0 0.4708333333333333 0.5541666666666667 0.012037037037037068 0.025000000000000022
0 0.4930555555555556 0.5520833333333333 0.017592592592592604 0.026388888888888906
0 0.5949074074074074 0.5708333333333333 0.01388888888888895 0.01666666666666672
0 0.6166666666666667 0.5604166666666667 0.014814814814814836 0.02083333333333326
0 0.6430555555555555 0.5326388888888889 0.01388888888888895 0.02083333333333326
0 0.6569444444444444 0.525 0.008333333333333304 0.011111111111111072
0 0.686574074074074 0.5777777777777777 0.0064814814814814214 0.01388888888888895
0 0.899537037037037 0.5194444444444444 0.01388888888888884 0.022222222222222254
0 0.962037037037037 0.507638888888889 0.011111111111111072 0.02083333333333337
0 0.9550925925925926 0.5152777777777777 0.010185185185185186 0.019444444444444486
