0 0.762962962962963 0.43194444444444446 0.061111111111111116 0.09722222222222221
0 0.8652777777777778 0.4722222222222222 0.054629629629629695 0.08055555555555549
0 0.45925925925925926 0.5652777777777778 0.01851851851851849 0.030555555555555558
0 0.5143518518518518 0.5944444444444444 0.0064814814814815325 0.011111111111111072
0 0.5212962962962964 0.5902777777777778 0.007407407407407418 0.011111111111111072
0 0.5328703703703703 0.5944444444444444 0.0064814814814814214 0.011111111111111072
0 0.5953703703703703 0.6291666666666667 0.014814814814814836 0.019444444444444375
0 0.6467592592592593 0.5777777777777777 0.004629629629629539 0.011111111111111183
0 0.9574074074074075 0.4895833333333333 0.024074074074074026 0.04861111111111105
0 0.48935185185185187 0.59375 0.002777777777777768 0.00694444444444442
