0 0.7344771241830066 0.2512135922330097 0.044117647058823484 0.06553398058252427
0 0.19689542483660133 0.3592233009708738 0.05392156862745098 0.07766990291262132
0 0.13562091503267973 0.2063106796116505 0.04901960784313725 0.07766990291262135
0 0.29166666666666663 0.3932038834951456 0.05065359477124182 0.07281553398058249
0 0.7050653594771241 0.37985436893203883 0.05065359477124176 0.08009708737864074
0 0.6111111111111112 0.1711165048543689 0.05228758169934633 0.07524271844660194
0 0.46977124183006536 0.1711165048543689 0.05392156862745101 0.07524271844660194
0 0.5776143790849673 0.4077669902912622 0.0539215686274509 0.07766990291262138
0 0.8570261437908497 0.24150485436893204 0.044117647058823484 0.06553398058252427
0 0.4183006535947712 0.3919902912621359 0.052287581699346386 0.07524271844660191
0 0.31781045751633985 0.17597087378640774 0.05065359477124182 0.07524271844660194
