0 0.22361111111111112 0.5069444444444444 0.006481481481481477 0.011111111111111072
0 0.2569444444444444 0.4986111111111111 0.00833333333333336 0.011111111111111072
0 0.4425925925925926 0.5020833333333333 0.0092592592592593 0.015277777777777724
0 0.4652777777777778 0.4666666666666667 0.008333333333333304 0.008333333333333304
0 0.4773148148148148 0.4652777777777778 0.010185185185185186 0.016666666666666663
0 0.5018518518518519 0.46597222222222223 0.0092592592592593 0.012500000000000011
0 0.4981481481481481 0.5118055555555556 0.01296296296296301 0.012500000000000067
0 0.775462962962963 0.475 0.0064814814814814214 0.011111111111111127
0 0.750462962962963 0.48888888888888893 0.012037037037037068 0.013888888888888895
0 0.7106481481481481 0.5041666666666667 0.0064814814814815325 0.01388888888888884
0 0.8944444444444444 0.4868055555555556 0.007407407407407418 0.012500000000000011
0 0.5333333333333333 0.46944444444444444 0.0018518518518517713 0.005555555555555536
