0 0.19537037037037036 0.49374999999999997 0.014814814814814808 0.03472222222222221
0 0.31712962962962965 0.5486111111111112 0.021296296296296313 0.033333333333333326
0 0.11435185185185184 0.7256944444444444 0.002777777777777782 0.00694444444444442
0 0.2240740740740741 0.7402777777777778 0.0018518518518518545 0.005555555555555536
0 0.19861111111111113 0.75625 0.0027777777777777957 0.004166666666666652
0 0.49583333333333335 0.5493055555555555 0.017592592592592604 0.026388888888888906
0 0.4921296296296296 0.5798611111111112 0.01759259259259255 0.026388888888888906
0 0.5527777777777778 0.5687500000000001 0.012962962962962954 0.023611111111111138
0 0.5810185185185185 0.5020833333333333 0.02314814814814814 0.03750000000000003
0 0.8129629629629629 0.5763888888888888 0.01666666666666672 0.025000000000000022
0 0.8819444444444444 0.3458333333333333 0.026851851851851904 0.04722222222222222
0 0.8824074074074073 0.6347222222222222 0.007407407407407418 0.01666666666666672
0 0.9550925925925926 0.6444444444444444 0.008333333333333304 0.01388888888888895
0 0.9796296296296296 0.6451388888888889 0.0092592592592593 0.012500000000000067
0 0.9490740740740741 0.6444444444444444 0.005555555555555536 0.011111111111111183
0 0.7398148148148148 0.6645833333333333 0.005555555555555536 0.00694444444444442
0 0.6726851851851852 0.675 0.00462962962962965 0.008333333333333415
