0 0.8870370370370371 0.3416666666666667 0.022222222222222254 0.04999999999999999
0 0.7731481481481481 0.33611111111111114 0.03518518518518521 0.055555555555555525
0 0.8435185185185186 0.6715277777777777 0.005555555555555536 0.009722222222222299
0 0.8291666666666666 0.6715277777777777 0.008333333333333415 0.009722222222222299
0 0.7287037037037036 0.6770833333333333 0.007407407407407418 0.012500000000000067
0 0.6907407407407408 0.6888888888888889 0.005555555555555536 0.008333333333333304
0 0.7231481481481481 0.7194444444444444 0.0037037037037036535 0.008333333333333304
0 0.6768518518518518 0.6763888888888889 0.007407407407407418 0.01388888888888895
0 0.6055555555555556 0.375 0.024074074074074026 0.050000000000000044
0 0.6148148148148148 0.4180555555555555 0.016666666666666607 0.041666666666666685
0 0.5643518518518518 0.41944444444444445 0.025000000000000022 0.03888888888888886
0 0.4222222222222222 0.48541666666666666 0.022222222222222254 0.03472222222222221
0 0.5231481481481481 0.7138888888888889 0.0037037037037037646 0.008333333333333304
0 0.5296296296296297 0.7131944444444445 0.0037037037037036535 0.00694444444444442
0 0.20462962962962963 0.6666666666666667 0.005555555555555536 0.01388888888888895
0 0.14027777777777778 0.6805555555555556 0.008333333333333331 0.01388888888888884
0 0.1 0.69375 0.00555555555555555 0.012499999999999956
