0 0.10648148148148148 0.5770833333333334 0.025925925925925936 0.043055555555555514
0 0.15462962962962962 0.6291666666666667 0.014814814814814808 0.022222222222222143
0 0.12361111111111112 0.6506944444444445 0.012037037037037027 0.01805555555555549
0 0.2300925925925926 0.5416666666666667 0.02314814814814814 0.036111111111111094
0 0.2587962962962963 0.5340277777777778 0.01944444444444446 0.03472222222222221
0 0.3675925925925926 0.5027777777777778 0.020370370370370372 0.03888888888888892
0 0.5550925925925926 0.5013888888888889 0.017592592592592604 0.030555555555555614
0 0.6046296296296296 0.4888888888888889 0.020370370370370372 0.033333333333333326
0 0.799537037037037 0.4111111111111111 0.019444444444444375 0.036111111111111094
0 0.8671296296296296 0.45694444444444443 0.017592592592592604 0.033333333333333326
0 0.5287037037037037 0.6465277777777778 0.007407407407407418 0.009722222222222188
0 0.6680555555555556 0.6083333333333334 0.0064814814814814214 0.01388888888888895
0 0.7087962962962964 0.6131944444444444 0.0064814814814814214 0.012500000000000067
