0 0.8921296296296297 0.475 0.019444444444444486 0.033333333333333326
0 0.9842592592592593 0.5493055555555555 0.0092592592592593 0.015277777777777835
0 0.8703703703703703 0.6368055555555556 0.0092592592592593 0.015277777777777835
0 0.8523148148148147 0.6361111111111111 0.008333333333333415 0.01388888888888895
0 0.8476851851851852 0.6048611111111111 0.0064814814814815325 0.009722222222222299
0 0.8009259259259259 0.64375 0.0092592592592593 0.012500000000000067
0 0.7865740740740741 0.64375 0.00462962962962965 0.009722222222222299
0 0.7694444444444445 0.6263888888888889 0.005555555555555536 0.008333333333333304
0 0.7398148148148148 0.5013888888888889 0.0185185185185186 0.027777777777777735
0 0.7092592592592593 0.6131944444444444 0.007407407407407307 0.009722222222222299
0 0.6652777777777779 0.6243055555555556 0.0064814814814814214 0.009722222222222188
0 0.6333333333333333 0.6166666666666667 0.007407407407407418 0.011111111111111072
0 0.6111111111111112 0.6208333333333333 0.007407407407407418 0.011111111111111072
0 0.5643518518518519 0.5354166666666667 0.017592592592592604 0.023611111111111138
0 0.5296296296296297 0.5451388888888888 0.012962962962962954 0.02083333333333337
0 0.12083333333333333 0.7395833333333334 0.0046296296296296224 0.00694444444444442
0 0.16805555555555557 0.7277777777777777 0.0046296296296296224 0.005555555555555536
0 0.055092592592592596 0.6583333333333333 0.012037037037037034 0.016666666666666607
