0 0.687037037037037 0.4625 0.031481481481481444 0.04722222222222222
0 0.7472222222222222 0.4875 0.0185185185185186 0.0444444444444444
0 0.5907407407407408 0.5326388888888889 0.011111111111111183 0.02083333333333326
0 0.5375000000000001 0.5430555555555556 0.010185185185185186 0.01666666666666672
0 0.512962962962963 0.5479166666666666 0.0092592592592593 0.015277777777777835
0 0.5611111111111111 0.51875 0.0092592592592593 0.009722222222222299
0 0.6041666666666667 0.5472222222222223 0.00462962962962965 0.008333333333333415
0 0.5231481481481481 0.5375 0.0037037037037037646 0.005555555555555536
0 0.5050925925925926 0.5409722222222222 0.00462962962962965 0.012500000000000067
0 0.49722222222222223 0.5479166666666666 0.0092592592592593 0.012500000000000067
