0 0.12336601307189543 0.3284313725490196 0.06372549019607844 0.0980392156862745
0 0.2777777777777778 0.2696078431372549 0.06209150326797386 0.0980392156862745
0 0.08905228758169935 0.23774509803921567 0.10294117647058823 0.16176470588235292
0 0.5065359477124183 0.4019607843137255 0.09477124183006541 0.13235294117647062
0 0.886437908496732 0.5465686274509804 0.06372549019607843 0.09313725490196079
0 0.3741830065359477 0.43014705882352944 0.07189542483660127 0.11029411764705882
0 0.7565359477124183 0.43995098039215685 0.065359477124183 0.09068627450980393
0 0.25816993464052285 0.43137254901960786 0.0784313725490196 0.11274509803921567
0 0.8676470588235294 0.44730392156862747 0.06209150326797386 0.09068627450980393
0 0.6928104575163399 0.41299019607843135 0.07189542483660127 0.11029411764705882
