0 0.9634259259259259 0.58125 0.026851851851851904 0.040277777777777746
0 0.9597222222222221 0.80625 0.0064814814814814214 0.015277777777777724
0 0.9300925925925926 0.7979166666666666 0.008333333333333304 0.018055555555555602
0 0.8814814814814815 0.7277777777777779 0.005555555555555647 0.01388888888888895
0 0.8675925925925926 0.7381944444444444 0.0092592592592593 0.015277777777777835
0 0.825462962962963 0.7354166666666666 0.012037037037037068 0.015277777777777835
0 0.7782407407407408 0.7472222222222222 0.010185185185185186 0.011111111111111072
0 0.7541666666666667 0.7347222222222223 0.012037037037037068 0.01388888888888895
0 0.6824074074074074 0.7527777777777778 0.00925925925925919 0.01388888888888884
0 0.6773148148148148 0.7444444444444445 0.008333333333333304 0.016666666666666607
0 0.6518518518518519 0.7923611111111111 0.005555555555555647 0.009722222222222299
0 0.612037037037037 0.75 0.0092592592592593 0.016666666666666607
0 0.5810185185185185 0.8125 0.0064814814814815325 0.011111111111111072
0 0.5606481481481482 0.8166666666666667 0.00462962962962965 0.005555555555555536
0 0.5259259259259259 0.8145833333333333 0.005555555555555536 0.009722222222222188
0 0.5018518518518519 0.5743055555555556 0.020370370370370428 0.040277777777777746
0 0.37731481481481477 0.4784722222222222 0.013888888888888895 0.05416666666666664
0 0.29583333333333334 0.8395833333333333 0.00462962962962965 0.00694444444444442
