0 0.1601851851851852 0.4555555555555556 0.018518518518518517 0.04722222222222222
0 0.21712962962962962 0.5520833333333333 0.021296296296296285 0.03194444444444444
0 0.35324074074074074 0.5111111111111111 0.025000000000000022 0.033333333333333326
0 0.4013888888888889 0.5326388888888889 0.01944444444444443 0.03194444444444444
0 0.538425925925926 0.5243055555555556 0.017592592592592604 0.026388888888888906
0 0.6037037037037036 0.45902777777777776 0.012962962962962954 0.03194444444444444
0 0.7606481481481482 0.38611111111111107 0.015740740740740722 0.03888888888888892
0 0.9148148148148149 0.6125 0.005555555555555536 0.008333333333333415
0 0.8546296296296296 0.6395833333333334 0.0092592592592593 0.015277777777777835
0 0.8625 0.65 0.008333333333333415 0.011111111111111072
0 0.5175925925925926 0.6506944444444445 0.007407407407407418 0.012499999999999956
