0 0.9069444444444444 0.36388888888888893 0.02129629629629637 0.05277777777777776
0 0.7 0.5430555555555556 0.014814814814814836 0.033333333333333326
0 0.5449074074074074 0.4076388888888889 0.012037037037037068 0.040277777777777746
0 0.9439814814814815 0.5305555555555556 0.019444444444444486 0.03333333333333344
0 0.01712962962962963 0.6673611111111111 0.008333333333333333 0.018055555555555602
0 0.06342592592592593 0.6666666666666667 0.006481481481481484 0.01666666666666672
0 0.6606481481481481 0.6722222222222223 0.008333333333333415 0.01388888888888895
0 0.599537037037037 0.6958333333333333 0.0064814814814814214 0.011111111111111072
0 0.7787037037037037 0.5486111111111112 0.020370370370370372 0.02777777777777779
0 0.7351851851851852 0.6833333333333333 0.005555555555555536 0.008333333333333304
0 0.006944444444444445 0.7180555555555556 0.006481481481481482 0.011111111111111072
0 0.4425925925925926 0.7020833333333334 0.005555555555555536 0.006944444444444531
0 0.5787037037037037 0.6909722222222222 0.007407407407407418 0.009722222222222188
0 0.5861111111111111 0.6895833333333333 0.005555555555555536 0.012499999999999956
0 0.6083333333333334 0.6972222222222222 0.005555555555555647 0.008333333333333304
0 0.6537037037037037 0.7277777777777777 0.0037037037037036535 0.008333333333333304
0 0.8537037037037037 0.6881944444444444 0.005555555555555536 0.00694444444444442
