0 0.07407407407407407 0.6430555555555555 0.011111111111111113 0.019444444444444486
0 0.15231481481481482 0.65625 0.010185185185185186 0.015277777777777724
0 0.2375 0.6430555555555555 0.010185185185185186 0.01666666666666672
0 0.17175925925925925 0.7243055555555555 0.002777777777777768 0.00694444444444442
0 0.11481481481481481 0.7402777777777778 0.003703703703703709 0.005555555555555536
0 0.36157407407407405 0.4895833333333333 0.01759259259259255 0.03472222222222221
0 0.38935185185185184 0.6236111111111111 0.010185185185185186 0.01388888888888884
0 0.4722222222222222 0.6569444444444444 0.005555555555555536 0.008333333333333304
0 0.5824074074074074 0.5090277777777779 0.011111111111111072 0.029166666666666674
0 0.637962962962963 0.54375 0.011111111111111072 0.02083333333333337
0 0.6773148148148148 0.6111111111111112 0.008333333333333304 0.011111111111111183
0 0.6930555555555555 0.6125 0.0064814814814815325 0.011111111111111183
0 0.7518518518518518 0.6173611111111111 0.007407407407407418 0.009722222222222188
0 0.7893518518518519 0.5145833333333334 0.015740740740740833 0.023611111111111138
0 0.9800925925925925 0.3645833333333333 0.025000000000000022 0.03194444444444444
0 0.6226851851851851 0.61875 0.00462962962962965 0.012499999999999956
