0 0.7589869281045751 0.35574572127139364 0.1029411764705882 0.1638141809290954
0 0.7459150326797386 0.21638141809290956 0.08660130718954251 0.12958435207823962
0 0.5490196078431373 0.3141809290953545 0.08823529411764708 0.13447432762836184
0 0.5375816993464052 0.49755501222493886 0.13725490196078427 0.19804400977995107
0 0.6544117647058824 0.3753056234718826 0.0866013071895424 0.1295843520782396
0 0.4795751633986928 0.2726161369193154 0.07352941176470595 0.11002444987775062
0 0.3602941176470588 0.3374083129584352 0.10620915032679734 0.1613691931540342
0 0.4281045751633987 0.49266503667481665 0.10457516339869283 0.15892420537897306
0 0.6446078431372549 0.2237163814180929 0.0702614379084967 0.11491442542787289
0 0.3137254901960784 0.21882640586797064 0.09150326797385622 0.13447432762836184
