0 0.3464052287581699 0.40441176470588236 0.05882352941176472 0.13725490196078433
0 0.2598039215686274 0.30637254901960786 0.08823529411764702 0.1715686274509804
0 0.8374183006535947 0.4227941176470588 0.16176470588235292 0.2328431372549019
0 0.6707516339869282 0.3259803921568627 0.1029411764705882 0.13725490196078433
0 0.6266339869281046 0.4950980392156863 0.05065359477124187 0.0784313725490196
0 0.5629084967320261 0.4901960784313726 0.09313725490196079 0.13725490196078433
0 0.5 0.5196078431372548 0.07516339869281041 0.11274509803921562
0 0.4305555555555556 0.3357843137254902 0.06372549019607843 0.09313725490196073
0 0.16666666666666669 0.2647058823529412 0.05882352941176469 0.1323529411764706
0 0.08496732026143791 0.1017156862745098 0.09803921568627451 0.17892156862745096
