0 0.6087962962962963 0.5659722222222222 0.010185185185185186 0.01805555555555549
0 0.011574074074074073 0.5847222222222221 0.013888888888888888 0.019444444444444486
0 0.5546296296296296 0.5604166666666667 0.005555555555555647 0.009722222222222188
0 0.8384259259259259 0.5784722222222223 0.0064814814814815325 0.015277777777777835
0 0.2847222222222222 0.5611111111111111 0.006481481481481477 0.011111111111111072
0 0.3217592592592593 0.5548611111111111 0.006481481481481477 0.009722222222222188
0 0.30972222222222223 0.5652777777777778 0.006481481481481477 0.008333333333333304
0 0.39305555555555555 0.5645833333333333 0.010185185185185186 0.015277777777777724
0 0.38101851851851853 0.5652777777777778 0.006481481481481477 0.005555555555555536
0 0.36296296296296293 0.5590277777777778 0.007407407407407363 0.012499999999999956
0 0.23842592592592593 0.5569444444444445 0.0046296296296296224 0.011111111111111072
0 0.15046296296296297 0.5541666666666667 0.008333333333333331 0.011111111111111072
0 0.15555555555555556 0.5583333333333333 0.005555555555555536 0.008333333333333304
0 0.19305555555555556 0.5645833333333333 0.006481481481481477 0.00694444444444442
