0 0.2687908496732026 0.45206971677559915 0.03431372549019607 0.05882352941176466
0 0.4681372549019608 0.5043572984749456 0.021241830065359513 0.0631808278867102
0 0.494281045751634 0.5010893246187363 0.021241830065359457 0.06971677559912853
0 0.5294117647058824 0.5272331154684096 0.03594771241830075 0.05664488017429198
0 0.6968954248366013 0.4596949891067538 0.03104575163398693 0.05664488017429192
0 0.8129084967320261 0.43681917211328974 0.02777777777777768 0.050108932461873645
0 0.7238562091503268 0.5305010893246187 0.05228758169934644 0.0806100217864924
0 0.43137254901960786 0.5217864923747276 0.03921568627450983 0.0806100217864924
0 0.43218954248366015 0.44989106753812635 0.04411764705882354 0.05882352941176472
0 0.3545751633986928 0.44880174291939 0.02614379084967322 0.03921568627450983
