0 0.7148148148148148 0.4201388888888889 0.016666666666666607 0.054166666666666696
0 0.44537037037037036 0.5034722222222222 0.01851851851851849 0.03750000000000003
0 0.7611111111111111 0.5493055555555555 0.01851851851851849 0.029166666666666674
0 0.8990740740740741 0.45069444444444445 0.012962962962962954 0.040277777777777746
0 0.8300925925925926 0.4326388888888889 0.008333333333333304 0.04583333333333334
0 0.49583333333333335 0.5423611111111111 0.017592592592592604 0.03194444444444444
0 0.23009259259259257 0.6736111111111112 0.008333333333333331 0.01388888888888895
0 0.05185185185185185 0.7006944444444445 0.009259259259259259 0.012500000000000067
0 0.6078703703703703 0.6729166666666666 0.00462962962962965 0.012500000000000067
0 0.6680555555555556 0.6715277777777777 0.00462962962962965 0.006944444444444531
0 0.39722222222222225 0.7020833333333334 0.005555555555555591 0.006944444444444531
0 0.10138888888888889 0.7180555555555556 0.0046296296296296224 0.008333333333333304
0 0.01712962962962963 0.6472222222222221 0.004629629629629629 0.01666666666666672
