0 0.27037037037037037 0.5506944444444444 0.01851851851851849 0.029166666666666674
0 0.3472222222222222 0.5631944444444446 0.020370370370370372 0.03194444444444444
0 0.5504629629629629 0.4388888888888889 0.015740740740740722 0.04444444444444445
0 0.8532407407407407 0.5041666666666667 0.02129629629629637 0.03888888888888892
0 0.7495370370370371 0.6034722222222222 0.01388888888888895 0.02083333333333337
0 0.6601851851851852 0.5715277777777779 0.0092592592592593 0.023611111111111138
0 0.9634259259259259 0.6395833333333334 0.008333333333333304 0.015277777777777835
0 0.9226851851851852 0.6611111111111111 0.0064814814814815325 0.008333333333333304
0 0.9175925925925926 0.6569444444444444 0.005555555555555536 0.011111111111111072
0 0.8157407407407407 0.7083333333333333 0.007407407407407418 0.011111111111111183
0 0.7037037037037037 0.6659722222222222 0.005555555555555536 0.009722222222222188
0 0.6907407407407408 0.6756944444444444 0.005555555555555536 0.012500000000000067
0 0.5712962962962963 0.6951388888888889 0.005555555555555536 0.009722222222222188
