0 0.3486111111111111 0.5097222222222222 0.006481481481481477 0.025000000000000022
0 0.3819444444444444 0.5298611111111111 0.006481481481481477 0.03472222222222232
0 0.6666666666666667 0.5034722222222222 0.011111111111111183 0.02916666666666673
0 0.5791666666666666 0.5347222222222223 0.017592592592592493 0.025000000000000022
0 0.9939814814814815 0.5513888888888889 0.008333333333333304 0.011111111111111183
0 0.9726851851851852 0.5548611111111111 0.008333333333333304 0.012499999999999956
0 0.8023148148148148 0.6451388888888889 0.008333333333333304 0.012500000000000067
0 0.8527777777777777 0.6361111111111111 0.0092592592592593 0.01388888888888895
0 0.875462962962963 0.6381944444444445 0.008333333333333304 0.012500000000000067
0 0.7240740740740741 0.6125 0.007407407407407418 0.011111111111111183
0 0.6601851851851852 0.6173611111111111 0.007407407407407418 0.012499999999999956
0 0.7462962962962962 0.5993055555555555 0.0037037037037036535 0.009722222222222188
