0 0.12685185185185185 0.65 0.014814814814814822 0.016666666666666607
0 0.13472222222222224 0.08958333333333333 0.03240740740740741 0.09583333333333335
0 0.5666666666666667 0.5034722222222222 0.014814814814814836 0.023611111111111083
0 0.6092592592592593 0.4965277777777778 0.011111111111111072 0.03749999999999992
0 0.6745370370370369 0.45555555555555555 0.010185185185185186 0.030555555555555558
0 0.5513888888888889 0.5048611111111111 0.008333333333333304 0.02638888888888896
0 0.28055555555555556 0.47777777777777775 0.011111111111111072 0.03611111111111115
0 0.8805555555555555 0.4756944444444444 0.016666666666666607 0.03194444444444444
0 0.5092592592592593 0.6541666666666667 0.005555555555555536 0.011111111111111072
0 0.44027777777777777 0.6888888888888889 0.002777777777777768 0.005555555555555536
0 0.41481481481481486 0.7020833333333334 0.003703703703703709 0.006944444444444531
0 0.3643518518518518 0.7097222222222223 0.004629629629629595 0.005555555555555536
0 0.725 0.6125 0.005555555555555536 0.011111111111111183
0 0.7648148148148148 0.5881944444444445 0.0037037037037037646 0.009722222222222188
0 0.7828703703703703 0.5986111111111111 0.00462962962962965 0.011111111111111072
0 0.8921296296296296 0.5909722222222222 0.0064814814814815325 0.009722222222222188
