0 0.9509803921568627 0.22794117647058826 0.0980392156862745 0.1862745098039216
0 0.3235294117647059 0.3075980392156863 0.09150326797385622 0.20833333333333331
0 0.6854575163398693 0.2303921568627451 0.07352941176470584 0.16666666666666666
0 0.8839869281045751 0.18627450980392157 0.05228758169934644 0.18627450980392157
0 0.542483660130719 0.1875 0.08823529411764708 0.20343137254901963
0 0.4681372549019608 0.18504901960784312 0.05718954248366015 0.1446078431372549
0 0.24918300653594772 0.2855392156862745 0.08660130718954251 0.15931372549019607
0 0.43218954248366015 0.34558823529411764 0.1062091503267974 0.196078431372549
0 0.05147058823529412 0.3995098039215686 0.08986928104575163 0.28431372549019607
0 0.7892156862745099 0.2549019607843137 0.0980392156862745 0.16666666666666669
0 0.6045751633986929 0.39583333333333337 0.10130718954248363 0.16421568627450983
