0 0.10324074074074074 0.5743055555555556 0.030555555555555558 0.03749999999999998
0 0.19398148148148148 0.47638888888888886 0.03240740740740741 0.04722222222222222
0 0.38148148148148153 0.5513888888888889 0.016666666666666663 0.030555555555555558
0 0.4277777777777778 0.5263888888888888 0.0222222222222222 0.03888888888888886
0 0.3990740740740741 0.47291666666666665 0.012962962962962954 0.056944444444444464
0 0.5249999999999999 0.45069444444444445 0.02777777777777779 0.03749999999999998
0 0.7837962962962963 0.5555555555555556 0.015740740740740722 0.02777777777777779
0 0.6879629629629629 0.6645833333333333 0.007407407407407418 0.012499999999999956
0 0.7078703703703704 0.6631944444444444 0.0064814814814815325 0.012499999999999956
0 0.6171296296296296 0.66875 0.008333333333333415 0.012500000000000067
0 0.6305555555555555 0.6708333333333334 0.0092592592592593 0.011111111111111183
0 0.8703703703703705 0.7041666666666666 0.007407407407407418 0.01388888888888895
0 0.912962962962963 0.65625 0.007407407407407418 0.012499999999999956
0 0.9402777777777778 0.6465277777777778 0.0064814814814815325 0.012500000000000067
0 0.9675925925925926 0.6402777777777777 0.005555555555555536 0.01388888888888895
0 0.7476851851851851 0.6666666666666667 0.00462962962962965 0.011111111111111183
