0 0.45416666666666666 0.5118055555555556 0.021296296296296258 0.03472222222222221
0 0.4962962962962963 0.46944444444444444 0.024074074074074026 0.033333333333333326
0 0.5731481481481482 0.5319444444444444 0.01666666666666672 0.02777777777777768
0 0.4 0.5305555555555556 0.018518518518518545 0.03333333333333344
0 0.06435185185185185 0.6409722222222223 0.008333333333333338 0.02083333333333337
0 0.6819444444444445 0.16180555555555554 0.015740740740740722 0.056944444444444436
0 0.7578703703703704 0.475 0.01388888888888895 0.024999999999999967
0 0.8212962962962963 0.5333333333333333 0.016666666666666607 0.02499999999999991
0 0.07083333333333333 0.6590277777777778 0.010185185185185186 0.01805555555555549
0 0.21666666666666667 0.6770833333333333 0.009259259259259273 0.015277777777777835
0 0.13101851851851853 0.7409722222222223 0.0027777777777777957 0.00694444444444442
0 0.9837962962962963 0.5479166666666666 0.010185185185185186 0.009722222222222299
0 0.7518518518518518 0.5666666666666667 0.007407407407407418 0.016666666666666607
0 0.7842592592592592 0.48680555555555555 0.012962962962962954 0.026388888888888906
0 0.8467592592592592 0.625 0.00462962962962965 0.008333333333333304
0 0.6208333333333333 0.6305555555555555 0.0064814814814815325 0.011111111111111072
0 0.611574074074074 0.6284722222222222 0.0064814814814815325 0.009722222222222188
0 0.5898148148148148 0.6375 0.007407407407407418 0.008333333333333415
0 0.548148148148148 0.6020833333333333 0.007407407407407418 0.012499999999999956
0 0.5606481481481482 0.6395833333333334 0.00462962962962965 0.009722222222222299
