0 0.8125 0.42291666666666666 0.030555555555555447 0.040277777777777746
0 0.9486111111111111 0.29930555555555555 0.045370370370370394 0.06527777777777777
0 0.5523148148148148 0.3451388888888889 0.012037037037037068 0.040277777777777746
0 0.47685185185185186 0.3847222222222222 0.033333333333333326 0.04444444444444445
0 0.39675925925925926 0.4777777777777778 0.02685185185185185 0.033333333333333326
0 0.7375 0.5048611111111111 0.026851851851851793 0.03750000000000003
0 0.724537037037037 0.6798611111111111 0.0064814814814814214 0.009722222222222188
0 0.6023148148148147 0.6854166666666667 0.0064814814814814214 0.009722222222222188
0 0.5921296296296297 0.6875 0.0064814814814814214 0.01388888888888884
0 0.14722222222222223 0.6881944444444444 0.007407407407407418 0.012499999999999956
0 0.09583333333333333 0.7 0.006481481481481491 0.01666666666666672
