0 0.5722222222222222 0.4159722222222222 0.01851851851851849 0.048611111111111105
0 0.6833333333333333 0.5888888888888889 0.014814814814814836 0.019444444444444375
0 0.10046296296296296 0.6652777777777779 0.008333333333333331 0.01666666666666672
0 0.5069444444444444 0.4826388888888889 0.019444444444444486 0.043055555555555514
0 0.030092592592592594 0.6416666666666666 0.008333333333333335 0.01666666666666672
0 0.1652777777777778 0.63125 0.0046296296296296224 0.015277777777777724
0 0.2222222222222222 0.66875 0.00740740740740739 0.018055555555555602
0 0.6189814814814816 0.6777777777777778 0.00462962962962965 0.008333333333333304
0 0.6254629629629629 0.6826388888888889 0.00462962962962965 0.009722222222222188
0 0.6648148148148147 0.6819444444444445 0.0037037037037036535 0.005555555555555536
0 0.6726851851851852 0.6826388888888889 0.00462962962962965 0.00694444444444442
0 0.6787037037037037 0.6895833333333333 0.0037037037037037646 0.00694444444444442
0 0.712037037037037 0.6756944444444444 0.005555555555555536 0.009722222222222299
0 0.8027777777777778 0.6916666666666667 0.005555555555555536 0.008333333333333304
0 0.8319444444444444 0.6881944444444444 0.00462962962962965 0.009722222222222188
0 0.8393518518518519 0.6826388888888889 0.00462962962962965 0.00694444444444442
0 0.8875 0.65625 0.00462962962962965 0.009722222222222188
