0 0.7009803921568627 0.30865921787709494 0.039215686274509776 0.06424581005586588
0 0.24918300653594772 0.51536312849162 0.06372549019607843 0.10893854748603349
0 0.7704248366013071 0.2905027932960894 0.037581699346405206 0.06145251396648049
0 0.4910130718954248 0.38687150837988826 0.037581699346405206 0.06424581005586594
0 0.32598039215686275 0.23044692737430167 0.037581699346405206 0.06424581005586591
0 0.5359477124183006 0.6312849162011174 0.045751633986928164 0.07262569832402244
0 0.6258169934640523 0.3128491620111732 0.03594771241830075 0.06703910614525144
0 0.5187908496732025 0.26955307262569833 0.037581699346405206 0.06424581005586594
0 0.5408496732026145 0.3254189944134078 0.03594771241830064 0.06424581005586594
0 0.40441176470588236 0.2905027932960894 0.037581699346405206 0.06145251396648049
0 0.4387254901960784 0.34636871508379885 0.037581699346405206 0.06703910614525138
0 0.4861111111111111 0.31843575418994413 0.037581699346405206 0.06145251396648044
