0 0.0763888888888889 0.4527777777777778 0.026851851851851863 0.05277777777777781
0 0.3652777777777778 0.5138888888888888 0.021296296296296313 0.030555555555555558
0 0.5745370370370371 0.5375000000000001 0.015740740740740722 0.025000000000000022
0 0.6300925925925926 0.5249999999999999 0.017592592592592493 0.025000000000000022
0 0.7425925925925926 0.4444444444444444 0.011111111111111072 0.030555555555555558
0 0.9967592592592593 0.5486111111111112 0.00462962962962965 0.01388888888888895
0 0.9675925925925926 0.5513888888888889 0.0092592592592593 0.01388888888888895
0 0.95 0.5263888888888889 0.007407407407407418 0.016666666666666607
0 0.6810185185185185 0.6152777777777778 0.00462962962962965 0.011111111111111072
0 0.7907407407407407 0.6458333333333334 0.005555555555555536 0.008333333333333304
0 0.8898148148148148 0.45694444444444443 0.016666666666666607 0.02777777777777779
0 0.13657407407407407 0.6875 0.002777777777777768 0.011111111111111072
0 0.7976851851851852 0.6340277777777777 0.00462962962962965 0.00694444444444442
0 0.6990740740740741 0.5965277777777778 0.0018518518518517713 0.00694444444444442
0 0.6486111111111111 0.6270833333333333 0.002777777777777768 0.00694444444444442
