0 0.9652777777777777 0.5527777777777778 0.010185185185185186 0.01388888888888895
0 0.9944444444444445 0.5958333333333333 0.005555555555555536 0.011111111111111072
0 0.8740740740740741 0.6208333333333333 0.005555555555555536 0.008333333333333304
0 0.674074074074074 0.6180555555555556 0.007407407407407418 0.011111111111111072
0 0.5680555555555555 0.625 0.0064814814814815325 0.011111111111111072
0 0.549537037037037 0.6479166666666667 0.008333333333333304 0.012499999999999956
0 0.5217592592592593 0.54375 0.015740740740740833 0.018055555555555602
0 0.500925925925926 0.5541666666666667 0.012962962962962954 0.022222222222222254
0 0.4388888888888889 0.4930555555555556 0.005555555555555536 0.0222222222222222
0 0.054629629629629625 0.6375 0.01296296296296296 0.01666666666666672
