0 0.8018518518518518 0.32708333333333334 0.014814814814814836 0.054166666666666696
0 0.5472222222222223 0.554861111111111 0.014814814814814725 0.02083333333333337
0 0.7287037037037036 0.6097222222222223 0.007407407407407418 0.011111111111111183
0 0.7027777777777777 0.6125 0.007407407407407418 0.008333333333333415
0 0.6671296296296296 0.6118055555555555 0.008333333333333304 0.009722222222222299
0 0.6824074074074074 0.60625 0.007407407407407418 0.009722222222222299
0 0.6101851851851852 0.6305555555555555 0.007407407407407418 0.011111111111111072
0 0.5962962962962963 0.6375 0.007407407407407418 0.01388888888888895
0 0.8546296296296296 0.6388888888888888 0.0092592592592593 0.01388888888888895
0 0.9921296296296296 0.5493055555555555 0.010185185185185186 0.015277777777777835
0 0.3458333333333333 0.6805555555555556 0.013888888888888895 0.019444444444444486
0 0.7777777777777777 0.5902777777777778 0.007407407407407418 0.016666666666666607
0 0.8861111111111111 0.49236111111111114 0.01666666666666672 0.023611111111111083
0 0.8032407407407407 0.64375 0.0064814814814814214 0.012500000000000067
