0 0.8185185185185185 0.5201388888888889 0.014814814814814836 0.023611111111111138
0 0.4203703703703704 0.4798611111111111 0.01481481481481478 0.03749999999999998
0 0.5958333333333333 0.5145833333333334 0.0064814814814815325 0.023611111111111138
0 0.638425925925926 0.5062500000000001 0.0064814814814815325 0.023611111111111138
0 0.6671296296296296 0.5270833333333333 0.008333333333333304 0.02083333333333326
0 0.1 0.6333333333333333 0.009259259259259259 0.019444444444444486
0 0.312037037037037 0.6277777777777778 0.011111111111111127 0.01388888888888884
0 0.4273148148148148 0.5159722222222223 0.010185185185185186 0.026388888888888906
0 0.5027777777777778 0.6569444444444444 0.005555555555555536 0.008333333333333304
0 0.5185185185185185 0.6465277777777778 0.005555555555555536 0.012500000000000067
0 0.8976851851851853 0.5826388888888889 0.0064814814814814214 0.009722222222222299
