0 0.05138888888888889 0.6458333333333333 0.004629629629629629 0.019444444444444486
0 0.20277777777777778 0.6423611111111112 0.012962962962962954 0.018055555555555602
0 0.05972222222222222 0.68125 0.010185185185185179 0.01805555555555549
0 0.4740740740740741 0.51875 0.01481481481481478 0.03194444444444444
0 0.5439814814814815 0.5444444444444445 0.017592592592592604 0.019444444444444486
0 0.6134259259259259 0.4909722222222222 0.02129629629629637 0.03194444444444444
0 0.6912037037037038 0.4756944444444444 0.021296296296296258 0.034722222222222265
0 0.7703703703703704 0.4791666666666667 0.020370370370370372 0.036111111111111094
0 0.9018518518518519 0.39305555555555555 0.024074074074074026 0.033333333333333326
0 0.8856481481481482 0.4979166666666667 0.017592592592592604 0.023611111111111083
0 0.6671296296296296 0.6284722222222222 0.0064814814814815325 0.009722222222222188
0 0.6541666666666667 0.6118055555555555 0.004629629629629539 0.012500000000000067
0 0.8712962962962962 0.6375 0.00925925925925919 0.01388888888888895
0 0.8527777777777777 0.6368055555555556 0.011111111111111072 0.012500000000000067
0 0.8023148148148148 0.6451388888888889 0.008333333333333304 0.012500000000000067
0 0.9300925925925926 0.5902777777777778 0.0064814814814815325 0.011111111111111072
0 0.7740740740740741 0.6368055555555556 0.005555555555555647 0.009722222222222299
