0 0.7107843137254901 0.4325980392156863 0.08823529411764708 0.125
0 0.21323529411764705 0.6127450980392157 0.04411764705882354 0.09313725490196079
0 0.5996732026143791 0.5674019607843137 0.0490196078431373 0.10539215686274517
0 0.5433006535947713 0.5490196078431373 0.0539215686274509 0.1029411764705882
0 0.5931372549019608 0.6617647058823529 0.07843137254901955 0.11274509803921573
0 0.44362745098039214 0.6556372549019608 0.0408496732026144 0.08578431372549011
0 0.369281045751634 0.6311274509803921 0.05882352941176472 0.09558823529411764
0 0.15604575163398693 0.5772058823529411 0.0408496732026144 0.09068627450980393
0 0.09803921568627451 0.7389705882352942 0.0718954248366013 0.125
0 0.09313725490196079 0.6409313725490196 0.07189542483660133 0.06617647058823539
0 0.19281045751633985 0.758578431372549 0.052287581699346414 0.125
