0 0.2606481481481482 0.6055555555555556 0.00833333333333336 0.011111111111111183
0 0.2680555555555556 0.6111111111111112 0.006481481481481477 0.005555555555555647
0 0.28981481481481486 0.5972222222222222 0.009259259259259245 0.01388888888888884
0 0.28564814814814815 0.6166666666666667 0.010185185185185186 0.011111111111111072
0 0.27083333333333337 0.6048611111111111 0.006481481481481477 0.009722222222222299
0 0.3046296296296296 0.6013888888888889 0.009259259259259245 0.01388888888888884
0 0.3106481481481481 0.6020833333333333 0.006481481481481477 0.012499999999999956
0 0.3462962962962963 0.6111111111111112 0.009259259259259245 0.01388888888888895
0 0.37037037037037035 0.6034722222222222 0.009259259259259245 0.015277777777777835
0 0.43194444444444446 0.6048611111111111 0.012037037037037013 0.018055555555555602
0 0.5324074074074074 0.6013888888888889 0.011111111111111072 0.01388888888888884
0 0.5523148148148148 0.5923611111111111 0.012037037037037068 0.015277777777777724
0 0.5939814814814814 0.6048611111111111 0.012037037037037068 0.02083333333333337
0 0.6518518518518519 0.6208333333333333 0.00925925925925919 0.01388888888888884
0 0.8476851851851852 0.5875 0.0064814814814815325 0.01388888888888884
0 0.4212962962962963 0.6520833333333333 0.009259259259259245 0.026388888888888906
0 0.8083333333333333 0.6173611111111111 0.005555555555555536 0.015277777777777724
