0 0.3472222222222222 0.5402777777777779 0.011111111111111127 0.01666666666666672
0 0.5037037037037038 0.5249999999999999 0.011111111111111127 0.022222222222222254
0 0.5236111111111111 0.5208333333333333 0.012037037037037068 0.022222222222222254
0 0.5768518518518518 0.5145833333333334 0.020370370370370372 0.02083333333333337
0 0.6009259259259259 0.50625 0.022222222222222254 0.0319444444444445
0 0.7208333333333333 0.47430555555555554 0.019444444444444375 0.03472222222222221
0 0.8282407407407407 0.4652777777777778 0.01388888888888884 0.01944444444444443
0 0.6689814814814815 0.5111111111111111 0.01388888888888884 0.01388888888888895
0 0.4046296296296297 0.5347222222222222 0.003703703703703709 0.005555555555555536
0 0.43472222222222223 0.5298611111111111 0.002777777777777768 0.004166666666666652
0 0.4476851851851852 0.5347222222222222 0.002777777777777768 0.005555555555555536
0 0.4199074074074074 0.5340277777777778 0.002777777777777768 0.004166666666666652
0 0.3726851851851852 0.5388888888888889 0.002777777777777768 0.005555555555555536
