0 0.29768518518518516 0.6722222222222223 0.03796296296296292 0.0805555555555556
0 0.040740740740740744 0.5986111111111112 0.08148148148148149 0.21111111111111114
0 0.6171296296296296 0.5833333333333333 0.04907407407407416 0.10277777777777775
0 0.7240740740740741 0.5986111111111111 0.022222222222222254 0.019444444444444375
0 0.5282407407407408 0.5756944444444445 0.008333333333333415 0.012500000000000067
0 0.5111111111111111 0.6201388888888888 0.014814814814814836 0.023611111111111138
0 0.4546296296296296 0.6020833333333333 0.01481481481481478 0.023611111111111138
0 0.42453703703703705 0.6583333333333333 0.012037037037037068 0.022222222222222143
0 0.36296296296296293 0.6208333333333333 0.011111111111111127 0.016666666666666607
0 0.21203703703703702 0.5923611111111111 0.009259259259259273 0.012499999999999956
0 0.6995370370370371 0.5763888888888888 0.00462962962962965 0.008333333333333415
0 0.7527777777777778 0.5701388888888889 0.007407407407407418 0.009722222222222188
0 0.7351851851851852 0.5729166666666667 0.005555555555555536 0.012500000000000067
