0 0.6439814814814815 0.5965277777777778 0.010185185185185186 0.023611111111111027
0 0.986574074074074 0.49513888888888885 0.02314814814814814 0.040277777777777746
0 0.13148148148148148 0.6625000000000001 0.01851851851851853 0.022222222222222254
0 0.17453703703703705 0.675 0.01203703703703704 0.01388888888888895
0 0.2337962962962963 0.6486111111111111 0.006481481481481477 0.01388888888888884
0 0.2828703703703704 0.6423611111111112 0.008333333333333304 0.015277777777777835
0 0.5606481481481481 0.5881944444444445 0.008333333333333304 0.012499999999999956
0 0.5361111111111111 0.5979166666666667 0.0037037037037037646 0.012499999999999956
0 0.034722222222222224 0.7145833333333333 0.017592592592592594 0.026388888888888906
0 0.3662037037037037 0.625 0.008333333333333304 0.005555555555555536
0 0.29120370370370374 0.6381944444444445 0.006481481481481477 0.006944444444444531
0 0.274537037037037 0.6333333333333333 0.006481481481481477 0.008333333333333304
