0 0.47549019607843135 0.1446078431372549 0.3137254901960784 0.24509803921568626
0 0.9084967320261438 0.14705882352941177 0.14379084967320255 0.28921568627450983
0 0.33986928104575165 0.3627450980392157 0.022875816993464027 0.12254901960784315
0 0.4338235294117647 0.3357843137254902 0.037581699346405206 0.05882352941176466
0 0.380718954248366 0.33333333333333337 0.04248366013071897 0.053921568627450955
0 0.5825163398692811 0.3321078431372549 0.05718954248366015 0.03676470588235292
0 0.5718954248366013 0.39215686274509803 0.04575163398692805 0.0980392156862745
0 0.5089869281045751 0.4387254901960784 0.08333333333333337 0.12254901960784315
0 0.6462418300653595 0.35784313725490197 0.06045751633986929 0.1029411764705882
0 0.39869281045751637 0.42647058823529416 0.07516339869281047 0.14705882352941174
0 0.09640522875816994 0.2181372549019608 0.1830065359477124 0.36764705882352944
0 0.7361111111111112 0.1924019607843137 0.1911764705882354 0.30637254901960786
