0 0.18137254901960786 0.21046228710462286 0.11437908496732027 0.2554744525547445
0 0.5147058823529412 0.33698296836982966 0.13725490196078433 0.09975669099756695
0 0.5212418300653594 0.4537712895377129 0.03594771241830064 0.06569343065693434
0 0.4722222222222222 0.44525547445255476 0.0326797385620915 0.06326034063260338
0 0.30147058823529416 0.22749391727493917 0.10294117647058826 0.17274939172749393
0 0.3464052287581699 0.35401459854014594 0.1111111111111111 0.1435523114355231
0 0.38235294117647056 0.25182481751824815 0.09150326797385616 0.12895377128953772
0 0.451797385620915 0.20316301703163017 0.08006535947712418 0.1435523114355231
0 0.5563725490196079 0.20924574209245742 0.08006535947712412 0.1557177615571776
0 0.6699346405228759 0.28345498783454987 0.07843137254901966 0.14355231143552313
0 0.8063725490196079 0.3150851581508516 0.1029411764705882 0.18248175182481752
0 0.6168300653594772 0.35279805352798055 0.0702614379084967 0.13138686131386862
0 0.9133986928104576 0.3309002433090024 0.10130718954248363 0.170316301703163
0 0.2361111111111111 0.46472019464720193 0.11928104575163398 0.23357664233576636
0 0.2638888888888889 0.6824817518248175 0.11928104575163401 0.2068126520681266
0 0.7156862745098039 0.8454987834549879 0.130718954248366 0.25547445255474455
0 0.7875816993464052 0.546228710462287 0.17320261437908502 0.2408759124087591
0 0.7312091503267973 0.18126520681265207 0.06045751633986929 0.12408759124087593
