0 0.5931372549019608 0.09313725490196079 0.11111111111111116 0.1715686274509804
0 0.39869281045751637 0.08823529411764705 0.09150326797385616 0.1568627450980392
0 0.3047385620915033 0.1446078431372549 0.1062091503267974 0.2156862745098039
0 0.49019607843137253 0.47549019607843135 0.04575163398692805 0.07843137254901955
0 0.7263071895424836 0.8321078431372548 0.12254901960784315 0.1789215686274509
0 0.9452614379084967 0.24509803921568626 0.10947712418300659 0.23529411764705882
0 0.4444444444444444 0.39338235294117646 0.0326797385620915 0.03676470588235292
0 0.41013071895424835 0.39460784313725494 0.03921568627450983 0.053921568627450955
0 0.16748366013071897 0.08946078431372549 0.1323529411764706 0.1642156862745098
0 0.11356209150326797 0.8051470588235294 0.20424836601307192 0.23774509803921573
0 0.375 0.42401960784313725 0.02450980392156865 0.08333333333333337
0 0.8071895424836601 0.056372549019607844 0.10784313725490202 0.09803921568627451
0 0.5686274509803921 0.4215686274509804 0.05228758169934644 0.06372549019607843
0 0.8316993464052287 0.5906862745098039 0.13725490196078438 0.338235294117647
0 0.41830065359477125 0.45098039215686275 0.039215686274509776 0.08333333333333337
0 0.755718954248366 0.23651960784313725 0.11601307189542487 0.20833333333333334
0 0.6609477124183006 0.3026960784313726 0.13888888888888884 0.2034313725490196
0 0.47875816993464054 0.27941176470588236 0.20915032679738566 0.1470588235294118
0 0.21568627450980393 0.3125 0.18627450980392157 0.20833333333333334
0 0.05800653594771242 0.4644607843137255 0.10947712418300654 0.3799019607843137
