0 0.576797385620915 0.3125 0.039215686274509776 0.056372549019607865
0 0.40604575163398693 0.2904411764705882 0.044117647058823484 0.06617647058823534
0 0.625 0.3382352941176471 0.03758169934640532 0.053921568627450955
0 0.48039215686274506 0.3382352941176471 0.04248366013071897 0.06372549019607843
0 0.5980392156862745 0.5306372549019608 0.042483660130719025 0.06617647058823528
0 0.6813725490196079 0.35416666666666663 0.03594771241830064 0.05637254901960781
0 0.5138888888888888 0.5588235294117647 0.06045751633986923 0.09313725490196079
0 0.44689542483660133 0.5098039215686274 0.06045751633986929 0.09313725490196079
0 0.6911764705882353 0.5355392156862745 0.05228758169934644 0.0759803921568627
0 0.28431372549019607 0.24877450980392157 0.04575163398692811 0.06127450980392157
0 0.2303921568627451 0.22549019607843138 0.04575163398692808 0.06862745098039219
0 0.7475490196078431 0.3075980392156863 0.044117647058823595 0.06617647058823528
0 0.3415032679738562 0.28308823529411764 0.05228758169934644 0.07598039215686278
