0 0.03839869281045752 0.8590686274509804 0.06045751633986929 0.14460784313725494
0 0.8848039215686274 0.6078431372549019 0.05718954248366015 0.12254901960784315
0 0.7802287581699346 0.5821078431372548 0.05718954248366015 0.11029411764705876
0 0.7352941176470589 0.5379901960784315 0.039215686274509776 0.08088235294117652
0 0.6781045751633987 0.4215686274509804 0.04901960784313719 0.08823529411764708
0 0.542483660130719 0.3982843137254902 0.0326797385620915 0.07598039215686275
0 0.45669934640522875 0.5563725490196079 0.037581699346405206 0.07352941176470584
0 0.4215686274509804 0.5453431372549019 0.03594771241830064 0.06127450980392157
0 0.36192810457516345 0.5134803921568627 0.04738562091503268 0.09558823529411764
0 0.5645424836601307 0.5416666666666667 0.03758169934640532 0.07843137254901966
0 0.29166666666666663 0.4411764705882353 0.053921568627450955 0.0980392156862745
