0 0.9027777777777778 0.43680555555555556 0.06481481481481488 0.08472222222222225
0 0.712962962962963 0.5666666666666667 0.00925925925925919 0.016666666666666607
0 0.7 0.5819444444444444 0.01666666666666672 0.019444444444444486
0 0.6796296296296296 0.5625 0.01851851851851849 0.02777777777777768
0 0.6518518518518519 0.5458333333333334 0.014814814814814725 0.033333333333333326
0 0.6356481481481482 0.5458333333333334 0.02314814814814814 0.022222222222222254
0 0.5546296296296296 0.570138888888889 0.01851851851851849 0.03194444444444444
0 0.5694444444444444 0.5888888888888889 0.007407407407407418 0.008333333333333304
0 0.49444444444444446 0.5694444444444444 0.020370370370370372 0.036111111111111094
0 0.4662037037037037 0.5840277777777778 0.00833333333333336 0.015277777777777835
