0 0.24259259259259258 0.5270833333333333 0.020370370370370372 0.03472222222222221
0 0.29305555555555557 0.5354166666666667 0.028703703703703676 0.03749999999999998
0 0.7166666666666666 0.5861111111111111 0.007407407407407418 0.01388888888888884
0 0.7277777777777779 0.5909722222222222 0.007407407407407418 0.012499999999999956
0 0.7541666666666667 0.5944444444444444 0.00462962962962965 0.011111111111111072
0 0.775 0.5965277777777778 0.005555555555555536 0.00694444444444442
0 0.7893518518518519 0.5909722222222222 0.004629629629629539 0.009722222222222188
0 0.799074074074074 0.5875 0.007407407407407418 0.01388888888888884
0 0.813425925925926 0.5930555555555556 0.00462962962962965 0.005555555555555536
0 0.8814814814814815 0.5902777777777778 0.0037037037037036535 0.008333333333333304
0 0.8898148148148148 0.5875 0.0037037037037037646 0.008333333333333304
