0 0.7638888888888888 0.5486111111111112 0.007407407407407418 0.019444444444444486
0 0.7023148148148148 0.58125 0.015740740740740722 0.023611111111111138
0 0.6902777777777778 0.5597222222222222 0.019444444444444375 0.030555555555555558
0 0.6523148148148148 0.5736111111111111 0.00462962962962965 0.008333333333333304
0 0.6074074074074074 0.5777777777777777 0.0092592592592593 0.01388888888888895
0 0.5930555555555556 0.5826388888888889 0.004629629629629539 0.012500000000000067
0 0.5634259259259259 0.5902777777777778 0.008333333333333304 0.01388888888888884
0 0.5518518518518518 0.5854166666666667 0.005555555555555536 0.009722222222222188
0 0.5449074074074074 0.5923611111111111 0.0064814814814815325 0.015277777777777724
0 0.5347222222222223 0.5979166666666667 0.00462962962962965 0.00694444444444442
0 0.5092592592592593 0.5951388888888889 0.005555555555555536 0.012499999999999956
0 0.5027777777777778 0.5951388888888889 0.0037037037037037646 0.004166666666666652
0 0.49074074074074076 0.5826388888888889 0.007407407407407418 0.015277777777777835
