0 0.6495098039215687 0.633587786259542 0.05718954248366015 0.16793893129770987
0 0.5089869281045751 0.433206106870229 0.07679738562091509 0.22519083969465647
0 0.08415032679738561 0.3893129770992366 0.08660130718954248 0.2977099236641221
0 0.3954248366013072 0.4103053435114504 0.05882352941176472 0.20992366412213742
0 0.27124183006535946 0.20229007633587787 0.08823529411764705 0.25190839694656486
0 0.4027777777777778 0.6412213740458015 0.09967320261437906 0.17557251908396954
0 0.6397058823529411 0.49236641221374045 0.040849673202614345 0.16030534351145032
0 0.821078431372549 0.5629770992366412 0.06372549019607843 0.16412213740458015
0 0.3300653594771242 0.42748091603053434 0.05555555555555558 0.1984732824427481
0 0.9395424836601307 0.6507633587786259 0.05882352941176472 0.17938931297709926
0 0.7369281045751634 0.5916030534351144 0.065359477124183 0.17557251908396954
