0 0.4615740740740741 0.5673611111111111 0.008333333333333304 0.01805555555555549
0 0.4861111111111111 0.5930555555555556 0.007407407407407418 0.011111111111111072
0 0.5162037037037037 0.5958333333333333 0.0064814814814815325 0.011111111111111072
0 0.5064814814814815 0.5958333333333333 0.005555555555555647 0.008333333333333304
0 0.524537037037037 0.5930555555555556 0.00462962962962965 0.008333333333333304
0 0.6041666666666667 0.5729166666666667 0.015740740740740722 0.023611111111111138
0 0.6435185185185186 0.5715277777777777 0.007407407407407418 0.00694444444444442
0 0.7180555555555556 0.5659722222222222 0.01388888888888884 0.02083333333333326
0 0.8999999999999999 0.4666666666666667 0.059259259259259234 0.08611111111111108
0 0.5351851851851852 0.5916666666666667 0.0037037037037037646 0.011111111111111072
