0 0.511437908496732 0.25 0.03594771241830064 0.05392156862745098
0 0.2303921568627451 0.27941176470588236 0.035947712418300665 0.05392156862745101
0 0.7263071895424837 0.258578431372549 0.037581699346405206 0.05637254901960784
0 0.5016339869281046 0.2855392156862745 0.03921568627450983 0.056372549019607865
0 0.5408496732026145 0.2855392156862745 0.039215686274509776 0.056372549019607865
0 0.5759803921568627 0.29901960784313725 0.037581699346405206 0.05392156862745101
0 0.18382352941176472 0.3174019607843137 0.037581699346405234 0.05637254901960781
0 0.21650326797385622 0.36764705882352944 0.037581699346405234 0.053921568627450955
0 0.29901960784313725 0.29411764705882354 0.039215686274509776 0.05392156862745101
0 0.1446078431372549 0.3394607843137255 0.037581699346405234 0.056372549019607865
0 0.6094771241830066 0.36151960784313725 0.042483660130718914 0.06617647058823528
0 0.31699346405228757 0.35661764705882354 0.04248366013071897 0.06617647058823528
0 0.034313725490196074 0.3247549019607843 0.0457516339869281 0.06617647058823528
0 0.16339869281045752 0.48284313725490197 0.065359477124183 0.08823529411764708
0 0.8553921568627452 0.33210784313725494 0.05065359477124176 0.07598039215686275
0 0.4526143790849673 0.2855392156862745 0.03594771241830064 0.056372549019607865
0 0.6617647058823529 0.33700980392156865 0.042483660130719025 0.06617647058823534
0 0.6429738562091503 0.2696078431372549 0.037581699346405206 0.05882352941176469
0 0.559640522875817 0.3578431372549019 0.05065359477124187 0.0784313725490196
0 0.4787581699346405 0.35784313725490197 0.03594771241830069 0.05882352941176472
0 0.3619281045751634 0.29534313725490197 0.037581699346405206 0.056372549019607865
0 0.42647058823529416 0.35661764705882354 0.03921568627450983 0.056372549019607865
0 0.38725490196078427 0.383578431372549 0.04248366013071897 0.06617647058823534
