0 0.9847222222222223 0.5611111111111111 0.026851851851851793 0.04166666666666674
0 0.7912037037037036 0.5687500000000001 0.01388888888888895 0.026388888888888906
0 0.7648148148148148 0.5638888888888889 0.014814814814814836 0.02499999999999991
0 0.773611111111111 0.5493055555555555 0.010185185185185186 0.02083333333333337
0 0.7185185185185186 0.5791666666666666 0.011111111111111183 0.019444444444444486
0 0.737037037037037 0.5680555555555555 0.011111111111111072 0.016666666666666607
0 0.6787037037037037 0.5673611111111111 0.0092592592592593 0.015277777777777724
0 0.6953703703703704 0.5666666666666667 0.011111111111111183 0.01388888888888884
0 0.6601851851851852 0.5826388888888889 0.007407407407407418 0.012500000000000067
0 0.6194444444444445 0.5743055555555556 0.012962962962962954 0.02083333333333337
0 0.5861111111111111 0.5652777777777778 0.0092592592592593 0.016666666666666607
0 0.5050925925925926 0.5881944444444445 0.010185185185185186 0.01805555555555549
0 0.3490740740740741 0.5833333333333333 0.011111111111111127 0.022222222222222254
0 0.37824074074074077 0.5826388888888889 0.0027777777777778234 0.00694444444444442
0 0.4023148148148148 0.5736111111111111 0.0027777777777778234 0.008333333333333304
0 0.575 0.5694444444444444 0.005555555555555536 0.011111111111111072
