0 0.4730392156862745 0.4046997389033943 0.04411764705882354 0.06788511749347259
0 0.3521241830065359 0.6657963446475196 0.053921568627450955 0.08355091383812008
0 0.6862745098039216 0.24673629242819844 0.0490196078431373 0.08093994778067884
0 0.06045751633986928 0.7127937336814621 0.04901960784313726 0.07832898172323755
0 0.3700980392156863 0.5404699738903394 0.05065359477124182 0.07832898172323766
0 0.6805555555555556 0.48041775456919067 0.05065359477124187 0.08355091383812013
0 0.6184640522875817 0.3942558746736292 0.044117647058823484 0.06788511749347254
0 0.43218954248366015 0.531331592689295 0.053921568627450955 0.08093994778067881
0 0.04983660130718954 0.3524804177545692 0.05065359477124183 0.08355091383812013
0 0.7508169934640523 0.5326370757180157 0.05065359477124187 0.08355091383812008
0 0.21323529411764705 0.1174934725848564 0.04411764705882354 0.07310704960835508
0 0.7753267973856209 0.6070496083550914 0.05392156862745101 0.08616187989556134
0 0.47467320261437906 0.0391644908616188 0.05065359477124182 0.0783289817232376
0 0.21650326797385622 0.2545691906005222 0.050653594771241844 0.08616187989556134
0 0.3292483660130719 0.37597911227154046 0.05065359477124187 0.08355091383812008
0 0.16258169934640523 0.18537859007832896 0.05065359477124182 0.0835509138381201
0 0.9264705882352942 0.4177545691906005 0.04901960784313719 0.08355091383812013
0 0.11764705882352941 0.3133159268929504 0.0522875816993464 0.08355091383812008
0 0.6854575163398693 0.07571801566579635 0.044117647058823595 0.06788511749347259
0 0.3202614379084967 0.4425587467362924 0.04248366013071897 0.07049608355091386
0 0.8366013071895425 0.5169712793733682 0.0490196078431373 0.0783289817232376
0 0.031862745098039214 0.531331592689295 0.05392156862745098 0.08093994778067881
0 0.28104575163398693 0.614882506527415 0.05228758169934644 0.08616187989556134
0 0.8218954248366013 0.6827676240208878 0.05228758169934644 0.08616187989556134
0 0.015522875816993464 0.10574412532637076 0.03104575163398693 0.07049608355091384
0 0.6625816993464052 0.41253263707571797 0.05065359477124187 0.0783289817232376
0 0.9542483660130718 0.1801566579634465 0.05228758169934633 0.0835509138381201
0 0.9076797385620915 0.2989556135770235 0.05065359477124187 0.08616187989556134
0 0.12581699346405228 0.2545691906005222 0.052287581699346386 0.08616187989556134
0 0.6633986928104575 0.031331592689295036 0.05228758169934644 0.06266318537859007
0 0.10784313725490197 0.7127937336814621 0.0522875816993464 0.07832898172323755
0 0.06944444444444445 0.6305483028720626 0.050653594771241824 0.08093994778067892
0 0.9444444444444444 0.3302872062663186 0.0490196078431373 0.08093994778067887
0 0.25735294117647056 0.21671018276762402 0.05065359477124182 0.0783289817232376
0 0.4387254901960784 0.3368146214099217 0.044117647058823484 0.07310704960835507
0 0.17320261437908496 0.4556135770234987 0.052287581699346414 0.08093994778067881
0 0.40931372549019607 0.17754569190600522 0.05065359477124182 0.0835509138381201
0 0.7091503267973855 0.6057441253263708 0.04901960784313719 0.08355091383812008
0 0.21568627450980393 0.5613577023498695 0.049019607843137275 0.08355091383812008
0 0.5743464052287581 0.4190600522193212 0.05065359477124176 0.08093994778067887
0 0.9158496732026145 0.706266318537859 0.044117647058823484 0.07049608355091386
0 0.9689542483660131 0.5456919060052219 0.05228758169934644 0.08355091383812019
0 0.3709150326797386 0.3681462140992167 0.04248366013071897 0.06788511749347259
0 0.732843137254902 0.7349869451697129 0.0539215686274509 0.08093994778067881
0 0.3145424836601307 0.16449086161879894 0.05392156862745101 0.0835509138381201
0 0.8594771241830066 0.4347258485639687 0.05228758169934633 0.08093994778067881
0 0.09313725490196079 0.45691906005221933 0.052287581699346414 0.08355091383812008
0 0.12826797385620914 0.050913838120104436 0.044117647058823525 0.07049608355091384
0 0.6617647058823529 0.3289817232375979 0.05228758169934644 0.08355091383812013
0 0.2679738562091503 0.6671018276762402 0.052287581699346414 0.08093994778067881
0 0.4183006535947712 0.06135770234986945 0.04575163398692811 0.06527415143603132
0 0.5735294117647058 0.32114882506527415 0.04901960784313719 0.08355091383812008
0 0.832516339869281 0.6070496083550914 0.044117647058823484 0.07049608355091386
0 0.6372549019607843 0.5757180156657964 0.06209150326797386 0.10182767624020894
0 0.20588235294117646 0.6671018276762402 0.052287581699346414 0.08093994778067881
0 0.1781045751633987 0.304177545691906 0.04248366013071897 0.0704960835509138
0 0.9387254901960784 0.048302872062663184 0.044117647058823595 0.07049608355091384
0 0.6094771241830066 0.24281984334203655 0.042483660130718914 0.0731070496083551
0 0.7426470588235294 0.20496083550913838 0.044117647058823484 0.07049608355091386
0 0.5196078431372548 0.3629242819843342 0.042483660130718914 0.06788511749347259
0 0.7810457516339869 0.033942558746736295 0.05228758169934644 0.06788511749347259
0 0.8741830065359477 0.3276762402088773 0.05228758169934644 0.08093994778067887
0 0.5163398692810457 0.20887728459530025 0.052287581699346386 0.0783289817232376
0 0.5694444444444444 0.5182767624020888 0.05065359477124187 0.08093994778067887
0 0.20261437908496732 0.44386422976501305 0.04575163398692811 0.06788511749347259
0 0.7205882352941176 0.28720626631853785 0.045751633986928164 0.06788511749347259
0 0.36683006535947715 0.2689295039164491 0.05065359477124182 0.07832898172323757
0 0.7892156862745098 0.34595300261096606 0.05228758169934644 0.08093994778067881
0 0.6683006535947713 0.7180156657963446 0.042483660130718914 0.06788511749347259
0 0.8651960784313726 0.21540469973890342 0.05065359477124176 0.08093994778067884
0 0.8774509803921569 0.13185378590078328 0.045751633986928164 0.07049608355091384
0 0.4183006535947712 0.4190600522193212 0.052287581699346386 0.08093994778067887
0 0.5008169934640523 0.5456919060052219 0.06045751633986929 0.1044386422976501
0 0.40931372549019607 0.6971279373368147 0.05065359477124182 0.08355091383812008
0 0.7941176470588236 0.45822454308093996 0.04901960784313719 0.08093994778067887
0 0.7352941176470589 0.38511749347258484 0.04575163398692805 0.0704960835509138
0 0.4452614379084967 0.21148825065274152 0.04411764705882354 0.07310704960835507
