0 0.7662037037037037 0.5513888888888889 0.012037037037037068 0.025000000000000022
0 0.7175925925925926 0.5666666666666667 0.01851851851851849 0.022222222222222143
0 0.700462962962963 0.58125 0.017592592592592604 0.023611111111111138
0 0.6643518518518519 0.5576388888888888 0.019444444444444375 0.029166666666666674
0 0.6263888888888889 0.5736111111111111 0.012037037037037068 0.01666666666666672
0 0.5810185185185186 0.586111111111111 0.010185185185185186 0.01666666666666672
0 0.5601851851851852 0.5958333333333333 0.005555555555555536 0.011111111111111072
0 0.5189814814814815 0.5972222222222222 0.002777777777777768 0.005555555555555536
0 0.5101851851851852 0.5972222222222222 0.005555555555555536 0.008333333333333304
0 0.5055555555555555 0.59375 0.0037037037037037646 0.00694444444444442
0 0.4837962962962963 0.58125 0.00833333333333336 0.018055555555555602
