0 0.7023148148148148 0.5819444444444444 0.015740740740740722 0.022222222222222254
0 0.6763888888888889 0.5590277777777777 0.019444444444444486 0.026388888888888906
0 0.6166666666666667 0.5708333333333333 0.005555555555555536 0.01388888888888884
0 0.6199074074074074 0.5756944444444445 0.00462962962962965 0.012500000000000067
0 0.5810185185185185 0.58125 0.0064814814814815325 0.012500000000000067
0 0.5675925925925926 0.5888888888888889 0.00925925925925919 0.01388888888888884
0 0.561574074074074 0.5875 0.00462962962962965 0.01388888888888884
0 0.5532407407407407 0.5888888888888889 0.008333333333333415 0.016666666666666607
0 0.5300925925925926 0.5881944444444445 0.008333333333333304 0.012499999999999956
0 0.5106481481481482 0.5951388888888889 0.00462962962962965 0.012499999999999956
0 0.5194444444444444 0.59375 0.0037037037037036535 0.00694444444444442
0 0.5050925925925926 0.5756944444444445 0.00462962962962965 0.006944444444444531
0 0.7611111111111111 0.5479166666666666 0.005555555555555536 0.02083333333333337
