0 0.15277777777777776 0.6228501228501229 0.060457516339869274 0.09090909090909094
0 0.548202614379085 0.5958230958230959 0.06372549019607843 0.09090909090909094
0 0.6772875816993464 0.606879606879607 0.05065359477124176 0.07371007371007365
0 0.7377450980392157 0.5626535626535627 0.07352941176470595 0.11793611793611791
0 0.9313725490196079 0.5528255528255528 0.065359477124183 0.0884520884520884
0 0.25898692810457513 0.5995085995085996 0.0735294117647059 0.11302211302211307
0 0.49673202614379086 0.5552825552825553 0.07516339869281047 0.11302211302211301
0 0.0392156862745098 0.624078624078624 0.065359477124183 0.09336609336609347
0 0.10130718954248366 0.6461916461916462 0.06209150326797386 0.0884520884520884
0 0.6535947712418301 0.37223587223587223 0.042483660130719025 0.06633906633906639
