0 0.3529411764705882 0.22529069767441862 0.055555555555555525 0.125
0 0.059640522875817 0.1511627906976744 0.057189542483660136 0.08720930232558141
0 0.3161764705882353 0.10755813953488372 0.053921568627450955 0.07558139534883722
0 0.1968954248366013 0.6555232558139534 0.25980392156862747 0.39825581395348836
0 0.3954248366013072 0.4956395348837209 0.06209150326797386 0.1133720930232558
0 0.4877450980392157 0.2543604651162791 0.1029411764705882 0.21802325581395346
0 0.7606209150326797 0.3372093023255814 0.12254901960784315 0.2616279069767442
0 0.16013071895424835 0.2063953488372093 0.05555555555555555 0.09883720930232559
0 0.5825163398692811 0.11191860465116278 0.05718954248366015 0.13662790697674418
0 0.27941176470588236 0.12936046511627908 0.039215686274509776 0.04941860465116278
0 0.25653594771241833 0.1744186046511628 0.035947712418300665 0.06395348837209303
