0 0.19117647058823528 0.3035294117647059 0.0718954248366013 0.16470588235294115
0 0.2638888888888889 0.3988235294117647 0.05392156862745101 0.12941176470588234
0 0.8455882352941178 0.1988235294117647 0.09313725490196079 0.2423529411764706
0 0.9362745098039216 0.5564705882352942 0.12745098039215685 0.331764705882353
0 0.3521241830065359 0.4023529411764706 0.11274509803921567 0.19294117647058823
0 0.34967320261437906 0.24705882352941175 0.0784313725490196 0.10823529411764704
0 0.48120915032679734 0.41411764705882353 0.06372549019607837 0.1505882352941177
0 0.8202614379084967 0.4964705882352941 0.11111111111111116 0.23529411764705882
0 0.6004901960784313 0.5235294117647059 0.13235294117647056 0.2282352941176471
0 0.6299019607843137 0.3094117647058824 0.10620915032679745 0.09647058823529414
