0 0.10833333333333334 0.6493055555555556 0.03518518518518517 0.043055555555555514
0 0.2884259259259259 0.5819444444444444 0.008333333333333304 0.01388888888888895
0 0.3236111111111111 0.5736111111111111 0.00462962962962965 0.008333333333333304
0 0.3458333333333333 0.5770833333333334 0.006481481481481477 0.009722222222222299
0 0.39814814814814814 0.5729166666666666 0.003703703703703709 0.00694444444444442
0 0.4393518518518519 0.5743055555555556 0.013888888888888895 0.026388888888888906
0 0.4662037037037037 0.5868055555555556 0.013888888888888895 0.023611111111111138
0 0.47916666666666663 0.5729166666666666 0.00833333333333336 0.009722222222222188
0 0.4930555555555556 0.5784722222222223 0.013888888888888895 0.018055555555555602
0 0.5333333333333333 0.5638888888888889 0.014814814814814836 0.022222222222222143
0 0.5180555555555555 0.5826388888888889 0.010185185185185186 0.015277777777777835
0 0.611574074074074 0.5638888888888889 0.015740740740740722 0.02499999999999991
0 0.5689814814814815 0.5784722222222223 0.00462962962962965 0.006944444444444531
