0 0.5356481481481481 0.5305555555555554 0.019444444444444486 0.030555555555555558
0 0.5541666666666667 0.53125 0.015740740740740722 0.026388888888888795
0 0.3263888888888889 0.5215277777777778 0.019444444444444486 0.023611111111111138
0 0.45092592592592595 0.4951388888888889 0.009259259259259245 0.009722222222222243
0 0.4824074074074074 0.5013888888888889 0.003703703703703709 0.008333333333333304
0 0.9351851851851852 0.5215277777777778 0.005555555555555536 0.009722222222222188
0 0.9018518518518519 0.5215277777777778 0.005555555555555647 0.009722222222222188
0 0.8805555555555555 0.5270833333333333 0.0037037037037037646 0.00694444444444442
0 0.6282407407407408 0.5090277777777777 0.0064814814814815325 0.009722222222222188
0 0.5597222222222222 0.4840277777777778 0.002777777777777768 0.004166666666666652
0 0.5555555555555556 0.48541666666666666 0.0037037037037037646 0.004166666666666652
0 0.514351851851852 0.5034722222222222 0.00462962962962965 0.00694444444444442
0 0.4078703703703704 0.5041666666666667 0.002777777777777768 0.005555555555555536
0 0.3768518518518519 0.4986111111111111 0.003703703703703709 0.005555555555555536
0 0.17685185185185187 0.48888888888888893 0.005555555555555564 0.00833333333333336
