0 0.1388888888888889 0.4979166666666667 0.014814814814814808 0.015277777777777779
0 0.17638888888888887 0.4986111111111111 0.013888888888888867 0.0222222222222222
0 0.15555555555555556 0.5555555555555556 0.009259259259259245 0.030555555555555558
0 0.18981481481481483 0.5361111111111112 0.012962962962962982 0.02777777777777779
0 0.20462962962962963 0.49236111111111114 0.012962962962962954 0.015277777777777779
0 0.23194444444444445 0.5201388888888889 0.013888888888888895 0.015277777777777835
0 0.21759259259259262 0.5486111111111112 0.014814814814814808 0.030555555555555558
0 0.3032407407407407 0.55 0.006481481481481477 0.025000000000000022
0 0.5037037037037038 0.5333333333333333 0.005555555555555647 0.01388888888888884
0 0.5208333333333333 0.5159722222222223 0.01388888888888895 0.02083333333333337
0 0.5513888888888889 0.5340277777777778 0.008333333333333304 0.01805555555555549
0 0.5921296296296297 0.5229166666666667 0.008333333333333415 0.018055555555555602
0 0.6143518518518518 0.5270833333333333 0.012037037037037068 0.015277777777777724
0 0.6282407407407408 0.5333333333333333 0.008333333333333304 0.011111111111111072
0 0.6592592592592592 0.5354166666666667 0.007407407407407418 0.009722222222222188
0 0.6652777777777777 0.5701388888888889 0.012037037037037068 0.012499999999999956
0 0.7115740740740741 0.5451388888888888 0.012037037037036957 0.009722222222222299
0 0.7402777777777778 0.5541666666666667 0.010185185185185186 0.005555555555555536
0 0.6671296296296296 0.5388888888888889 0.0064814814814815325 0.011111111111111072
0 0.899537037037037 0.5319444444444444 0.02314814814814814 0.02777777777777768
0 0.6351851851851852 0.5381944444444444 0.005555555555555536 0.012499999999999956
0 0.6523148148148148 0.5402777777777777 0.00462962962962965 0.011111111111111072
