0 0.0784313725490196 0.16953316953316952 0.08823529411764705 0.12776412776412777
0 0.17565359477124182 0.10687960687960688 0.08660130718954248 0.13513513513513514
0 0.7598039215686274 0.05036855036855037 0.09150326797385622 0.10073710073710074
0 0.2785947712418301 0.21375921375921375 0.08006535947712415 0.11302211302211304
0 0.38398692810457513 0.11793611793611794 0.06535947712418305 0.09336609336609336
0 0.6593137254901962 0.4226044226044226 0.1519607843137255 0.22604422604422603
0 0.3276143790849673 0.12039312039312039 0.06372549019607843 0.09828009828009826
0 0.8643790849673203 0.3157248157248157 0.09477124183006536 0.12530712530712534
0 0.4444444444444444 0.10933660933660934 0.08823529411764702 0.13022113022113022
0 0.5220588235294118 0.07002457002457003 0.08006535947712418 0.11056511056511058
0 0.6650326797385622 0.10810810810810811 0.08823529411764708 0.12776412776412777
0 0.44689542483660133 0.3034398034398034 0.14542483660130723 0.2334152334152334
0 0.5678104575163399 0.3402948402948403 0.1029411764705882 0.1547911547911548
0 0.59640522875817 0.05773955773955774 0.09150326797385622 0.11547911547911548
