0 0.440359477124183 0.5735294117647058 0.08006535947712418 0.10784313725490191
0 0.08905228758169935 0.39950980392156865 0.06045751633986929 0.09313725490196079
0 0.4362745098039216 0.7205882352941176 0.08496732026143794 0.12745098039215685
0 0.9395424836601307 0.29901960784313725 0.03921568627450989 0.05392156862745101
0 0.1658496732026144 0.303921568627451 0.037581699346405234 0.05882352941176466
0 0.5972222222222222 0.42034313725490197 0.044117647058823595 0.06617647058823528
0 0.5980392156862745 0.6066176470588235 0.042483660130719025 0.06617647058823528
0 0.03349673202614379 0.40808823529411764 0.044117647058823525 0.06617647058823528
0 0.37745098039215685 0.12745098039215685 0.03594771241830064 0.058823529411764705
0 0.7434640522875817 0.3235294117647059 0.03594771241830064 0.05882352941176472
0 0.36437908496732024 0.23651960784313725 0.03594771241830064 0.05637254901960784
0 0.04003267973856209 0.5098039215686274 0.07026143790849673 0.11274509803921567
0 0.2761437908496732 0.4387254901960784 0.06535947712418302 0.0980392156862745
0 0.6535947712418301 0.3480392156862745 0.045751633986928164 0.06372549019607843
0 0.5498366013071896 0.3590686274509804 0.05065359477124176 0.08088235294117652
0 0.5980392156862745 0.5245098039215687 0.065359477124183 0.08823529411764702
0 0.6870915032679739 0.3088235294117647 0.03758169934640532 0.05882352941176472
0 0.19199346405228757 0.40931372549019607 0.050653594771241844 0.0784313725490196
0 0.6217320261437909 0.6875 0.07679738562091498 0.11519607843137258
0 0.2630718954248366 0.5575980392156863 0.0718954248366013 0.11029411764705888
0 0.8668300653594772 0.7181372549019608 0.07352941176470584 0.11764705882352944
0 0.49183006535947715 0.553921568627451 0.07516339869281047 0.11764705882352944
0 0.7867647058823529 0.4840686274509804 0.08006535947712412 0.10539215686274506
0 0.17320261437908496 0.5526960784313726 0.08496732026143791 0.12990196078431376
