0 0.7769607843137254 0.26715686274509803 0.037581699346405206 0.07843137254901963
0 0.5972222222222222 0.20465686274509803 0.044117647058823595 0.04166666666666666
0 0.7148692810457516 0.3272058823529412 0.10620915032679745 0.14950980392156865
0 0.7303921568627452 0.20220588235294118 0.04901960784313719 0.08088235294117646
0 0.9125816993464052 0.24387254901960784 0.06372549019607843 0.12009803921568624
0 0.6552287581699345 0.20465686274509803 0.0326797385620915 0.04656862745098039
0 0.5808823529411765 0.2916666666666667 0.06699346405228757 0.12745098039215688
0 0.22957516339869283 0.3357843137254902 0.05718954248366015 0.08823529411764702
0 0.45751633986928103 0.4730392156862745 0.09477124183006536 0.1715686274509804
0 0.5996732026143792 0.4227941176470588 0.0980392156862745 0.125
0 0.5351307189542484 0.5465686274509804 0.12254901960784315 0.13725490196078433
0 0.4133986928104575 0.40808823529411764 0.052287581699346386 0.12009803921568629
0 0.4771241830065359 0.3137254901960784 0.065359477124183 0.13235294117647056
0 0.517156862745098 0.25612745098039214 0.03431372549019607 0.05147058823529413
0 0.8374183006535948 0.23161764705882354 0.06372549019607843 0.11519607843137258
0 0.5285947712418301 0.2193627450980392 0.03758169934640532 0.04656862745098039
