0 0.8657407407407407 0.6465277777777778 0.01666666666666672 0.023611111111111138
0 0.8407407407407408 0.6652777777777779 0.012962962962962954 0.019444444444444486
0 0.7625 0.6597222222222222 0.008333333333333415 0.016666666666666607
0 0.7412037037037037 0.6513888888888888 0.012037037037037068 0.022222222222222254
0 0.7291666666666666 0.6784722222222221 0.017592592592592604 0.029166666666666674
0 0.7046296296296296 0.6784722222222221 0.031481481481481444 0.043055555555555514
0 0.6805555555555556 0.6298611111111111 0.011111111111111072 0.01805555555555549
0 0.6361111111111111 0.7076388888888889 0.022222222222222254 0.03472222222222221
0 0.6583333333333334 0.6381944444444445 0.007407407407407418 0.012500000000000067
0 0.6379629629629631 0.6326388888888889 0.007407407407407418 0.009722222222222188
0 0.5333333333333334 0.6263888888888889 0.007407407407407418 0.01388888888888884
0 0.5092592592592593 0.6305555555555555 0.00925925925925919 0.016666666666666607
0 0.47962962962962963 0.6326388888888889 0.0092592592592593 0.012499999999999956
0 0.46574074074074073 0.6138888888888889 0.005555555555555536 0.011111111111111183
0 0.42407407407407405 0.6145833333333333 0.011111111111111127 0.012500000000000067
