0 0.21712962962962962 0.5444444444444445 0.01203703703703704 0.025000000000000022
0 0.14444444444444443 0.5479166666666666 0.014814814814814808 0.02083333333333337
0 0.1388888888888889 0.5131944444444445 0.0111111111111111 0.015277777777777835
0 0.6092592592592592 0.5305555555555556 0.007407407407407418 0.016666666666666607
0 0.625462962962963 0.5222222222222221 0.008333333333333304 0.01666666666666672
0 0.7319444444444445 0.5604166666666667 0.010185185185185186 0.015277777777777724
0 0.9097222222222223 0.5298611111111111 0.025000000000000022 0.03472222222222232
0 0.15555555555555556 0.5055555555555555 0.009259259259259245 0.016666666666666607
0 0.16666666666666666 0.5013888888888889 0.012962962962962954 0.0222222222222222
0 0.2439814814814815 0.54375 0.010185185185185186 0.026388888888888906
0 0.5199074074074074 0.5416666666666667 0.012037037037037068 0.019444444444444486
0 0.5601851851851852 0.5381944444444444 0.005555555555555536 0.012499999999999956
0 0.6509259259259259 0.5326388888888889 0.007407407407407418 0.012499999999999956
