0 0.9222222222222223 0.7395833333333334 0.022222222222222254 0.05972222222222223
0 0.8648148148148148 0.6583333333333334 0.024074074074074137 0.02777777777777779
0 0.8685185185185185 0.7291666666666667 0.01666666666666672 0.0444444444444444
0 0.8319444444444444 0.7013888888888888 0.025000000000000022 0.036111111111111094
0 0.7513888888888889 0.64375 0.017592592592592604 0.026388888888888906
0 0.7185185185185186 0.6388888888888888 0.01666666666666672 0.025000000000000022
0 0.700925925925926 0.6451388888888889 0.01851851851851849 0.026388888888888906
0 0.6805555555555556 0.6347222222222222 0.011111111111111072 0.025000000000000022
0 0.6564814814814814 0.6472222222222221 0.011111111111111183 0.019444444444444486
0 0.6337962962962962 0.6451388888888889 0.010185185185185186 0.02083333333333337
0 0.5833333333333333 0.6180555555555556 0.011111111111111183 0.019444444444444486
0 0.5550925925925926 0.6354166666666667 0.008333333333333304 0.018055555555555602
0 0.4175925925925926 0.6180555555555556 0.011111111111111127 0.019444444444444486
