0 0.36342592592592593 0.6458333333333334 0.04166666666666663 0.05833333333333335
0 0.7259259259259259 0.6986111111111111 0.01851851851851849 0.025000000000000022
0 0.6902777777777778 0.6743055555555555 0.017592592592592604 0.03472222222222221
0 0.40925925925925927 0.6826388888888889 0.011111111111111072 0.02083333333333326
0 0.46018518518518514 0.679861111111111 0.011111111111111127 0.018055555555555602
0 0.4638888888888889 0.6611111111111111 0.005555555555555536 0.01388888888888884
0 0.5402777777777777 0.6770833333333333 0.008333333333333304 0.015277777777777835
0 0.5643518518518518 0.6715277777777777 0.010185185185185186 0.015277777777777835
0 0.9814814814814815 0.6881944444444444 0.029629629629629672 0.043055555555555625
0 0.6199074074074074 0.6493055555555556 0.00462962962962965 0.009722222222222188
0 0.6583333333333333 0.6694444444444445 0.0092592592592593 0.01666666666666672
0 0.6277777777777778 0.6791666666666667 0.007407407407407418 0.011111111111111072
0 0.8222222222222222 0.68125 0.007407407407407418 0.009722222222222188
0 0.8384259259259259 0.6805555555555556 0.008333333333333304 0.01388888888888884
0 0.17731481481481481 0.6618055555555555 0.00462962962962965 0.009722222222222188
0 0.125 0.6625 0.003703703703703709 0.005555555555555536
0 0.549074074074074 0.6736111111111112 0.0037037037037036535 0.008333333333333415
0 0.6717592592592593 0.6715277777777777 0.008333333333333304 0.015277777777777835
