0 0.19907407407407407 0.5249999999999999 0.022222222222222227 0.025000000000000022
0 0.13657407407407407 0.5381944444444444 0.017592592592592604 0.026388888888888906
0 0.027777777777777776 0.5395833333333333 0.018518518518518517 0.03472222222222221
0 0.5717592592592593 0.5243055555555556 0.012037037037036957 0.02083333333333337
0 0.6194444444444445 0.5409722222222222 0.011111111111111072 0.018055555555555602
0 0.6101851851851852 0.5368055555555555 0.011111111111111072 0.012499999999999956
0 0.6430555555555555 0.5354166666666667 0.012037037037036957 0.01805555555555549
0 0.6708333333333334 0.5340277777777778 0.008333333333333415 0.012499999999999956
0 0.6921296296296297 0.5326388888888889 0.008333333333333304 0.012499999999999956
0 0.8287037037037037 0.5576388888888888 0.024074074074074137 0.023611111111111138
0 0.5046296296296295 0.5381944444444444 0.007407407407407418 0.023611111111111138
0 0.5416666666666667 0.54375 0.007407407407407418 0.012500000000000067
