0 0.8953703703703704 0.5638888888888889 0.02777777777777768 0.04444444444444451
0 0.9171296296296296 0.5333333333333334 0.017592592592592604 0.02777777777777779
0 0.5662037037037038 0.5680555555555555 0.01388888888888895 0.02777777777777779
0 0.2467592592592593 0.5680555555555555 0.01574074074074075 0.025000000000000022
0 0.4212962962962963 0.5618055555555556 0.007407407407407418 0.009722222222222188
0 0.38842592592592595 0.5527777777777778 0.00833333333333336 0.01388888888888895
0 0.3648148148148148 0.5645833333333333 0.007407407407407418 0.009722222222222188
0 0.47638888888888886 0.5618055555555556 0.006481481481481477 0.009722222222222188
0 0.4467592592592593 0.5597222222222222 0.006481481481481477 0.008333333333333304
0 0.4361111111111111 0.5597222222222222 0.005555555555555536 0.011111111111111072
0 0.5268518518518519 0.5645833333333333 0.007407407407407418 0.012499999999999956
0 0.31666666666666665 0.5673611111111111 0.005555555555555536 0.009722222222222188
0 0.39861111111111114 0.5659722222222222 0.006481481481481477 0.009722222222222188
0 0.575925925925926 0.5423611111111111 0.011111111111111072 0.015277777777777835
